0.0123503
0.0170387
0.0165779
0.0150647
0.014688
0.0147415
0.0152954
0.0169797
0.0179767
0.0111941
0.00809918
0.00789184
0.00926959
0.00951088
0.0104386
0.0101828
0.00846451
0.00873066
0.00900935
0.0094537
0.00934306
0.00917906
0.0082394
0.00869043
0.00865719
0.00797293
0.00815257
0.00801497
0.00781206
0.00815888
0.00679446
0.00567555
0.00638155
0.00619105
0.00629412
0.00652078
0.00646
0.0069787
0.00659867
0.00678947
0.00688487
0.00675159
0.00665278
0.00705162
0.00645168
0.00643651
0.00673286
0.00647124
0.00633377
0.00666039
0.00638145
0.00694494
0.00685853
0.0067946
0.00687336
0.00685843
0.00639781
0.00669225
0.00696515
0.00679918
0.00672543
0.00699034
0.00698728
0.00679632
0.00726581
0.00700746
0.00671874
0.00689097
0.00730959
0.00721245
0.00684928
0.00712631
0.00681776
0.00724101
0.00703101
0.0070699
0.00719537
0.0069838
0.00736826
0.00721027
0.00727991
0.00712925
0.00731843
0.00708647
0.0070446
0.0072432
0.00754273
0.00704517
0.00689336
0.00745241
0.00723681
0.0073045
0.00757945
0.00744973
0.0073834
0.0074784
0.00765938
0.00768953
0.00764029
0.00746057
0.00773588
0.0072634
0.00744379
0.00739074
0.00739524
0.00755503
0.00781126
0.0075157
0.00719112
0.00786503
0.00763166
0.00756748
0.00737175
0.00749426
0.00759858
0.00769498
0.00768464
0.00749608
0.00786639
0.00768405
0.0077581
0.00727719
0.0075266
0.00735726
0.00749602
0.00787829
0.0077266
0.00738625
0.00779422
0.00791018
0.00751196
0.00740886
0.00765156
0.00746681
0.00756867
0.00786242
0.00804617
0.00729355
0.00748499
0.00797379
0.00788778
0.00777159
0.00787042
0.00785253
0.0078679
0.00779851
0.00715252
0.00802174
0.00809666
0.0075822
0.00777904
0.00760618
0.00823615
0.00748388
0.00773566
0.00779751
0.00784871
0.00776257
0.00784741
0.00784838
0.00757366
0.0077771
0.00784722
0.00782661
0.00781642
0.00753745
0.00785917
0.0074295
0.00792411
0.00757798
0.00787965
0.00792575
0.007634
0.00774133
0.0083065
0.00792067
0.00762098
0.00779378
0.00768431
0.00807803
0.00803732
0.00779802
0.00783333
0.00787519
0.00781446
0.0080299
0.00784198
0.00852771
0.00790989
0.00775655
0.00780564
0.00797408
0.00797326
0.00816011
0.00796448
0.00788888
0.00841718
0.00782655
0.00814355
0.00813386
