1.48724
1.47588
1.47152
1.50997
1.51172
1.52032
1.51111
1.47882
1.51926
1.4813
1.48435
1.5075
1.49232
1.49592
1.51212
1.49755
1.50153
1.51162
1.48362
1.48165
1.51605
1.46076
1.49562
1.48595
1.5161
1.46723
1.47192
1.46491
1.46389
1.47587
1.5126
1.52518
1.47443
1.46988
1.46247
1.49011
1.48285
1.48068
1.50527
1.50726
1.48223
1.45925
1.48615
1.50647
1.47943
1.48074
1.48381
1.45883
1.48089
1.48848
1.47181
1.49742
1.46412
1.47658
1.46252
1.47964
1.47503
1.45926
1.47245
1.47679
1.46682
1.46405
1.47798
1.47535
1.4822
1.49252
1.46779
1.46334
1.47411
1.47843
1.43657
1.44607
1.47277
1.48961
1.48118
1.48354
1.45201
1.48711
1.4748
1.45424
1.45283
1.41799
1.42356
1.45873
1.47137
1.46628
1.4472
1.47425
1.47341
1.46253
1.4654
1.4792
1.45665
1.45436
1.47386
1.46939
1.42728
1.44571
1.45547
1.45165
1.47148
1.46395
1.47405
1.43392
1.44663
1.42208
1.44469
1.42264
1.43502
1.45122
1.42166
1.42043
1.43925
1.41427
1.46035
1.4509
1.44696
1.34801
1.43082
1.42274
1.4448
1.44102
1.45606
1.43772
1.43218
1.44158
1.46682
1.45949
1.43578
1.43375
1.43195
1.43632
1.41303
1.42612
1.43806
1.46197
1.41952
1.39912
1.46759
1.44984
1.46601
1.423
1.43744
1.45191
1.44329
1.40568
1.41525
1.43907
1.44719
1.43461
1.45648
1.39336
1.40485
1.43644
1.45754
1.46422
1.44884
1.43837
1.409
1.46856
1.45278
1.38086
1.45765
1.35252
1.40887
1.4263
1.41461
1.44638
1.41564
1.44275
1.44073
1.36243
1.37717
1.4198
1.46076
1.4401
1.48178
1.39717
1.47086
1.44135
1.42019
1.43049
1.3665
1.40488
1.44164
1.43197
1.4005
1.41148
1.37397
1.37484
1.3587
1.40942
1.40784
1.47147
1.37688
1.43526
1.46367
1.41087
1.42275
1.4399
