0.100167
0.0536268
0.0524548
0.0501548
0.0498573
0.0497711
0.057452
0.0616143
0.0662095
0.0633517
0.061827
0.0604209
0.0597801
0.0586577
0.0559041
0.0567178
0.0547858
0.0534548
0.0540093
0.0525287
0.0508245
0.0503015
0.0484808
0.0481449
0.0478129
0.0474317
0.0467001
0.0457796
0.0446253
0.0441399
0.0436071
0.0432835
0.0378039
0.00329169
0.0033984
0.00336227
0.00343082
0.0033084
0.00323791
0.00328242
0.00338552
0.0033835
0.00330879
0.00323754
0.00332191
0.00323791
0.0032841
0.00337405
0.00341222
0.00326516
0.00320159
0.00546961
0.00304504
0.00298486
0.0120979
0.00510866
0.00509369
0.00726154
0.00737508
0.00257354
0.00253336
0.00490758
0.00480336
0.00475767
0.0023627
0.00948135
0.00473243
0.00704307
0.00687064
0.00925425
0.00466974
0.00695636
0.00450151
0.00221939
0.00215326
0.00688865
0.00445145
0.00671945
0.00661232
0.00442729
0.00442482
0.0113231
0.0154445
0.00848543
0.004149
0.0226263
0.0200732
0.0109738
0.0203504
0.0270959
0.0202846
0.0132932
0.02063
0.0181194
0.0182418
0.0250274
0.0362249
0.0295838
0.0317827
0.025095
