207.693
221.028
213.342
223.217
227.672
230.872
214.465
205.785
206.547
202.449
200.984
197.364
192.66
195.112
196.857
195.064
193.57
187.345
191.424
184.85
185.009
187.541
183.816
184.482
183.021
188.928
180.546
181.029
181.677
185.634
178.159
183.701
180.034
173.223
175.571
177.353
173.971
175.874
175.884
176.765
179.388
175.525
176.458
169.393
173.406
173.671
168.241
166.265
172.405
173.519
174.043
166.226
181.05
172.907
172.675
176.346
177.537
179.47
172.124
177.395
182.056
182.956
179.715
183.049
180.961
178.795
180.593
173.178
176.829
174.201
174.252
169.241
170.116
170.238
164.838
166.764
160.752
163.074
166.307
156.673
160.112
161.052
155.331
157.856
156.07
154.143
152.781
155.791
164.796
179.409
175.912
171.388
163.851
160.717
158.406
155.49
149.684
155.025
148.64
148.848
147.418
148.088
148.599
142.611
141.009
142.864
143.03
140.458
134.552
138.258
137.189
135.295
130.83
136.825
134.699
134.749
130.81
134.329
132.959
128.309
129.528
128.77
125.414
124.822
125.25
122.386
124.409
120.551
118.637
121.295
120.382
118.588
119.346
119.44
118.425
114.678
116.172
115.604
114.548
115.085
113.62
114.044
111.76
113.647
110.305
112.576
109.978
111.478
109.03
107.512
107.739
106.785
106.385
102.748
106.671
106.277
107.927
107.854
105.107
103.786
102.738
103.438
104.033
101.842
101.459
99.6586
98.8305
98.3984
99.7025
97.6071
100.997
97.63
98.7351
96.8735
95.6174
94.5783
96.0144
95.2632
93.2463
96.548
94.5974
91.5451
90.9229
94.6077
93.2354
94.8703
91.9039
88.9848
91.1693
90.95
91.0817
91.789
90.1628
89.7188
89.1817
88.2693
88.5442
89.1769
87.7647
87.9419
