0.0719027
0.0696027
0.0679385
0.0646218
0.0604206
0.0611889
0.0598183
0.0581236
0.0595511
0.0663352
0.0673384
0.0746053
0.0835807
0.0827839
0.0796894
0.0820495
0.0787679
0.0812855
0.0805045
0.0784332
0.0784574
0.0807392
0.0820621
0.0794574
0.0834623
0.0782076
0.0811021
0.0795924
0.082492
0.0815193
0.0786584
0.0787601
0.0778191
0.0781338
0.0787084
0.0219797
0.00330186
0.00328363
0.00306575
0.0031494
0.00299922
0.00308005
0.00228041
0.00241784
0.0026657
0.00274446
0.00248521
0.00268755
0.002538
0.00256754
0.00276083
0.00288839
0.00273954
0.00268916
0.00264188
0.00272876
0.00281769
0.00291441
0.00255554
0.00263496
0.00273301
0.00274407
0.00268935
0.0026783
0.00260974
0.00263552
0.00264585
0.00266247
0.00273254
0.00267323
0.00268969
0.00271838
0.00282326
0.00275337
0.00284411
0.0027585
0.00284939
0.00286398
0.00289045
0.00264063
0.0027972
0.00268295
0.00294418
0.00297326
0.00292742
0.00301693
0.00273065
0.00305214
0.00301876
0.00295182
0.00279519
0.00291948
0.00276754
0.00283658
0.00289153
0.00289967
0.00273415
0.00287746
0.00273776
0.00295394
0.00277536
0.00284381
0.0028376
0.00285899
0.00298122
0.00278799
0.00280335
0.00288366
0.00292273
0.00284292
0.00290323
0.00298271
0.0029793
0.00290567
0.00294686
0.00289313
0.00291591
0.00291954
0.0028386
0.00284097
0.00303438
0.00278808
0.00287784
0.00300974
0.00295057
0.00290658
0.00283274
0.00293488
0.00296327
0.00275708
0.00286379
0.00289463
0.00287574
0.00293247
0.0028946
0.00292159
0.00291957
0.00272188
0.00289201
0.00289235
0.00294121
0.00283591
0.00298104
0.00278623
0.00280539
0.00292385
0.00265151
0.00298792
0.00269651
0.002922
0.00280999
0.00292427
0.00283451
0.00291113
0.00297101
0.00283347
0.00296632
0.00279948
0.002889
0.00275624
0.00285749
0.00266325
0.00271327
0.0028865
0.00266967
0.00272408
0.00263299
0.00266098
0.00265131
0.0026173
0.0025314
0.00258638
0.00256041
0.00253288
0.00240433
0.00256205
0.00242578
0.00241135
0.00250227
0.00260849
0.0024466
0.00238873
0.00231602
0.00243315
0.00237101
0.00229779
0.00246034
0.00237143
0.00234289
0.00233312
0.00244703
0.00233886
0.00242438
0.00238909
0.00240998
0.00247827
0.00248622
0.00246786
0.00235798
0.00238236
