1.02727
1.04378
1.02621
1.0444
1.0404
1.05647
1.04226
1.02506
1.04431
1.04794
1.04922
1.02794
1.02185
1.02666
1.05158
1.02548
1.11321
1.29189
1.04012
1.04664
1.1783
1.18217
1.05033
1.16547
1.05283
1.04437
1.12121
1.20681
1.08587
1.2654
1.15675
1.10635
1.22735
1.08043
1.33624
1.07802
1.38492
1.19352
1.2836
1.28506
1.24871
1.11891
1.31812
1.16647
1.25824
1.10743
1.15837
1.20125
1.26485
1.19512
1.27519
1.25772
1.20548
1.28627
1.2541
1.20916
1.12561
1.2888
1.15238
1.32035
1.3497
1.33776
1.27583
1.22082
1.27586
1.26155
1.30161
1.31981
1.33068
1.33897
1.30403
1.27369
1.30622
1.24489
1.26236
1.24125
1.27461
1.22051
1.26821
1.28355
1.28806
1.25909
1.23177
1.16954
1.21775
1.30336
1.31812
1.19233
1.27355
1.28011
1.34728
1.28571
1.21366
1.37719
1.30272
1.29299
1.34131
1.33455
1.26706
1.26739
1.24651
1.27966
1.28931
1.25668
1.2318
1.2136
1.37448
1.20185
1.23603
1.30092
1.30344
1.2487
1.30402
1.20871
1.30469
1.31192
1.33621
1.34104
1.34212
1.23981
1.1937
1.30338
1.29023
1.2486
1.29218
1.25136
1.24805
1.25347
1.19848
1.29485
1.3017
1.25512
1.28341
1.2224
1.2175
1.3092
1.27056
1.26178
1.23681
1.19689
1.19982
1.31925
1.3144
1.38222
1.37364
1.32462
1.29418
1.33954
1.24012
1.30237
1.32271
1.30077
1.33038
1.31599
1.24941
1.25468
1.20544
1.35098
1.29001
1.32839
1.3105
1.16016
1.23742
1.35388
1.3119
1.24959
1.17635
1.21765
1.25824
1.34955
1.37212
1.25756
1.2631
1.36003
1.17525
1.30768
1.2878
1.36311
1.37091
1.33098
1.2563
1.33112
1.25825
1.41478
1.3329
1.33947
1.3408
1.34345
1.34268
1.29715
1.24468
1.35016
1.35333
1.38436
1.31032
1.31165
1.34242
1.34428
1.34195
1.3366
