0.0381189
0.00677717
0.00883089
0.0101176
0.0106096
0.0109608
0.0106706
0.0108923
0.00762077
0.00576211
0.0061788
0.00408891
0.00336432
0.00442811
0.00415636
0.00431162
0.00481956
0.00440036
0.00404761
0.00399555
0.0039516
0.00351465
0.00351927
0.00336486
0.00340044
0.00330238
0.00322124
0.00296731
0.00320297
0.00320363
0.00304862
0.0028837
0.00269592
0.00281859
0.00291654
0.00288383
0.00296156
0.00290326
0.0031002
0.00287414
0.00321743
0.00307226
0.00338944
0.00320796
0.00329785
0.0031378
0.00321777
0.00333653
0.00314675
0.0030966
0.00301301
0.0028912
0.00300052
0.00311173
0.00302358
0.00326649
0.00308598
0.00302024
0.00302798
0.00317488
0.00327262
0.00313448
0.00294763
0.00301928
0.00306665
0.00294958
0.00308248
0.00308919
0.00324949
0.00295162
0.00316733
0.00307198
0.00330925
0.00309958
0.00297683
0.00309315
0.00288075
0.00314579
0.00320859
0.00278091
0.00299068
0.00297086
0.00273896
0.00298668
0.00301152
0.00300636
0.00295194
0.0029869
0.00308838
0.00300238
0.00304367
0.00308697
0.00301123
0.00306401
0.00296099
0.00314056
0.00298454
0.00305772
0.00312881
0.00298699
0.00305633
0.00306477
0.0031071
0.00300836
0.00314056
0.00322608
0.00310646
0.00293652
0.0030637
0.00323574
0.00300128
0.00305464
0.00302463
0.00300162
0.0030073
0.00304057
0.00299306
0.00308768
0.00294206
0.00313776
0.00292626
0.00282656
0.00297618
0.00303642
0.0031601
0.00300875
0.0029467
0.00296925
0.00299739
0.00293032
0.00300154
0.00312222
0.00306167
0.00302616
0.00298498
0.00284574
0.00290188
0.00290355
0.00296538
0.00298505
0.00305339
0.002938
0.00301105
0.00308971
0.00302211
0.00296251
0.00297624
0.00289608
0.00291597
0.00295915
0.00302078
0.0029293
0.00293758
0.00292069
0.00299819
0.00288665
0.00298158
0.00291517
0.00280774
0.00296531
0.00285669
0.00288946
0.00287332
0.0028511
0.00300312
0.00292511
0.0028583
0.00281764
0.00294277
0.00284649
0.00288203
0.00298997
0.00287596
0.00281543
0.00289599
0.00279978
0.00289431
0.00288848
0.00288856
0.00278568
0.00278609
0.00298204
0.00300857
0.00283777
0.00293533
0.00285856
0.00289822
0.00299943
0.00280256
0.00281402
0.00290021
0.00281234
0.00285117
0.00278414
0.00280904
0.00276536
0.00280881
0.00284341
0.00286948
0.0028186
