1.06133
1.03615
1.05225
1.06271
1.05195
1.08477
1.08336
1.08537
1.05109
1.10596
1.05198
1.07231
1.08538
1.10463
1.05109
1.08396
1.0864
1.12315
1.11215
1.06581
1.06075
1.11077
1.1171
1.10442
1.10793
1.13254
1.15432
1.11238
1.12533
1.10495
1.08331
1.10735
1.08913
1.08156
1.11338
1.15358
1.09849
1.11427
1.07142
1.12606
1.10754
1.17388
1.10967
1.11927
1.09362
1.13743
1.13558
1.12728
1.16718
1.17141
1.12329
1.07713
1.12245
1.1714
1.15652
1.14036
1.11341
1.15332
1.13411
1.12725
1.18874
1.14179
1.12388
1.15769
1.16948
1.13187
1.13668
1.18771
1.12475
1.13948
1.16397
1.13164
1.14265
1.16118
1.13011
1.13995
1.16468
1.23162
1.14647
1.21472
1.1336
1.20878
1.18852
1.2139
1.18574
1.12505
1.17141
1.1411
1.16938
1.15355
1.14017
1.18756
1.14818
1.18613
1.13158
1.15269
1.17396
1.1617
1.16692
1.15353
1.18159
1.18596
1.1502
1.14607
1.20407
1.24062
1.29804
1.27005
1.25072
1.17149
1.21694
1.24923
1.16087
1.2402
1.1629
1.1768
1.17917
1.20156
1.22784
1.18463
1.23695
1.18703
1.18366
1.1742
1.18549
1.2118
1.27019
1.24609
1.18108
1.28117
1.23616
1.14818
1.28289
1.16712
1.18736
1.2404
1.23594
1.29777
1.1631
1.14459
1.18581
1.14519
1.13179
1.21857
1.23036
1.14628
1.27832
1.23701
1.29836
1.21337
1.18551
1.18725
1.23713
1.18739
1.17163
1.28021
1.29261
1.23741
1.282
1.29261
1.23253
1.23607
1.23215
1.27171
1.28106
1.29537
1.28217
1.2794
1.29403
1.22963
1.29537
1.25594
1.2828
1.29538
1.24609
1.17755
1.28289
1.29403
1.28067
1.2576
1.24163
1.24645
1.29733
1.30163
1.28678
1.29892
1.23601
1.24363
1.28379
1.23666
1.16154
1.21846
1.29665
1.29906
1.28691
1.29111
1.1846
1.27157
1.28419
1.27916
