0.0220465
 0.044126
0.0662701
0.0885077
 0.110864
 0.133358
 0.156005
 0.178808
 0.201767
 0.224869
 0.248095
 0.271415
  0.29479
 0.318175
 0.341517
 0.364759
  0.38784
 0.410698
 0.433272
 0.455504
 0.477339
  0.49873
 0.519634
 0.540018
 0.559852
 0.579119
 0.597805
 0.615905
 0.633419
 0.650352
 0.666714
  0.68252
 0.697785
  0.71253
 0.726775
 0.740541
 0.753853
 0.766734
 0.779207
 0.791295
 0.803021
 0.814409
  0.82548
 0.836255
 0.846754
 0.856999
 0.867008
   0.8768
 0.886392
 0.895802
 0.905045
 0.914139
 0.923098
 0.931937
 0.940671
 0.949313
 0.957878
 0.966379
 0.974829
  0.98324
 0.991626
