12.3542
12.2481
12.7635
12.7321
12.3359
12.748
12.3007
12.6099
12.6578
12.2848
12.7146
12.6862
12.3207
12.6039
12.4636
12.7806
12.3652
12.3694
12.5595
12.1772
12.3562
12.339
12.4976
12.7198
12.228
12.3939
12.706
12.5848
12.6494
12.5754
12.1715
12.6777
12.2323
12.3008
12.3375
12.6382
12.1816
12.239
12.3651
12.33
12.229
12.2816
11.9841
12.4723
12.2566
12.1737
12.1723
12.2137
12.0091
12.2614
12.099
12.0292
12.1728
12.0716
12.2246
12.0564
12.3408
12.1973
12.0765
12.0145
12.3967
12.3068
11.8851
12.2213
11.9381
12.0802
12.1121
12.1916
12.1739
12.0693
12.0207
12.1423
12.1928
12.0974
12.024
12.0644
11.684
11.8692
12.047
12.1214
11.9608
12.3479
12.2763
12.1088
12.0204
11.9375
11.7825
12.2011
12.1388
12.0248
12.1934
11.9749
11.9113
11.8525
12.0629
12.1172
12.0405
11.435
11.898
12.0461
12.191
12.162
11.8047
12.1653
11.9493
11.7264
12.1798
11.7156
11.7067
12.0614
11.8215
11.8797
11.6317
12.2313
11.6293
11.7109
11.4017
11.2556
11.7271
12.2481
11.5024
12.0821
11.2941
11.9114
11.9976
11.9125
11.9868
11.7429
11.966
11.8582
12.179
11.3482
11.763
12.105
11.6517
12.002
12.1343
11.8359
11.9936
11.8972
11.986
11.7721
11.8404
12.0487
11.6511
11.7739
12.0817
11.0765
11.5277
11.7421
11.9794
11.7271
11.3185
11.388
12.0863
12.2783
11.9587
11.1798
11.8613
11.8339
12.0039
12.203
11.6054
11.5785
11.7948
11.2017
11.9459
11.9857
11.733
11.4403
12.2074
12.0081
11.8842
11.3491
11.1529
12.1804
11.2848
11.6941
11.6798
11.5545
12.0784
11.8967
11.9226
11.9924
11.8059
12.0312
12.0344
11.9498
11.6329
12.1941
11.5295
11.7253
12.007
12.0483
11.7
11.5208
11.4039
12.2874
12.0165
11.7772
