13.8496
14.6276
11.4109
10.6505
14.0897
12.8638
14.08
10.2058
11.9116
13.2726
12.8745
10.5742
9.8336
10.4955
10.7597
13.203
11.0253
12.562
11.0074
13.9424
10.7796
14.2979
11.7618
10.8091
12.0178
12.8616
9.89236
10.4568
11.4107
10.6553
9.88538
14.9764
12.3678
10.2155
16.7944
10.4662
12.6361
10.5879
10.6762
10.1146
13.4786
10.6727
11.1797
11.9889
10.7058
10.8932
12.9873
11.8531
10.7327
12.607
11.175
11.6242
14.6126
10.7334
11.883
10.6903
11.4891
10.8669
10.9882
11.1711
10.7178
10.6916
11.7295
10.7062
10.7317
10.7362
10.7676
10.7148
10.7539
10.7817
10.7084
10.7148
10.7093
10.6911
11.0344
11.5567
10.7671
10.7155
10.7269
10.7935
10.732
10.9772
13.8819
10.7724
10.7437
10.7117
10.741
10.7495
10.7146
10.756
10.7254
10.8825
11.1607
11.8652
10.7526
10.7185
11.0182
10.7252
10.7264
10.8858
