17.3118
16.7195
17.1807
18.2739
15.5479
17.335
18.2257
15.9037
17.9972
17.5852
16.5407
19.1439
17.0544
15.4053
16.4558
17.9639
17.7026
14.758
16.365
17.1112
18.8514
16.1817
16.847
16.38
16.9907
17.3981
17.7472
18.938
17.9706
17.091
18.2838
17.5093
16.6485
18.2685
17.5421
18.0448
18.4667
17.2131
16.5208
17.2456
16.8712
18.1408
18.1913
17.6528
17.4748
17.3429
17.6756
19.8945
16.7917
18.96
18.2187
18.5455
17.5319
17.4989
17.5952
17.7523
18.0393
18.2035
18.1409
17.8377
17.5532
18.5831
17.902
18.3888
17.765
18.2061
19.1618
17.9621
17.6933
17.4755
17.7069
18.2599
18.441
18.3873
18.5955
18.3005
17.8704
18.0122
18.0015
18.246
18.0367
17.6422
18.3647
17.8511
18.2444
17.5503
18.5011
18.5309
18.7559
17.9762
17.8881
18.5129
18.3612
18.1239
17.7403
18.0091
18.2642
18.4159
18.2273
18.5503
