2.61966
2.44479
2.62585
2.63241
2.48678
2.626
2.6331
2.45885
2.4469
2.36167
2.63207
2.43955
2.62578
2.63455
2.47824
2.6414
2.4371
2.45431
2.62377
2.43905
2.45167
2.45247
2.62723
2.40849
2.6292
2.40044
2.43936
2.43094
2.61992
2.36683
2.3647
2.42909
2.45017
2.48238
2.36856
2.41821
2.42392
2.3431
2.3706
2.43371
2.46286
2.34876
2.43489
2.42942
2.32437
2.35452
2.29528
2.35411
2.34457
2.23146
2.37893
2.31105
2.4406
2.37083
2.42774
2.41323
2.37119
2.41833
2.27395
2.43016
2.33795
2.35888
2.35484
2.39969
2.35272
2.33241
2.32213
2.29865
2.45734
2.29858
2.39224
2.35447
2.3077
2.31691
2.3223
2.42624
2.32849
2.35363
2.32157
2.34009
2.31181
2.30752
2.29002
2.3804
2.34358
2.30422
2.35597
2.29031
2.38145
2.32778
2.18456
2.25276
2.31739
2.37025
2.29286
2.32296
2.33485
2.28442
2.35026
2.40699
2.30869
2.27998
2.28146
2.25818
2.35476
2.21257
2.20747
2.25865
2.43853
2.22533
2.24936
2.31663
2.09502
2.25549
2.28757
2.29408
2.36467
2.1982
2.27199
2.28696
2.51191
2.26637
2.25542
2.30785
2.23108
2.22556
2.26763
2.34888
2.28914
2.25959
2.32226
2.29117
2.32616
2.24083
2.24223
2.25406
2.2828
2.19958
2.24789
2.2865
2.29771
2.26518
2.29831
2.18271
2.23134
2.25915
2.24219
2.29529
2.19007
2.29579
2.33649
2.34716
2.22949
2.27267
2.28028
2.35291
2.20891
2.17579
2.2219
2.11826
2.30927
2.24223
2.31223
2.23491
2.16735
2.28897
2.22414
2.18326
2.299
2.19312
2.26328
2.18687
2.26111
2.25646
2.25135
2.1675
2.227
2.11566
2.25644
2.19155
2.28713
2.14792
2.18734
2.20658
2.16394
2.17704
2.20078
2.20011
2.13752
2.19971
2.22311
2.18872
2.1906
2.13046
2.2892
2.17086
2.26894
2.25608
2.09929
2.22444
