1.31867
1.08963
0.210003
0.213603
0.213065
0.216991
0.204947
0.196486
0.205865
0.188186
0.189103
0.193163
0.191737
0.187681
0.196255
0.184624
0.195358
0.198329
0.195261
0.19476
0.206312
0.199184
0.19939
0.204727
0.206876
0.218129
0.221935
0.218466
0.218578
0.22649
0.222068
0.223937
0.235165
0.229679
0.230643
0.233647
0.23583
0.237262
0.237537
0.234649
0.226964
0.233062
0.238794
0.231208
0.223727
0.224895
0.235904
0.235671
0.236867
0.23632
0.241186
0.236593
0.235489
0.23593
0.245015
0.246453
0.243707
0.25042
0.243896
0.244596
0.246167
0.252066
0.245665
0.260086
0.250233
0.250777
0.249676
0.248232
0.247832
0.249673
0.239028
0.249708
0.242879
0.244066
0.243516
0.239541
0.236352
0.234143
0.237875
0.23504
0.233876
0.23345
0.225148
0.223789
0.229962
0.228719
0.220455
0.224568
0.21936
0.21538
0.212993
0.20716
0.216052
0.213229
0.208861
0.209731
0.210322
0.210431
0.209227
0.2068
