0.0085204
0.0170589
0.0256336
0.0342627
0.0429646
0.0517578
 0.060661
0.0696934
 0.078874
0.0882224
0.0977584
 0.107502
 0.117473
 0.127692
 0.138179
 0.148954
 0.160037
 0.171448
 0.183204
 0.195324
 0.207824
 0.220718
  0.23402
  0.24774
 0.261887
 0.276465
 0.291476
 0.306919
 0.322789
 0.339077
  0.35577
 0.372854
 0.390308
 0.408111
 0.426237
 0.444659
 0.463347
 0.482271
   0.5014
 0.520701
 0.540144
 0.559697
  0.57933
 0.599016
 0.618728
 0.638442
 0.658136
 0.677791
 0.697391
 0.716922
 0.736373
 0.755738
 0.775009
 0.794185
 0.813265
  0.83225
 0.851145
 0.869956
 0.888688
 0.907351
 0.925955
  0.94451
 0.963027
  0.98152
