1.63475
1.76879
1.69863
1.66109
1.71807
1.68576
1.77295
1.77226
1.70816
1.61904
1.5858
1.48277
1.41376
1.45064
1.32164
1.32007
1.23342
1.23263
1.17044
1.14254
1.03582
1.00734
0.994806
0.952219
0.904871
0.904362
0.862782
0.853839
0.838761
0.812219
0.805268
0.786492
0.753447
0.723285
0.659525
0.687724
0.69958
0.660105
0.626284
0.652042
0.633406
0.607732
0.594287
0.568572
0.530251
0.563203
0.548019
0.536464
0.516559
0.49708
0.49259
0.485129
0.447501
0.404228
0.355599
0.333014
0.30502
0.262162
0.238651
0.214802
0.19927
0.189316
0.174233
0.154619
0.137508
0.131967
0.12131
0.112441
0.11801
0.0989214
0.0951459
0.0894366
0.0822026
0.0794493
0.0803872
0.0752865
0.0711663
0.0707717
0.0679456
0.0695024
0.0642358
0.0623012
0.0615921
0.0634621
0.061292
0.0587096
0.060839
0.0600562
0.0609895
0.0588378
0.0587547
0.0584691
0.0577766
0.05633
0.0573793
0.0572373
0.0562895
0.0558887
0.0566502
0.0555124
