4.32742
1.7578
0.560458
0.566521
0.545749
0.537356
0.563613
0.525323
0.539014
0.512858
0.514062
0.510001
0.4738
0.458543
0.450013
0.438884
0.447348
0.434947
0.427753
0.418202
0.442002
0.456898
0.453034
0.446451
0.440768
0.436671
0.437187
0.469996
0.447801
0.469853
0.468226
0.455444
0.474479
0.480189
0.46068
0.48084
0.481142
0.488494
0.481947
0.472146
0.491047
0.484786
0.468343
0.464509
0.490262
0.478488
0.486078
0.491846
0.506733
0.559544
0.48321
0.489002
0.495279
0.499491
0.508648
0.482204
0.498055
0.492899
0.491061
0.482496
0.486257
0.474944
0.482247
0.488381
0.459851
0.472153
0.488097
0.483946
0.488757
0.492806
0.495116
0.494628
0.49417
0.468223
0.496893
0.478702
0.490351
0.484608
0.471268
0.483469
0.474983
0.485408
0.479655
0.473537
0.481932
0.482417
0.472998
0.480575
0.475661
0.469532
0.462084
0.467172
0.458686
0.469488
0.45624
0.454789
0.448802
0.444724
0.444781
0.440015
