0.829829
0.385629
0.384602
0.396131
0.406748
0.411062
0.411393
0.386463
0.40683
0.385412
0.376447
0.376271
0.374575
0.356963
0.35638
0.349493
0.350006
0.335987
0.351435
0.325986
0.316009
0.321567
0.328987
0.333296
0.331064
0.314459
0.317659
0.317713
0.332237
0.330415
0.328998
0.333185
0.336284
0.333857
0.330747
0.334335
0.335837
0.34011
0.342838
7.22124
0.70761
0.419221
0.393772
0.37793
0.367741
0.380693
0.36992
0.377079
0.379868
0.362214
0.372459
0.367945
0.384411
0.373755
0.383926
0.378581
0.387357
0.370723
0.376182
0.380242
0.368338
0.375933
0.384323
0.372926
0.371941
0.379711
0.383794
0.399772
0.376268
0.393993
0.387076
0.396638
0.393909
0.393842
0.389949
0.394934
0.404667
0.39206
0.397929
0.391307
0.40092
0.392905
0.393503
0.386907
0.38839
0.39498
0.388719
0.387076
0.395677
0.38503
0.394688
0.386437
0.395527
0.386816
0.391872
0.393901
0.395693
0.392284
0.389023
0.386061
