1.35287
1.33981
1.353
1.33877
1.34961
1.18912
1.35372
1.36039
1.22501
1.35722
1.24054
1.25103
1.32039
1.31996
1.41008
1.26347
1.29375
1.368
1.35617
1.34627
1.27984
1.19182
1.37198
1.30726
1.21679
1.30102
1.39556
1.39699
1.29544
1.40839
1.37774
1.40202
1.3663
1.35714
1.41004
1.29499
1.39053
1.42318
1.35059
1.40101
1.39936
1.4022
1.36642
1.40151
1.33567
1.39068
1.41648
1.33056
1.41381
1.41422
1.39679
1.40607
1.40963
1.41181
1.41657
1.39468
1.40508
1.40551
1.40872
1.41484
1.40861
1.40151
1.41044
1.44797
1.39203
1.41005
1.42919
1.40778
1.37305
1.45195
1.39313
1.41865
1.37162
1.41169
1.43618
1.41988
1.39565
1.40413
1.40586
1.40649
1.42069
1.40878
1.40081
1.38205
1.38968
1.42998
1.41888
1.39954
1.36538
1.39481
1.4142
1.41802
1.43906
1.3903
1.41374
1.41261
1.37677
1.41102
1.45227
1.44479
1.43289
1.41439
1.3942
1.42404
1.41898
1.41344
1.39957
1.34699
1.34822
1.36392
1.36163
1.40174
1.37963
1.42774
1.40627
1.44191
1.4042
1.41576
1.44327
1.40391
1.43079
1.39223
1.41175
1.34993
1.41111
1.34826
1.41381
1.41937
1.39725
1.3654
1.42921
1.40308
1.41183
1.40133
1.40524
1.42546
1.39605
1.40189
1.44525
1.41459
1.40799
1.39128
1.41762
1.41513
1.35822
1.42503
1.38254
1.34994
1.39991
1.41868
1.40216
1.38653
1.40718
1.43085
1.40576
1.42308
1.43125
1.3519
1.42126
1.40113
1.43271
1.37908
1.4282
1.39664
1.34401
1.40166
1.40128
1.39548
1.43368
1.41431
1.38715
1.41108
1.41052
1.42827
1.39748
1.3422
1.38563
1.4299
1.34793
1.32263
1.34399
1.40457
1.41447
1.42648
1.41369
1.4282
1.43693
1.44239
1.38857
1.41634
1.42848
1.42023
1.41176
1.41571
1.4325
1.41061
1.42236
1.40911
1.42117
1.3821
