0.113036
0.138969
0.144722
0.128534
0.12646
0.129562
0.155112
0.172703
0.154572
0.182241
0.184104
0.167625
0.0684103
0.0697794
0.0682019
0.0674299
0.0657085
0.0682132
0.0668866
0.0680122
0.0651649
0.06663
0.0641357
0.0626633
0.0646581
0.0636256
0.0639179
0.0637943
0.0628879
0.0633619
0.0634947
0.0628173
0.0626701
0.0732228
0.0943916
0.0885684
0.0839922
0.0834322
0.0807572
0.0804118
0.0814795
0.0804573
0.078996
0.0794296
0.0793671
0.0799253
0.0792858
0.0760442
0.0766216
0.0764938
0.0779356
0.0753837
0.0741959
0.0743704
0.0745091
0.0729942
0.0735092
0.0717722
0.0712852
0.0712369
0.0707082
0.0709402
0.0485698
0.00957644
0.00975505
0.0108241
0.011165
0.0114129
0.0106732
0.00937752
0.00756398
0.00534992
0.00472796
0.00491047
0.00485809
0.00512306
0.00470703
0.0047318
0.00461516
0.00440643
0.00456787
0.0043207
0.00421351
0.00387724
0.00376461
0.00364867
0.00377892
0.00354342
0.0039434
0.00385166
0.00386782
0.00382645
0.00394491
0.00384227
0.00383363
0.00389724
0.00384567
0.0038161
0.00374836
0.00394163
0.00388653
0.00398032
0.00385704
0.00382249
0.00385669
0.00395252
0.00389455
0.0038101
0.00403125
0.0037541
0.00384756
0.00388073
0.0036007
0.00386813
0.00389592
0.00376239
0.00375293
0.00384467
0.00391366
0.00371415
0.0036535
0.00372929
0.00376373
0.00386074
0.00368129
0.00380691
0.00387341
0.00391278
0.0037632
0.00362817
0.0037337
0.00367049
0.00376968
0.0036281
0.00356214
0.0035166
0.00378022
0.00354243
0.00366018
0.00353778
0.00367056
0.00352939
0.00372684
0.00373084
0.00348986
0.00374703
0.00351589
0.00344545
0.0035846
0.00353907
0.00343695
0.00349585
0.00353787
0.00348763
0.00346571
0.00347871
0.00350221
0.00351576
0.00350545
0.00363229
0.00355592
0.003525
0.00350416
0.00346079
0.00347211
0.0033844
0.00352578
0.0033679
0.00348338
0.00357796
0.00345115
0.00347283
0.00347996
0.0033106
0.00334237
0.00334193
0.00335858
0.00316333
0.0033116
0.00345675
0.00329979
0.00320865
0.00325425
0.00322312
0.00323632
0.00324223
0.00332655
0.00309269
0.00317825
0.00318396
0.0032665
0.00304131
0.00322572
0.00310287
0.00319155
0.00326192
0.00328917
0.00315081
0.0030559
0.00327502
