1.19571
1.19484
1.18686
1.11593
1.10425
1.19773
1.18344
1.11802
1.10673
1.1303
1.0954
1.11196
1.11603
1.12212
1.12517
1.10064
1.19062
1.12204
1.19683
1.11896
1.19499
1.11667
1.11964
1.11896
1.19371
1.19526
1.20086
1.11157
1.13877
1.19684
1.19817
1.19143
1.09571
1.11033
1.12005
1.10939
1.10022
1.11076
1.10084
1.10021
1.10341
1.11304
1.10908
1.11561
1.13819
1.12629
1.1207
1.20006
1.11518
1.13435
1.13901
1.10914
1.1182
1.12949
1.12152
1.1174
1.10998
1.11314
1.12661
1.18639
1.13972
1.12486
1.12646
1.07692
1.08552
1.09792
1.10467
1.13912
1.10431
1.12637
1.14982
1.1375
1.13303
1.11737
1.11586
1.14749
1.22042
1.09294
1.13567
1.15476
1.11712
1.23725
1.19483
1.20472
1.12906
1.13658
1.18731
1.06822
1.15096
1.23407
1.18147
1.25282
1.16944
1.20652
1.22919
1.26675
1.16825
1.154
1.21281
1.11109
1.23159
1.21557
1.22457
1.15724
1.19883
1.2238
1.18987
1.27215
1.23576
1.15451
1.25774
1.26142
1.23267
1.22575
1.24071
1.16031
1.2439
1.20883
1.22617
1.25753
1.27384
1.22334
1.23368
1.23034
1.25295
1.22227
1.249
1.23663
1.22004
1.21217
1.28351
1.22631
1.23357
1.24222
1.27225
1.27617
1.17698
1.24779
1.2389
1.24602
1.19494
1.23739
1.24972
1.24947
1.24903
1.23171
1.27233
1.23523
1.24099
1.25992
1.23811
1.25209
1.22727
1.22864
1.2397
1.28068
1.23607
1.25156
1.25709
1.21088
1.25037
1.22824
1.24645
1.23067
1.25443
1.22511
1.2365
1.21331
1.2804
1.26167
1.24159
1.2348
1.2267
1.23537
1.27273
1.24815
1.26142
1.24847
1.2532
1.24994
1.2481
1.2484
1.25121
1.25276
1.24407
1.27958
1.25071
1.2486
1.22821
1.25789
1.25084
1.25229
1.23163
1.19478
1.28211
1.24233
1.2333
1.23985
1.25264
1.27094
