0.00880135
 0.0176283
 0.0265065
 0.0354619
 0.0445212
 0.0537112
 0.0630598
 0.0725956
 0.0823483
 0.0923485
  0.102628
   0.11322
   0.12416
  0.135482
  0.147223
  0.159422
  0.172117
  0.185347
  0.199151
  0.213568
  0.228634
  0.244383
  0.260845
  0.278046
  0.296002
  0.314724
   0.33421
  0.354447
  0.375406
  0.397045
  0.419307
  0.442119
  0.465395
  0.489037
  0.512938
  0.536986
  0.561069
  0.585078
  0.608911
  0.632477
  0.655696
  0.678505
  0.700854
  0.722711
  0.744056
  0.764882
  0.785195
   0.80501
  0.824349
  0.843244
  0.861729
  0.879843
  0.897628
  0.915129
  0.932392
  0.949462
  0.966388
  0.983218
