0.108413
0.0740977
0.0727889
0.0724881
0.0740369
0.0682542
0.0634209
0.0629779
0.0658099
0.0803386
0.0838064
0.106906
0.094433
0.0960467
0.0943498
0.0957521
0.0922839
0.0898702
0.0944482
0.0894623
0.0917293
0.0916369
0.0926729
0.0911238
0.0292299
0.010582
0.0106224
0.0104705
0.0106308
0.0106685
0.0105199
0.00880829
0.00467853
0.00292577
0.0032517
0.00323267
0.00341299
0.00372051
0.00416269
0.00459022
0.004331
0.00443786
0.00415205
0.00312948
0.00366193
0.00332444
0.00351546
0.00318997
0.00344419
0.00358942
0.00281278
0.00323331
0.00305806
0.00312474
0.00298574
0.00280282
0.00303915
0.00262654
0.00238789
0.00250726
0.00261419
0.00286947
0.00262052
0.00268962
0.00264258
0.00256565
0.00282874
0.00280945
0.00293174
0.00299248
0.00294497
0.00282547
0.00268245
0.00292496
0.00289666
0.00276505
0.00277902
0.00263045
0.00284324
0.00258871
0.0029354
0.00277286
0.00279694
0.0026971
0.00270998
0.00271964
0.00284759
0.00275594
0.00272504
0.00279767
0.00269836
0.00303668
0.00271952
0.00272588
0.00295813
0.00262031
0.00278092
0.00276499
0.00282911
0.00262197
0.00276272
0.00283754
0.00285552
0.00280057
0.00276723
0.00275369
0.00294204
0.00276705
0.00275433
0.00281274
0.00272993
0.00287978
0.00272732
0.002911
0.00269992
0.00289231
0.00273929
0.00283285
0.00272811
0.00275757
0.00278454
0.00270934
0.0026777
0.0029182
0.00291898
0.00270556
0.00281974
0.00283314
0.00286002
0.00277283
0.00295711
0.00273813
0.00288059
0.00275083
0.00267654
0.00277839
0.00282652
0.00275395
0.00295655
0.00293432
0.00283724
0.00291164
0.00287933
0.00282796
0.00265826
0.00285003
0.00290814
0.00281762
0.00281926
0.00290575
0.00284197
0.00280626
0.00285076
0.00271911
0.00283783
0.00285908
0.00268972
0.00278729
0.00284582
0.00269848
0.00264074
0.00281186
0.00263551
0.00260956
0.0027076
0.00266918
0.00267994
0.00254121
0.00257082
0.00245547
0.00255572
0.00244843
0.00266925
0.00254393
0.002526
0.00253962
0.0025294
0.00241392
0.00266215
0.00247175
0.00254574
0.00252913
0.00251456
0.00242902
0.00253685
0.00244666
0.00231895
0.00243671
0.00246764
0.00231992
0.00253462
0.00245596
0.00230393
0.00231519
0.00229133
0.0023645
0.00236095
0.00234915
0.0022695
0.00228778
