 0.025048
0.0499207
0.0744553
0.0985133
 0.121988
 0.144808
 0.166938
 0.188379
  0.20916
 0.229331
 0.248965
 0.268143
 0.286957
 0.305501
 0.323868
 0.342151
 0.360435
 0.378795
 0.397296
 0.415985
 0.434892
 0.454023
 0.473361
 0.492862
 0.512458
 0.532061
 0.551565
 0.570856
 0.589819
 0.608348
  0.62635
 0.643752
 0.660501
  0.67657
 0.691951
 0.706654
 0.720707
 0.734146
  0.74702
 0.759381
 0.771288
 0.782798
 0.793974
 0.804872
 0.815552
 0.826069
 0.836475
 0.846819
 0.857147
 0.867498
 0.877908
 0.888407
 0.899018
 0.909756
 0.920632
 0.931648
 0.942799
 0.954074
 0.965455
 0.976921
 0.988445
