10.872
14.4685
10.6626
12.1047
13.4987
15.6832
12.5704
10.4317
11.4086
14.5593
14.0792
14.4622
9.38164
11.2149
14.6316
14.2255
13.3406
13.6744
14.3321
12.0277
11.8003
14.0233
14.7382
15.0902
11.7106
16.6662
14.4273
13.3167
12.789
15.4736
12.571
13.3769
14.7436
13.5682
13.6657
14.7149
13.8881
13.4303
17.151
14.2602
13.4668
13.2893
15.3034
13.0356
13.2772
14.0989
13.1645
12.9628
14.2509
13.9192
13.7196
14.0435
14.6921
14.0162
14.7648
15.1376
14.4779
14.7191
14.3859
14.6044
15.3504
14.6801
14.1916
14.2206
15.6892
13.7231
15.6084
13.7172
16.2155
16.0102
14.2316
14.7687
14.8749
13.6071
14.523
14.8749
17.1383
14.2579
15.2511
17.1581
14.2217
14.6912
14.4674
14.0316
14.4014
15.9707
14.6853
13.802
13.8271
14.4444
15.3501
13.9925
14.9392
13.6289
15.5099
14.8515
13.3655
13.4063
14.5284
15.1238
