0.437842
0.0569126
0.0538643
0.0539459
0.0628173
0.0560102
0.0660934
0.0673511
0.0732377
0.0731227
0.0699107
0.0727365
0.0783974
0.0843577
0.0753807
0.0845039
0.0852496
0.0879653
0.0890117
0.091475
0.0892446
0.0922687
0.0909949
0.0929047
0.0965044
0.0983356
0.0912043
0.100177
0.103287
0.0979942
0.108545
0.102776
0.105131
0.112709
0.111688
0.113531
0.114639
0.115257
0.126443
0.119925
0.121606
0.122823
0.122771
0.125594
0.127805
0.122547
0.128235
0.133608
0.134231
0.129914
0.128777
0.133356
0.130132
0.134309
0.128084
0.131571
0.135961
0.13692
0.142481
0.136892
0.143573
0.136419
0.140288
0.139542
0.13948
0.142864
0.139522
0.143787
0.147636
0.148512
0.154419
0.149182
0.15182
0.153087
0.15726
0.158863
0.158156
0.157844
0.157379
0.161234
0.165484
0.164313
0.163191
0.163833
0.159422
0.161821
0.172044
0.167912
0.168635
0.173148
0.164584
0.167894
0.17887
0.170144
0.173874
0.180043
0.183238
0.186629
0.188641
0.189858
