1.0488
1.08536
1.05096
1.03896
1.0378
1.03771
1.08092
1.11226
1.12707
1.10355
1.10749
1.08169
1.06108
1.11563
1.16614
1.13815
1.05806
1.10702
1.0399
1.11708
1.13243
1.08517
1.10744
1.11845
1.12192
1.11402
1.10599
1.13033
1.08899
1.11724
1.11921
1.11332
1.08842
1.08232
1.18005
1.20749
1.14946
1.12333
1.13501
1.11184
1.17854
1.14428
1.10283
1.11991
1.11396
1.12891
1.14495
1.09598
1.12666
1.11319
1.14678
1.16101
1.11966
1.18279
1.20761
1.18079
1.14142
1.17341
1.16231
1.14182
1.13205
1.15466
1.14724
1.16907
1.17525
1.14166
1.15935
1.16387
1.16094
1.1595
1.18029
1.14915
1.1752
1.17287
1.18678
1.14688
1.15877
1.14682
1.16777
1.17099
1.14775
1.15603
1.16509
1.16877
1.18695
1.16281
1.16636
1.15487
1.17713
1.18383
1.17411
1.15205
1.14169
1.16694
1.17762
1.15828
1.14785
1.14259
1.16218
1.1816
1.16537
1.20264
1.21602
1.16594
1.21623
1.17404
1.14967
1.18492
1.16327
1.20711
1.21909
1.19776
1.17409
1.16901
1.14522
1.15642
1.15646
1.19626
1.17902
1.16531
1.16943
1.1768
1.21215
1.16265
1.18319
1.14802
1.15515
1.14379
1.18107
1.18239
1.16786
1.14569
1.15878
1.23206
1.23851
1.17509
1.15505
1.15846
1.14946
1.18243
1.13121
1.148
1.15606
1.14196
1.16285
1.17051
1.14865
1.18371
1.15866
1.17085
1.17772
1.13339
1.17595
1.18279
1.1971
1.18147
1.17535
1.15703
1.14477
1.17164
1.20584
1.22446
1.14812
1.16302
1.20593
1.18607
1.18525
1.16767
1.16209
1.16154
1.13505
1.17632
1.16277
1.14855
1.14102
1.16137
1.16248
1.21667
1.16202
1.14617
1.132
1.16863
1.16696
1.19035
1.11706
1.16044
1.17486
1.15538
1.20052
1.1755
1.17633
1.17145
1.13855
1.1861
1.16824
1.14112
1.15353
1.14441
1.16205
1.14311
