0.252194
0.1682
0.149164
0.156691
0.158243
0.151527
0.147676
0.162533
0.167681
0.156386
0.166516
0.162844
0.164508
0.158292
0.164925
0.155725
0.161155
0.169744
0.170134
0.176643
0.164901
0.166849
0.181257
0.172616
0.182606
0.184114
0.185953
0.186927
0.183555
0.191396
0.188897
0.193835
0.185309
0.188319
0.195421
0.198999
0.201819
0.192207
0.19131
0.188248
0.195623
0.191102
0.196289
0.200142
0.203919
0.19784
0.195954
0.208664
0.203648
0.207998
0.202531
0.202238
0.203588
0.207096
0.212747
0.219481
0.22074
0.222095
0.222574
0.216901
0.223294
0.218224
0.224398
0.226549
0.233874
0.233204
0.228206
0.228966
0.23114
0.229048
0.220976
0.232387
0.231779
0.235343
0.238025
0.241129
0.238371
0.230178
0.239414
0.243871
0.246187
0.249333
0.248487
0.246499
0.242698
0.244829
0.244789
0.247163
0.25206
0.249991
0.247035
0.246949
0.244739
0.246575
0.248622
0.248511
0.243634
0.255354
0.247879
0.246766
