12.6351
6.80304
8.08913
11.4035
10.4469
7.71824
10.5615
11.9777
10.3687
9.24697
10.4555
10.1939
9.53938
9.59748
7.86084
11.785
11.9258
10.5639
9.00086
12.5191
10.4877
11.8511
11.976
9.94731
9.82783
10.8534
11.5145
9.59201
10.8344
11.1101
10.7956
11.2606
11.4844
10.4924
12.5783
11.2811
13.1692
10.8676
10.1318
14.7122
9.54993
12.1104
10.5056
11.2072
10.9546
10.965
13.9142
11.3331
12.2654
9.84792
11.279
10.8509
12.4034
11.0767
12.7206
11.1861
12.3425
11.2219
10.8633
10.7807
12.0475
12.683
11.2439
12.1398
11.0972
12.2865
11.3459
10.5022
12.5844
10.6406
12.672
11.8019
11.458
11.7252
11.1112
11.6824
13.1624
11.8534
12.2036
12.136
13.127
11.8186
12.1091
11.6893
13.2562
12.1374
12.6086
11.6103
13.6373
11.1098
12.7543
12.1974
13.0264
11.6993
12.9355
12.6273
11.7848
12.7543
12.7844
11.327
