1.23761
1.26258
1.1966
1.25532
1.20795
1.29129
1.23083
1.31182
1.33071
1.3471
1.34288
1.30424
1.28235
1.26272
1.25344
1.28243
1.35151
1.41365
1.39253
1.2402
1.41175
1.32646
1.36636
1.3581
1.41014
1.31857
1.41319
1.41489
1.40401
1.35621
1.42119
1.39087
1.42975
1.42035
1.45226
1.41824
1.40338
1.35125
1.41281
1.40346
1.40249
1.41946
1.37634
1.42611
1.39035
1.34033
1.41604
1.4398
1.44462
1.41389
1.45748
1.41625
1.41746
1.42454
1.42738
1.42005
1.42679
1.41897
1.37571
1.36516
1.41995
1.38044
1.40526
1.4003
1.36553
1.42305
1.42011
1.42763
1.39931
1.42356
1.44689
1.44252
1.43345
1.4573
1.3991
1.42633
1.40442
1.47502
1.43535
1.41668
1.41325
1.42003
1.39067
1.3963
1.40979
1.42919
1.42936
1.43661
1.4337
1.42038
1.42057
1.44015
1.45749
1.41201
1.42642
1.48217
1.44872
1.39469
1.42936
1.43831
1.44571
1.47065
1.40912
1.44489
1.40136
1.40137
1.41542
1.44757
1.4289
1.48948
1.42623
1.42181
1.43152
1.43123
1.45577
1.40957
1.35443
1.41867
1.4239
1.42912
1.44246
1.43295
1.41978
1.44651
1.4163
1.41971
1.4344
1.45091
1.43589
1.44316
1.38469
1.45756
1.41671
1.42072
1.40506
1.4172
1.43128
1.42199
1.45023
1.43846
1.45321
1.42236
1.39488
1.43023
1.46551
1.44348
1.4708
1.45566
1.48348
1.47375
1.43617
1.43479
1.46862
1.40867
1.41519
1.42319
1.43364
1.45482
1.44135
1.40853
1.39212
1.42527
1.44489
1.44126
1.42497
1.40851
1.42944
1.44724
1.39978
1.40323
1.39398
1.47629
1.41462
1.4475
1.46666
1.43301
1.43997
1.44232
1.4195
1.44482
1.41999
1.41022
1.4317
1.43317
1.41944
1.44747
1.45072
1.42971
1.43419
1.43413
1.41602
1.43261
1.4396
1.45024
1.44897
1.47383
1.42893
1.47953
1.46737
1.45064
