1.106
1.03767
1.07269
1.06079
1.04444
1.02815
1.08068
1.05985
1.08983
1.03817
1.08406
1.11893
1.04987
1.07018
1.08116
1.10568
1.10831
1.04615
1.08178
1.05004
1.11279
1.11252
1.08385
1.10184
1.11293
1.1179
1.0708
1.11887
1.1287
1.08759
1.1494
1.12457
1.17038
1.13311
1.18271
1.08959
1.15019
1.13194
1.17401
1.12159
1.12453
1.14832
1.15381
1.12168
1.08454
1.18211
1.16873
1.13893
1.11602
1.12428
1.12904
1.13755
1.15419
1.19433
1.17429
1.1655
1.17104
1.11284
1.17277
1.13118
1.12864
1.16977
1.13285
1.16261
1.18819
1.17634
1.18607
1.12758
1.17908
1.19687
1.15898
1.11407
1.17137
1.15273
1.18508
1.18234
1.1802
1.16173
1.12962
1.13893
1.16197
1.18052
1.17288
1.22556
1.18579
1.16511
1.14955
1.17484
1.18072
1.14429
1.2438
1.17084
1.17643
1.17734
1.17765
1.19015
1.1417
1.19801
1.17203
1.19637
1.17809
1.24016
1.19483
1.17821
1.20255
1.19396
1.19996
1.2463
1.17698
1.17043
1.18509
1.23522
1.18002
1.18401
1.20395
1.2405
1.20355
1.21352
1.16887
1.18696
1.1908
1.17683
1.18638
1.21624
1.21398
1.2044
1.21274
1.19156
1.19433
1.18308
1.19023
1.16724
1.1981
1.1866
1.23064
1.18835
1.20791
1.21271
1.16105
1.27092
1.20152
1.22475
1.1807
1.20262
1.23686
1.20589
1.15486
1.18669
1.23077
1.21832
1.21598
1.16721
1.21514
1.21591
1.24728
1.18509
1.24585
1.23025
1.18388
1.19227
1.17819
1.18441
1.19506
1.20251
1.27271
1.28578
1.27889
1.19749
1.25865
1.1935
1.28376
1.21917
1.24923
1.17889
1.19624
1.20752
1.16783
1.16759
1.20733
1.21263
1.24615
1.24943
1.16698
1.21388
1.27064
1.24198
1.26973
1.19734
1.29229
1.19206
1.19905
1.22036
1.19281
1.23763
1.25184
1.19532
1.28673
1.17036
1.16843
1.24382
