147.824
147.447
147.345
147.493
146.505
147.827
147.774
147.281
147.612
147.15
147.622
146.959
147.109
147.611
147.24
147.454
147.263
147.85
147.589
147.824
147.83
147.247
147.564
147.249
146.354
147.473
147.711
147.454
147.376
147.385
147.137
147.378
147.19
147.046
146.808
147.718
147.119
147.737
146.498
146.918
147.837
147.135
147.885
146.897
147.041
147.148
147.49
146.798
146.668
146.41
147.843
146.129
146.74
146.613
146.934
146.192
147.215
146.001
146.455
147.091
146.62
146.23
147.51
146.655
146.03
145.878
147.743
145.9
144.937
144.551
146.907
145.308
145.477
144.415
145.21
146.8
147.591
146.39
144.204
146.91
145.465
144.302
146.944
146.192
144.346
145.752
145.081
145.63
144.737
144.313
145.439
146.129
143.975
146.757
144.443
143.918
144.24
145.079
143.833
146.171
144.508
143.373
144.272
145.271
143.917
143.732
142.482
141.9
142.754
146.547
143.492
144.137
144.461
141.771
143.38
144.302
144.722
144.889
143.029
142.626
143.533
143.221
143.388
143.825
145.128
142.566
142.376
145.444
140.976
145.368
144.058
143.751
143.084
144.173
144.178
144.17
143.093
144.927
143.901
140.872
142.585
145.825
141.207
141.008
145.264
141.254
143.113
140.895
143.659
144.696
144.282
141.623
142.443
143.386
144.35
140.857
141.373
141.152
144.822
142.873
141.668
143.44
141.523
140.046
142.357
141.379
143.531
143.948
142.488
141.235
140.843
142.895
142.503
140.66
142.702
142.201
140.558
142.474
143.048
141.615
141.995
142.432
141.642
140.246
141.485
143.013
141.146
141.13
143.133
143.371
142.212
142.111
143.359
144.063
142.052
142.813
141.821
142.543
140.835
140.821
