0.0657243
0.0603372
0.0616706
0.0658887
0.0661926
0.064514
0.0641001
0.0643026
0.0616285
0.0615568
0.0607446
0.0699156
0.0714212
0.0704547
0.0726457
0.0717546
0.0734336
0.0738569
0.072179
0.0748458
0.0723692
0.0748681
0.0739787
0.076295
0.0735708
0.0744459
0.0772598
0.0777311
0.0754923
0.0775727
0.0746257
0.0726433
0.0741976
0.0730274
0.0775621
0.0766288
0.0765836
0.076732
0.0755898
0.0735632
0.0715774
0.0741788
0.0697226
0.0716575
0.069826
0.0707063
0.0690825
0.0705626
0.0694385
0.0694715
0.0719031
0.0688665
0.0672326
0.0671603
0.0667726
0.0684094
0.0671745
0.0654077
0.0658841
0.0648588
0.064681
0.0646444
0.063062
0.0640854
0.063429
0.062473
0.0623392
0.0608513
0.0606346
0.0621659
0.059359
0.0603041
0.0593351
0.0589729
0.0582637
0.0583029
0.0199069
0.00412111
0.00274505
0.00427996
0.00363942
0.00382482
0.00391167
0.00365829
0.0036578
0.00371744
0.00390269
0.00363383
0.00339993
0.00362454
0.00357091
0.0031831
0.00327674
0.00350897
0.00312947
0.00286746
0.0027604
0.00300115
0.00281502
0.00305855
0.00298406
0.00275011
0.00289585
0.00275823
0.00298477
0.00299474
0.002902
0.00295842
0.00297968
0.00318514
0.00300324
0.00285943
0.00304813
0.00296415
0.00310846
0.00301843
0.00296079
0.00300719
0.00305287
0.00316038
0.00299914
0.00299072
0.00290221
0.00292036
0.00297265
0.00293182
0.00299621
0.0030587
0.00295782
0.00301762
0.00302076
0.00294201
0.00291128
0.00300452
0.00286326
0.00310975
0.00294081
0.00305752
0.00300539
0.0028765
0.00302586
0.00307002
0.00304463
0.00291169
0.00296406
0.00303526
0.00320793
0.00292262
0.00305761
0.00282515
0.0030737
0.00296611
0.00294686
0.00295046
0.00293303
0.0029896
0.00295842
0.00309264
0.00302563
0.00317539
0.00303574
0.00295121
0.00291383
0.00303328
0.00300952
0.00299336
0.00288588
0.00294087
0.00290077
0.00301327
0.00291162
0.00289301
0.00294266
0.00302736
0.00290061
0.00282572
0.00297298
0.00297511
0.0029015
0.00292107
0.00302441
0.00295149
0.00285353
0.0028367
0.0029268
0.0028421
0.00297633
0.00298633
0.00301487
0.00294357
0.00297127
0.00290658
0.00288193
0.0029118
0.00289163
0.00287864
0.00284974
0.00284187
0.00284745
0.00299261
