1.00128
1.00147
1.00053
1.00239
1.00238
1.00024
1.00158
1.00084
1.00029
1.00187
1.00131
1.00073
1.00092
1.00056
1.00119
1.00156
1.0029
1.00259
1.0016
1.00322
1.00132
1.00083
1.00122
1.00069
1.00038
1.00366
1.00387
1.00221
1.00131
1.00227
1.00296
1.0018
1.00522
1.00446
1.00202
1.0047
1.00322
1.00252
1.00473
1.00827
1.00322
1.00428
1.01466
1.00306
1.00262
1.00278
1.00293
1.00392
1.00327
1.00861
1.00294
1.01084
1.00666
1.00307
1.00663
1.00784
1.00839
1.00736
1.0031
1.00838
1.01019
1.00789
1.00528
1.00685
1.00916
1.0086
1.00949
1.01599
1.00861
1.00891
1.00529
1.0062
1.00965
1.00857
1.02249
1.01176
1.01534
1.00794
1.00999
1.0099
1.02237
1.01613
1.00953
1.00966
1.00792
1.00244
1.01213
1.01361
1.00552
1.00917
1.01058
1.02232
1.01092
1.01456
1.01211
1.01147
1.01002
1.00932
1.00901
1.02296
1.01319
1.01327
1.01422
1.0125
1.02249
1.00956
1.00697
1.01544
1.01128
1.02306
1.02622
1.01109
1.00994
1.03255
1.01205
1.01362
1.01412
1.02851
1.01883
1.03289
1.02191
1.01207
1.02819
1.03004
1.01385
1.01448
1.0147
1.01001
1.0106
1.0129
1.03328
1.03033
1.00973
1.0184
1.00668
1.01543
1.02208
1.0101
1.01659
1.0141
1.02297
1.02814
1.01353
1.01156
1.01115
1.03318
1.02756
1.01139
1.02357
1.02762
1.03297
1.02194
1.03359
1.02072
1.01403
1.01075
1.03067
1.01446
1.01332
1.02928
1.02144
1.03343
1.03611
1.01107
1.03309
1.01845
1.02144
1.01388
1.03249
1.0135
1.02083
1.01227
1.00989
1.01912
1.01366
1.01478
1.03314
1.01473
1.0137
1.02942
1.03379
1.02835
1.01465
1.02981
1.01921
1.02691
1.02635
1.01479
1.0249
1.02299
1.01449
1.0156
1.03504
1.03007
1.03318
1.01504
1.02635
1.01445
1.01893
1.02072
