2.07524
2.00867
2.26637
2.67741
2.72001
2.59905
2.63393
2.57357
2.60902
2.64494
2.72341
2.74912
2.65063
2.65846
2.73443
2.69305
2.69697
2.61812
2.58571
2.52485
2.41177
2.18868
2.06931
1.72476
1.44624
1.09835
0.841575
0.879462
0.896673
0.875138
0.906512
0.92231
0.887986
0.904699
0.924104
0.93313
0.974184
0.98699
0.96222
0.928264
0.974774
1.01719
1.04578
1.00698
1.05324
1.0124
1.03466
1.06923
1.00232
1.0463
1.00042
0.827535
0.795068
0.73939
0.885257
1.04492
0.952879
0.90052
0.906161
0.865908
0.892861
1.00996
0.957378
0.924738
0.933168
0.973611
0.952212
0.983263
1.02017
1.0403
1.01889
1.05234
1.03203
1.0201
1.03735
1.09494
1.04686
1.06196
1.07268
1.05599
1.07543
1.11588
1.10774
1.06141
1.06731
1.0383
1.03822
1.06102
1.05577
1.07007
1.06177
1.03674
1.01681
1.01853
1.01201
0.988994
0.998437
0.999579
0.995925
1.01555
1.00547
1.0183
1.02047
0.971946
0.952122
1.00317
0.999594
0.995477
0.986365
0.937443
1.03476
0.94584
0.96806
0.98373
0.988434
1.02389
0.976219
0.941451
0.968366
0.988743
1.0051
0.968409
0.969256
0.969001
0.998687
0.985763
0.973305
1.01438
0.972055
0.94189
0.992644
0.970347
0.975935
0.98556
0.961703
0.979677
0.924953
0.94325
0.964601
0.97205
0.987538
0.982792
0.922893
0.938463
0.953417
0.975071
0.940079
0.97084
0.966513
0.934917
0.974707
0.930245
0.94448
0.925652
0.931411
0.977741
0.935473
0.894421
0.951111
0.889919
0.909161
0.944065
0.95804
0.929268
0.909914
0.931062
0.925645
0.905371
0.877994
0.947647
0.925754
0.892016
0.933341
0.943902
0.893699
0.915022
0.891364
0.934839
0.896663
0.898578
0.91455
0.904896
0.879952
0.920104
0.911195
0.901519
0.917716
0.877887
0.902387
0.873959
0.927199
0.902091
0.920292
0.949823
0.866496
0.853842
0.890412
0.905549
0.897207
0.875409
