0.144464
0.129955
0.131387
0.138713
0.129748
0.130883
0.128917
0.131953
0.136867
0.137527
0.134101
0.130694
0.14218
0.182488
0.19245
0.18985
0.187164
0.182167
0.185495
0.179413
0.176445
0.177548
0.177569
0.177263
0.175354
0.176023
0.149244
0.0221529
0.0211141
0.0197854
0.018031
0.0159216
0.0082134
0.00638883
0.00681892
0.00486766
0.00454392
0.00506175
0.00587318
0.00554513
0.00558334
0.00523873
0.00522659
0.00558648
0.00595803
0.00558081
0.00577563
0.00570755
0.00575507
0.00564749
0.00578961
0.00584482
0.00573402
0.00540728
0.00564919
0.00518701
0.0056695
0.00503234
0.00413033
0.00401255
0.00393625
0.00392325
0.00450549
0.00420723
0.0040365
0.00409254
0.00423093
0.0044729
0.00445475
0.00439514
0.00440972
0.00439245
0.00434313
0.00442203
0.0044718
0.00424193
0.00426555
0.004638
0.00450568
0.00430089
0.00451599
0.00434694
0.00435895
0.00414761
0.00440708
0.00435756
0.00426068
0.00445681
0.00425612
0.00445999
0.00429656
0.00421028
0.00420822
0.00420905
0.00425711
0.00437527
0.00420881
0.0043446
0.00439978
0.00438457
0.00455438
0.00413489
0.0040854
0.00441567
0.00434889
0.00444597
0.00415083
0.00447966
0.00425273
0.00450874
0.00426097
0.00432118
0.00430647
0.00442407
0.00438164
0.00447571
0.00439038
0.00432195
0.00435528
0.00426485
0.00432473
0.00422001
0.00427576
0.00437247
0.00451774
0.00427135
0.00427456
0.00424901
0.00444985
0.00446692
0.00436379
0.00453683
0.00427697
0.00447981
0.0044971
0.00434712
0.00417404
0.00434907
0.00433389
0.00449647
0.00420694
0.00419915
0.00438848
0.00430948
0.00431021
0.00429845
0.00443183
0.00445173
0.00446223
0.00445503
0.00435041
0.00434881
0.00440985
0.00421398
0.00439937
0.00425839
0.00429723
0.0041165
0.00427369
0.00444321
0.00445574
0.00429492
0.00411527
0.00420841
0.00433785
0.00424794
0.00409547
0.00411081
0.00432073
0.00413228
0.00425395
0.00423012
0.00433514
0.00405666
0.00424238
0.00411705
0.00417154
0.00422976
0.0042411
0.00429496
0.00420886
0.00431707
0.0042383
0.00438873
0.00421376
0.00421527
0.00437179
0.00414491
0.00406333
0.00405239
0.004217
0.0041832
0.00415457
0.00401992
0.00421778
0.00425535
0.00421591
0.00416006
0.0042632
0.00419285
