0.0139512
0.0296466
0.0436245
0.0577284
0.0734092
 0.087566
 0.102001
 0.117669
 0.132133
 0.147029
 0.162709
 0.177598
 0.192992
 0.208741
 0.224152
 0.239986
 0.255896
  0.27187
 0.288019
 0.304218
 0.320689
 0.337043
 0.353654
 0.370429
 0.386973
 0.404037
 0.420875
  0.43771
 0.455052
 0.471861
   0.4891
  0.50639
 0.523264
 0.540792
 0.557863
 0.574946
 0.592446
 0.609306
 0.626575
 0.643856
 0.660536
 0.677875
 0.694731
 0.711302
 0.728626
 0.744843
 0.761501
 0.778447
   0.7941
 0.811033
  0.82714
 0.842633
 0.859615
 0.874793
 0.890604
 0.907146
 0.921727
 0.938041
 0.953813
 0.968347
 0.984998
