342.092
325.886
300.641
299.362
284.748
250.884
156.17
150.815
148.989
150.431
148.931
146.664
142.918
148.138
144.36
143.168
144.408
149.78
142.277
142.681
139.834
142.985
144.033
138.233
140.212
137.899
143.719
139.665
136.907
132.269
140.375
133.95
137.1
135.748
136.098
134.871
135.829
135.054
135.547
136.604
140.773
150.485
155.059
164.484
172.575
176.481
173.648
171.709
170.813
162.673
163.635
160.193
162.06
159.741
161.626
155.983
154.301
151.821
150.025
149.53
145.804
146.145
144.743
146.397
143.142
140.957
137.812
135.855
136.902
135.297
134.878
135.411
129.982
131.827
133.363
128.918
126.165
127.784
120.896
123.042
119.876
122.878
123.375
120.469
120.323
117.574
119.269
115.193
116.57
116.912
118.03
121.082
116.599
114.86
114.424
112.979
114.254
109.955
113.069
109.946
111.139
111.004
108.83
105.932
107.223
104.825
105.262
106.056
103.418
101.52
103.694
101.656
101.609
103.26
100.503
101.595
101.417
99.0214
97.6969
102.726
97.6414
96.0773
94.644
96.2316
94.0654
97.2987
98.2522
94.6363
93.5054
90.2684
90.4312
91.3964
91.6166
90.6811
90.1176
89.1216
88.3097
91.1414
89.4851
89.7636
88.8375
84.6629
85.7064
84.8443
84.3237
84.86
84.3935
83.8902
83.2307
85.2858
83.1622
81.1246
83.4873
82.875
82.2919
80.27
81.1704
78.7925
79.8595
79.6155
80.9913
79.462
78.5974
78.3531
78.622
78.0663
76.6597
75.9615
77.8775
77.0063
75.1048
76.7077
77.0029
74.7694
75.8666
73.7781
72.3821
74.2236
74.3861
72.2997
71.3273
73.1182
73.3668
70.9425
70.3494
72.8629
73.1209
69.5861
70.6889
71.3437
72.3172
69.4323
71.252
69.7898
68.2115
68.3217
68.3832
68.3935
69.5327
69.2298
