1.45328
1.49683
1.26917
1.3185
1.38611
1.40869
1.49024
1.48462
1.45556
1.32767
1.45305
1.35814
1.4157
1.486
1.48891
1.294
1.32442
1.48086
1.39952
1.26873
1.39087
1.45695
1.45874
1.4411
1.40222
1.49809
1.46804
1.4395
1.44158
1.45668
1.44445
1.45271
1.46849
1.48073
1.44865
1.46893
1.4012
1.47105
1.48934
1.49786
1.39044
1.40262
1.45727
1.41943
1.48719
1.47507
1.48947
1.49036
1.4578
1.4614
1.49598
1.48108
1.38645
1.45483
1.48025
1.49576
1.45134
1.45627
1.5032
1.48026
1.39398
1.48336
1.49154
1.39908
1.46049
1.48012
1.46385
1.3841
1.45754
1.42705
1.47767
1.44356
1.4393
1.49835
1.501
1.37071
1.42271
1.42858
1.49487
1.49329
1.501
1.40691
1.46433
1.44173
1.493
1.44514
1.45194
1.44394
1.39239
1.30499
1.48129
1.42034
1.44467
1.44629
1.41069
1.39258
1.48203
1.39508
1.43958
1.44951
1.41474
1.42834
1.50145
1.40421
1.49001
1.44777
1.50091
1.45349
1.50058
1.42987
1.45734
1.49844
1.4984
1.44421
1.3864
1.40011
1.48617
1.49817
1.33682
1.43863
1.48832
1.46384
1.4676
1.48129
1.4919
1.49951
1.45478
1.47864
1.48979
1.43311
1.4486
1.39804
1.48337
1.49121
1.39181
1.49007
1.42598
1.4427
1.44517
1.44933
1.34677
1.44957
1.40739
1.45671
1.45435
1.42891
1.40194
1.4842
1.42287
1.43785
1.47098
1.38179
1.47019
1.43763
1.43815
1.45523
1.4543
1.48124
1.41805
1.42555
1.41692
1.49619
1.44409
1.44617
1.46843
1.39277
1.46179
1.46586
1.45774
1.49928
1.46575
1.34842
1.43365
1.44612
1.4894
1.47909
1.43392
1.47163
1.45133
1.43596
1.49063
1.49686
1.46472
1.43803
1.48801
1.42362
1.50808
1.45774
1.41471
1.36991
1.44788
1.50819
1.3911
1.39638
1.48507
1.39751
1.49916
1.45059
1.48806
1.4343
