0.0306169
0.0369271
0.0374011
0.039245
0.0421104
0.0428752
0.0438759
0.0440759
0.0417735
0.0402925
0.0384665
0.0367406
0.0351982
0.0330328
0.0304141
0.0299822
0.0314726
0.0327496
0.0336056
0.0350099
0.0312046
0.0326776
0.0341914
0.0346189
0.0343117
0.0349408
0.0351435
0.0347723
0.0330952
0.0341112
0.0328869
0.0327545
0.0322467
0.0312754
0.031749
0.0317085
0.0321731
0.0328352
0.0319342
0.0328475
0.0319886
0.0313847
0.0315166
0.0302985
0.0304173
0.03004
0.0317819
0.0308889
0.0321657
0.0312923
0.0301534
0.028442
0.0317785
0.0310142
0.0308625
0.031308
0.0297489
0.0315969
0.0309033
0.0306223
0.0296897
0.0314276
0.0295527
0.0309667
0.0311619
0.0309747
0.0306173
0.0313357
0.0308435
0.0298555
0.0286817
0.0302953
0.0304775
0.0291755
0.0302189
0.0297208
0.0315326
0.0298486
0.0302378
0.0293944
0.0296047
0.0287174
0.029948
0.0300333
0.0299163
0.0291564
0.0302878
0.0303198
0.0284577
0.0296544
0.0304072
0.0295714
0.0285738
0.0287394
0.0301044
0.0303349
0.0294745
0.0297596
0.0294959
0.0289741
0.0293194
0.0271771
0.0291449
0.0289397
0.0289827
0.0282858
0.0297348
0.029418
0.0283842
0.0282955
0.0283085
0.0289033
0.0282367
0.0284795
0.027198
0.0297521
0.0278388
0.0274989
0.0280791
0.0290116
0.0279203
0.0280012
0.0282439
0.0277799
0.0275449
0.0274476
0.0273223
0.0279717
0.0276389
0.0272901
0.0267215
0.0276921
0.026543
0.0273396
0.0282788
0.0265304
0.0266058
0.0261841
0.0257031
0.0277183
0.028199
0.0270445
0.0271744
0.027271
0.0252238
0.0261411
0.0264406
0.027088
0.0265968
0.0267807
0.0244369
0.0247682
0.0259718
0.0261373
0.0255234
0.0266144
0.0263704
0.0259208
0.026865
0.0264608
0.0247376
0.0245199
0.0255037
0.0246945
0.0242007
0.025971
0.0244505
0.0244558
0.0246978
0.0245809
0.0241025
0.0240592
0.0244227
0.0243576
0.0238656
0.0240408
0.0237934
0.0234465
0.0236172
0.0229665
0.0230348
0.022828
0.0239963
0.0229191
0.0235032
0.0222275
0.0242054
0.0217659
0.0225684
0.0208515
0.022825
0.0225768
0.0219717
0.0230681
0.0227913
0.0227542
0.0220812
0.0218681
0.0217942
0.021595
