57.2209
57.1838
57.2252
57.1233
57.1601
57.1823
57.1956
57.2171
57.1853
57.2162
57.2474
57.1935
57.2151
57.2226
57.1861
57.0967
57.1625
57.2467
57.2407
57.2433
57.2281
57.2338
57.1427
57.1547
57.2247
57.2033
57.1845
57.2027
57.1477
57.2109
57.161
57.2176
57.1445
57.224
57.1809
57.2597
57.1601
57.2075
57.2096
57.1855
57.1867
57.0875
57.1416
57.2274
57.1878
57.1689
56.9171
57.0166
57.1916
57.1057
57.094
57.0886
57.1872
57.1812
57.2035
57.1963
57.2011
56.9906
56.9459
57.1487
57.2739
57.0864
57.249
57.0871
56.9676
57.0758
57.1629
57.1445
57.0712
57.079
57.0918
56.6764
56.8627
56.8562
57.0882
57.0901
57.0284
57.1064
57.0822
56.4084
56.4654
56.6459
56.2138
56.7682
56.8702
57.0851
56.7511
56.7317
56.7577
57.1691
56.6645
57.2406
56.3167
56.9091
56.4086
57.2018
56.9451
56.6895
56.8194
57.126
56.4946
57.1852
56.4542
56.6231
56.7046
56.3082
56.4596
56.6572
55.8412
55.6274
55.5281
55.2507
56.8252
56.9143
56.4432
55.7826
56.754
56.717
56.5534
56.9502
56.5961
57.1039
56.518
56.9253
55.8386
56.4608
56.617
56.2532
56.5456
56.1924
56.3036
56.2599
56.19
56.5737
56.4177
55.7782
56.4221
56.5883
55.9153
56.6994
56.489
56.0915
56.707
56.1785
55.7063
56.5297
55.9168
56.0663
56.1356
56.4568
55.6357
55.783
56.3064
56.5658
56.1283
56.0452
56.3723
56.2572
56.1742
55.9369
56.5341
55.8204
56.9496
56.301
56.2094
56.0781
55.626
55.6438
56.1497
55.9163
55.9608
55.9559
56.378
56.1491
55.6901
56.5506
55.885
56.1313
56.2147
56.0667
56.3546
56.4352
56.0098
56.7123
55.889
56.5302
55.5532
56.1756
55.8657
55.8359
55.9481
55.9813
55.7089
55.5029
56.7324
55.8044
55.7914
56.0807
55.5491
55.9112
