0.196174
0.15183
0.126786
0.13938
0.157679
0.150485
0.164666
0.163745
0.164134
0.158229
0.162294
0.16145
0.163163
0.16082
0.169172
0.15813
0.160403
0.165973
0.161775
0.155881
0.163042
0.157575
0.160804
0.176035
0.162186
0.170323
0.165956
0.175104
0.166999
0.16932
0.171993
0.17752
0.179853
0.17969
0.177469
0.187404
0.176318
0.189479
0.176653
0.180063
0.178642
0.179735
0.179755
0.177943
0.173235
0.172467
0.18344
0.181995
0.182355
0.18544
0.181677
0.180785
0.18694
0.181861
0.186528
0.191436
0.181288
0.188829
0.190844
0.192127
0.194964
0.187039
0.189795
0.187324
0.190795
0.197453
0.195455
0.196977
0.199666
0.201741
0.200534
0.204632
0.201451
0.210916
0.206478
0.210333
0.213426
0.214051
0.213719
0.216271
0.213823
0.211848
0.213391
0.208348
0.212461
0.208149
39.5622
6.02712
0.377357
0.315329
0.326821
0.325502
0.315366
0.311589
0.304326
0.302115
0.3003
0.300793
0.295205
0.288324
