0.477568
0.191786
0.0391047
0.0346078
0.0319417
0.0343366
0.0321239
0.0307218
0.0308908
0.0344261
0.0354528
0.0352784
0.0373737
0.0382881
0.0357415
0.0367312
0.0364187
0.0360813
0.0365639
0.0410824
0.0378159
0.0401577
0.0397798
0.0397803
0.0426487
0.0417187
0.0432601
0.0457903
0.044776
0.0453685
0.0434308
0.0469316
0.046249
0.0460454
0.047511
0.0472279
0.0481384
0.0500494
0.048116
0.0501059
0.050147
0.0510949
0.0540341
0.0547985
0.0569261
0.0575479
0.0592537
0.0591115
0.0619471
0.0631715
0.066079
0.0674971
0.0686757
0.070693
0.073815
0.0740088
0.0765013
0.0816769
0.081518
0.0847017
0.0877768
0.089199
0.0923576
0.0916096
0.0948534
0.0951024
0.0985838
0.100377
0.101273
0.10487
0.107753
0.10738
0.110903
0.113052
0.115875
0.11659
0.120501
0.120403
0.125984
0.128513
0.126563
0.129347
0.132324
0.134431
0.13288
0.138812
0.141113
0.140769
0.146601
0.150211
0.148445
0.149815
0.145412
0.145874
0.143141
0.147018
0.143667
0.147916
0.148434
0.148693
