5.12923
5.22155
5.61887
3.24514
5.60385
4.74541
4.81645
4.08908
6.72966
5.6543
4.79079
5.38302
5.6234
4.1113
4.93033
5.20353
5.3632
5.62178
7.81216
5.63373
6.78042
5.6198
5.54533
6.28894
5.60405
5.75519
5.2976
5.60407
5.60455
5.84804
5.60495
5.63173
5.60371
5.63076
5.63162
5.62904
5.60755
5.60827
5.60407
7.24329
5.74981
5.64871
6.05665
5.63265
5.60507
6.53825
5.65794
7.1868
7.36222
5.79938
5.91296
6.40625
7.90488
6.00394
5.63068
5.63283
7.28188
7.64467
6.25354
8.86979
5.63052
5.63094
5.67765
6.07668
5.62269
6.92287
5.61485
7.45245
5.91634
5.61
5.85825
7.91902
8.94984
7.02756
5.61913
7.3622
5.63512
5.62107
5.60442
7.51669
7.28264
8.45723
8.20591
7.59931
7.91996
8.49721
7.44126
7.68039
8.29594
7.62202
7.88774
7.55048
7.69928
7.96817
7.62202
10.6768
8.22698
8.22694
10.0532
7.73308
