0.338539
0.0318052
0.0472008
0.0452094
0.0436008
0.0459313
0.0498105
0.0524497
0.0543161
0.05422
0.060115
0.0599274
0.0627847
0.0596342
0.0635362
0.0671342
0.0706853
0.0730268
0.0691562
0.0698867
0.0739527
0.0779555
0.075845
0.0775487
0.0804237
0.0760419
0.0836462
0.0836885
0.0872844
0.0884763
0.0917588
0.0940285
0.096049
0.0993841
0.099969
0.105176
0.107534
0.109438
0.112687
0.110308
0.112554
0.119351
0.117906
0.122414
0.125157
0.123835
0.12232
0.12273
0.126841
0.126171
0.128657
0.130295
0.134639
0.136276
0.138239
0.141592
0.137333
0.142719
0.145655
0.144619
0.152694
0.152353
0.155291
0.156393
0.157474
0.155564
0.15802
0.164722
0.162722
0.161257
0.161466
0.164874
0.169566
0.165263
0.165867
0.171669
0.169259
0.167656
0.169852
0.166774
0.168411
0.171051
0.168834
0.167156
0.165892
0.16495
0.170947
0.168987
0.171154
0.170089
0.163198
0.163563
0.16161
0.163472
0.159821
0.160166
0.162672
0.166818
0.161812
0.163807
