422.765
478.124
500.22
461.455
453.168
450.105
439.047
418.85
426.785
411.823
411.845
400.928
409.833
410.967
407.368
395.912
399.876
401.922
401.547
398.488
402.692
397.078
388.621
387.321
395.209
392.562
411.009
396.019
381.281
384.515
383.472
385.141
379.015
378.353
380.601
375.057
390.105
376.163
378.514
371.525
376.456
363.038
369.512
362.781
358.739
372.607
362.242
363.596
355.316
357.669
352.176
366.93
347.565
359.256
372.415
371.327
368.604
367.499
376.406
381.204
379.801
392.8
391.602
387.462
396.564
392.193
375.64
371.689
374.213
371.306
362.143
358.693
362.416
346.916
339.363
347.435
351.79
346.822
344.31
347.913
334.327
337.083
328.352
333.591
324.669
322.837
312.453
311.82
316.383
307.619
312.838
312.661
310.895
305.472
303.947
297.973
294.647
287.102
285.25
293.67
285.555
281.816
289.211
278.07
281.602
275.065
280.732
276.011
272.396
274.321
268.121
260.752
271.885
261.608
263.472
256.966
260.074
253.102
261.62
249.211
259.959
262.603
283.668
315.847
275.627
246.495
241.499
243.49
254.96
250.616
246.304
243.909
242.298
241.965
240.445
235.756
243.084
235.216
235.626
234.927
230.018
230.215
230.507
233.07
226.623
216.867
222.054
222.083
216.44
224.253
220.052
224.584
223.562
219.65
221.64
218.408
217.448
220.096
217.712
219.585
210.759
210.381
210.14
204.856
212.032
217.149
202.702
204.251
210.798
206.351
203.729
200.377
200.642
196.223
197.405
198.314
196.029
192.64
194.664
190.526
203.315
195.334
192.507
194.75
190.67
186.716
186.811
185.643
194.083
187.203
191.124
187.327
186.025
191.199
183.547
191.549
183.207
179.176
179.987
181.3
