84.7201
84.6486
84.5537
84.6125
84.5682
84.7631
84.6995
84.8025
84.6834
84.7217
84.6991
84.7628
84.6065
84.6709
84.5481
84.7412
84.6191
84.5348
84.7323
84.5746
84.3567
84.5775
84.7105
84.4657
84.5955
84.7294
84.5352
84.5411
84.5221
84.7791
84.5885
84.4581
84.566
84.4911
84.5758
84.6433
84.6666
84.3481
84.345
84.5051
84.4655
84.6218
84.7613
84.6095
84.3227
83.7307
84.5764
84.1962
84.1813
84.2707
84.2613
84.0808
84.608
84.4535
84.0623
84.1697
83.329
83.6913
83.5878
83.3284
83.1737
83.6234
83.8317
83.7072
83.0764
83.7101
83.8142
82.7188
81.8243
82.6305
83.1101
82.9432
83.0903
82.8349
82.9436
82.9971
82.8189
83.1489
83.3936
82.5121
83.6478
82.9268
82.727
82.5373
82.4923
83.0606
82.2921
81.7966
82.4118
82.4709
82.2302
82.1135
81.3409
82.4038
81.8242
83.1413
82.1002
80.7113
80.8836
83.019
80.0374
81.7858
83.0191
80.6662
80.5606
82.5144
82.3027
81.1887
80.9795
80.5338
80.8864
81.6108
79.2091
82.7749
81.4277
80.8587
79.9958
80.3109
82.2228
81.8378
79.7145
80.5735
81.3365
79.8204
83.093
82.3805
83.227
80.7109
78.9434
78.8892
81.4984
79.758
80.4651
80.1258
79.1643
80.4266
79.9066
79.2154
82.4583
80.3362
81.4608
79.941
78.3653
82.0716
81.1002
79.9031
78.6919
77.8498
81.5772
80.6713
80.2441
81.0505
83.4663
81.6419
80.2946
81.5093
81.5834
81.1282
81.4682
81.5028
82.5597
80.9713
81.602
80.2269
82.0563
81.3275
81.477
81.4786
80.8789
81.5479
81.4447
81.687
81.3268
80.6569
80.387
80.4939
78.9826
81.0495
79.2618
79.8213
80.1225
80.9877
81.0314
81.5095
81.8053
80.3641
80.8938
80.726
79.6677
80.7112
82.3605
81.7235
81.2788
82.3235
78.9779
80.0088
82.3724
81.0673
79.2443
79.1676
