11.2263
11.0547
9.96493
10.1338
11.1934
11.0515
11.1851
10.8487
10.3204
10.4972
10.0912
10.207
9.8887
10.538
10.4408
10.2499
10.777
10.7394
10.8639
10.2552
11.2445
10.3734
11.2421
10.0387
11.0314
10.7944
10.277
10.8816
11.2445
10.2814
11.0849
11.0483
10.6624
10.4314
10.736
10.7124
10.7528
11.148
11.1795
11.2334
11.1269
11.1794
10.6509
10.6059
10.7793
10.6904
10.8836
10.452
11.2781
10.9664
11.1685
10.9871
10.6084
11.106
11.1326
10.7602
10.7562
10.4757
10.6421
10.7108
11.0077
10.7745
10.7934
10.7933
10.7263
10.574
11.0068
10.7792
10.7042
10.7327
10.8456
10.7277
10.7067
11.0955
10.624
11.3737
10.7753
10.75
10.2175
11.0392
10.8012
10.2571
10.4248
10.062
10.7819
10.6062
11.175
10.7795
10.807
10.7359
10.6912
10.7713
10.7316
11.2889
10.8198
10.839
11.0503
11.1059
10.7282
11.2686
10.7195
11.0634
10.6988
10.681
10.6522
10.7349
10.8021
10.0636
10.8305
11.1803
10.867
10.5796
11.0453
10.747
10.4344
10.7197
10.9024
10.5701
11.071
10.7778
10.6494
10.8745
11.1958
10.8981
11.1789
10.9931
10.7168
10.3058
10.6921
10.7258
11.0311
10.7858
10.6843
10.9614
10.545
10.8325
10.5357
10.7704
11.1316
10.7376
10.7089
10.5679
10.857
10.7428
10.3536
10.9316
10.6113
10.6875
10.686
10.8302
10.7979
10.7735
10.7456
10.6057
10.8596
10.5597
10.604
10.7119
11.0299
10.8339
10.6637
10.5147
10.6909
10.6068
10.4221
10.7954
10.3741
10.7586
10.4317
10.8215
10.7495
11.0654
10.4367
10.6529
10.3355
10.7016
10.419
10.8647
10.5174
10.5398
10.4887
10.7323
10.6195
10.5889
10.7297
10.3862
10.6986
10.6527
10.6061
10.4472
10.4791
10.6725
10.662
9.87726
10.1199
10.5126
10.8572
11.0593
10.6995
10.6137
