0.0781496
0.07039
0.071843
0.0730536
0.0692126
0.074555
0.0954796
0.0740829
0.0759017
0.0767894
0.0773789
0.0862261
0.0949965
0.0990797
0.104318
0.0974696
0.0964066
0.0941258
0.0968719
0.0652671
0.0120869
0.011975
0.0120134
0.0118789
0.0120697
0.0122019
0.0125028
0.0121876
0.01215
0.0119629
0.012178
0.012073
0.0119412
0.0119712
0.0120223
0.0117907
0.0116791
0.0116843
0.0119258
0.011724
0.0121813
0.0120391
0.0121787
0.0120924
0.0119103
0.0123247
0.0119851
0.01193
0.0118605
0.0119387
0.0119851
0.0118445
0.0118135
0.0116557
0.0120493
0.0119613
0.0120024
0.0115704
0.01172
0.0119143
0.0118944
0.0119088
0.0117209
0.0117715
0.0118326
0.0115588
0.0119505
0.0118887
0.0116702
0.0118014
0.0118457
0.0114533
0.0115187
0.0115542
0.0118052
0.0116986
0.0115826
0.0113132
0.0114307
0.0115583
0.0117153
0.0114558
0.0114088
0.0118725
0.0117045
0.0116262
0.0114057
0.011546
0.0118499
0.0115094
0.0118521
0.0112821
0.0113289
0.0114233
0.0114042
0.0112447
0.0114698
0.0114729
0.0117435
0.0114146
0.0118487
0.0112932
0.0112022
0.0119791
0.011237
0.0114524
0.0114684
0.0117871
0.0116619
0.0115544
0.0115443
0.0114087
0.0116214
0.0109984
0.0113086
0.0113153
0.0113492
0.01155
0.0112966
0.0114321
0.0116506
0.0113478
0.0112529
0.011745
0.0117135
0.0117197
0.0113136
0.011104
0.0112192
0.0117296
0.011541
0.0115345
0.0115462
0.0112265
0.0112741
0.0116041
0.0113039
0.0117157
0.0115245
0.0113963
0.0116603
0.0116175
0.0116548
0.0117162
0.0119089
0.0116844
0.0116097
0.0118738
0.0114325
0.011777
0.0116361
0.0117975
0.0116126
0.0118476
0.0115116
0.0118104
0.0117656
0.0118101
0.0116445
0.0117512
0.0118837
0.0116024
0.0118012
0.0116948
0.0118694
0.0114844
0.0114066
0.0118849
0.0116578
0.0117462
0.0118819
0.0118984
0.0114072
0.0116625
0.0123189
0.0114536
0.0114295
0.0119251
0.0115768
0.0119478
0.0117088
0.0117647
0.0116992
0.0121402
0.0118771
0.0121943
0.0118183
0.0118632
0.0120991
0.0115669
0.0119761
0.0119773
0.0119226
0.0114443
0.0120354
0.0121816
0.0117979
0.011726
0.0117959
0.0119864
