1.75062
1.64887
1.73746
1.85192
1.76471
1.70144
1.65476
1.8597
1.7271
1.64748
1.76237
1.71886
1.73572
1.72657
1.74235
1.68409
1.70471
1.66764
1.81356
1.69027
1.40996
1.72387
1.60487
1.6105
1.72788
1.84809
1.64956
1.75027
1.8457
1.84561
1.51349
1.69012
1.63771
1.72572
1.58557
1.5166
1.74384
1.47338
1.85022
1.64248
1.71386
1.59498
1.74778
1.77353
1.74262
1.62815
1.8448
1.38654
1.68939
1.19277
1.19702
1.65998
1.41338
1.33597
1.29681
1.65318
1.55013
1.52618
1.53579
1.15984
1.33654
1.10917
1.15896
1.54921
1.66925
1.19339
1.40935
1.23793
1.19067
1.15234
1.14872
1.35969
1.44944
1.19735
1.19135
1.17951
1.53791
1.20785
1.14615
1.19269
1.46448
1.15813
1.21764
1.1844
1.19043
1.11765
1.17722
1.42071
1.18639
1.16435
1.14875
1.14601
1.10435
1.84231
1.1755
1.24144
1.25072
1.20007
1.15787
1.19969
1.19384
1.20759
1.22081
1.28632
1.11634
1.22086
1.18475
1.19668
1.22045
1.16082
1.25681
1.44466
1.18089
1.21404
1.2024
1.2038
1.21241
1.16755
1.21274
1.20254
1.29743
1.30138
1.23391
1.20398
1.23315
1.21078
1.23115
1.24104
1.21004
1.23231
1.24914
1.22858
1.19161
1.23907
1.21814
1.21529
1.28098
1.23109
1.21445
1.23167
1.17656
1.1872
1.26583
1.23779
1.17941
1.18289
1.23637
1.19729
1.20498
1.24777
1.17274
1.23412
1.23209
1.20861
1.17469
1.23312
1.25555
1.25741
1.22618
1.25023
1.20101
1.22046
1.21293
1.23962
1.19754
1.24637
1.25237
1.18943
1.22283
1.2325
1.23288
1.2461
1.19301
1.25622
1.21907
1.21002
1.2073
1.23036
1.26206
1.24097
1.21475
1.18446
1.23725
1.22514
1.23163
1.23003
1.22178
1.23852
1.22864
1.2331
1.23799
1.26336
1.23217
1.22234
1.24291
1.23448
1.23277
1.22844
1.23665
1.23405
