0.0333584
0.0289185
0.0292396
0.0300834
0.0299354
0.0297555
0.0292016
0.0282337
0.0278875
0.027366
0.0271975
0.0286624
0.0265504
0.0278637
0.0284239
0.0271392
0.0286596
0.0285729
0.028588
0.0286984
0.0284896
0.0287188
0.0280076
0.0283811
0.0282948
0.0268755
0.0216153
0.0220873
0.0223548
0.02223
0.0180004
0.0193316
0.0187212
0.018695
0.0187715
0.0194553
0.0192836
0.0190616
0.0188656
0.0188544
0.0179325
0.0182788
0.0178982
0.0174871
0.0178113
0.0178963
0.0169502
0.0164381
0.0158931
0.0161508
0.0166171
0.0174032
0.0159616
0.0157942
0.0149378
0.0150052
0.0146781
0.0150482
0.0149089
0.013601
0.0152117
0.0142816
0.0145928
0.0143098
0.0141942
0.0139525
0.0137222
0.0132823
0.0134976
0.0125959
0.0124643
0.011978
0.0124789
0.0132512
0.0128147
0.0125491
0.0121331
0.0122789
0.0118666
0.0114172
0.0112601
0.0110275
0.0116978
0.0108134
0.0111615
0.0106189
0.0110405
0.0103685
0.0109506
0.010718
0.0113144
0.0103673
0.0104429
0.0106601
0.010303
0.0102912
0.0102582
0.0100566
0.00989782
0.00998323
0.00946131
0.00956737
0.0100906
0.00948355
0.0104935
0.00990803
0.00981176
0.0100342
0.00980888
0.00998909
0.0102068
0.00982314
0.00980884
0.010073
0.00983159
0.00969038
0.00933342
0.00999348
0.00924687
0.00940241
0.00941341
0.00941545
0.00902757
0.00923631
0.00957397
0.0096977
0.00893453
0.00935481
0.00944302
0.00961533
0.00921207
0.00907405
0.00902258
0.00933353
0.00905889
0.00945757
0.00892953
0.00935822
0.00908016
0.00912433
0.00901667
0.00919184
0.00875343
0.00921441
0.00875025
0.00866106
0.008837
0.00893885
0.00880133
0.00892771
0.00850948
0.00851474
0.00885326
0.00849481
0.00851208
0.00859567
0.00883213
0.00829801
0.00810672
0.008792
0.00828801
0.00833922
0.00850815
0.00875675
0.00858138
0.00830552
0.00822576
0.00850325
0.00856101
0.00877906
0.00813621
0.00861951
0.00906801
0.00837032
0.00828451
0.00866628
0.00895655
0.00837439
0.00844625
0.00816793
0.00823093
0.00791698
0.00823066
0.00801062
0.00797411
0.00864804
0.00807943
0.00810378
0.00834752
0.00823943
0.00791047
0.00838072
0.00854936
0.00808141
0.00801894
0.00836938
0.00766485
0.00779142
0.00782383
0.00819006
