0.00966683
0.0090837
0.00910069
0.00891831
0.00874589
0.00902918
0.00884725
0.00893668
0.00910484
0.00901131
0.00912618
0.00905153
0.00925479
0.00602733
0.00500621
0.00480151
0.00465487
0.00470021
0.00459944
0.00378385
0.00408522
0.00439411
0.00452784
0.0043754
0.00429812
0.00465259
0.00446275
0.00425704
0.0043234
0.00427887
0.00447944
0.00442111
0.00438299
0.00439635
0.00431556
0.00441341
0.00419948
0.0125293
0.0123424
0.0103512
0.00428495
0.00822821
0.00639335
0.00820806
0.0104746
0.00631059
0.00622219
0.00818813
0.00621148
0.00605951
0.0082746
0.00811857
0.00612379
0.00590804
0.00599813
0.00572502
0.00572554
0.0035729
0.00565016
0.00743304
0.00947257
0.00943112
0.00712083
0.00717445
0.00711587
0.00495445
0.0028364
0.00922298
0.0108352
0.00279553
0.00269918
0.0109949
0.0129716
0.00696163
0.00681511
0.0087897
0.00861885
0.00876089
0.00457856
0.0046901
0.00257183
0.00870562
0.0168297
0.00461102
0.0108892
0.00457098
0.00675804
0.00680957
0.0128889
0.00456612
0.0147516
0.00462834
0.00872405
0.0166894
0.00696828
0.0227374
0.0145557
0.0173137
0.0331235
0.0225753
