1.13471
1.14328
1.1473
1.1305
1.14851
1.13087
1.15366
1.14709
1.14643
1.15246
1.1233
1.15062
1.1522
1.15107
1.15088
1.14988
1.14624
1.14662
1.13409
1.15419
1.1479
1.15529
1.15085
1.15666
1.13396
1.1524
1.14369
1.1479
1.1289
1.14432
1.14522
1.15589
1.13251
1.13906
1.15079
1.14723
1.13039
1.15538
1.13543
1.15046
1.14174
1.13633
1.1289
1.14986
1.13496
1.13578
1.13243
1.1465
1.1373
1.13293
1.13312
1.13806
1.15594
1.11378
1.12384
1.11635
1.12125
1.09045
1.11995
1.10908
1.10501
1.08014
1.13431
1.09379
1.12555
1.09957
1.12207
1.10259
1.10259
1.11341
1.09629
1.10952
1.09967
1.09009
1.09066
1.10477
1.09302
1.08252
1.08784
1.09739
1.08306
1.08976
1.08988
1.09378
1.0838
1.10832
1.10903
1.09819
1.07296
1.08949
1.08616
1.08886
1.09727
1.07924
1.08486
1.09938
1.08461
1.06778
1.07896
1.05719
