77.9095
77.9462
77.8817
77.6957
77.802
77.8479
77.8338
77.7861
77.865
77.9791
77.8209
77.8461
77.9306
77.9103
77.8588
77.6985
78.1062
77.7669
77.8917
77.7576
77.5871
77.9768
77.9865
77.75
77.9935
77.8608
77.7583
77.8308
77.8913
77.7928
77.872
77.864
77.8539
77.7523
77.7396
77.8775
77.8842
77.8174
77.8085
77.7721
77.9617
77.7339
77.8109
77.5495
77.6395
77.7067
77.7988
77.5521
77.8028
77.9064
77.484
77.7802
77.5329
77.4511
77.7699
77.7936
77.6176
77.7011
77.9594
77.3435
77.4967
77.9853
77.6228
77.8806
77.1262
77.2977
77.5089
77.3007
77.6545
76.9309
75.791
75.7403
77.2248
77.4045
76.9455
77.4154
76.8863
75.4786
76.6851
77.3806
76.7104
76.921
76.7484
76.3844
74.7889
76.3899
77.416
77.2205
77.0302
77.1627
76.9955
77.7455
77.056
76.8278
76.3093
77.436
76.1951
77.6719
77.0371
76.7532
77.4155
77.278
77.4708
75.6636
77.1777
76.8981
77.0711
76.9822
75.5788
76.4009
76.8932
76.8077
77.2753
76.8437
77.0244
76.4715
77.3392
76.4884
76.8901
77.5047
76.4954
76.4789
76.3244
76.0445
76.5898
76.5166
76.9405
76.6196
74.9065
76.34
77.4738
76.1564
77.1894
75.5675
75.1314
75.6832
76.7566
76.7556
76.2071
76.5505
76.8518
76.4287
77.1261
77.1603
77.7632
76.8323
76.5274
75.9296
77.1863
76.7773
76.2272
76.6816
76.7826
77.0416
76.4662
76.396
76.8577
76.0441
76.535
76.5126
76.8454
76.8727
76.3266
75.5062
75.7734
77.5553
75.9558
75.5871
75.8948
77.3023
75.9445
75.663
76.4731
75.1779
76.4243
77.6878
77.9501
76.2028
75.1406
74.9809
76.5076
76.042
77.3394
77.3252
76.4
78.2014
76.5377
76.9357
76.466
75.8612
76.5513
77.5705
76.7365
75.1264
76.5278
77.1709
77.1766
77.8633
75.9618
75.8693
