1.19589
1.19908
1.13442
1.17729
1.19559
1.18087
1.10508
1.11231
1.12021
1.12049
1.17655
1.11439
1.13173
1.08337
1.11927
1.10079
1.1161
1.10595
1.19526
1.12356
1.13944
1.11799
1.12208
1.12598
1.17612
1.19745
1.10427
1.16948
1.10495
1.17545
1.10559
1.09594
1.13943
1.09321
1.12892
1.09568
1.12258
1.09609
1.11702
1.11749
1.11988
1.08842
1.11318
1.12292
1.09505
1.10672
1.21236
1.10706
1.10135
1.10059
1.10579
1.10555
1.11752
1.10172
1.18144
1.13963
1.09908
1.09353
1.13603
1.11417
1.08838
1.13987
1.10637
1.12906
1.10455
1.13008
1.11562
1.10683
1.12999
1.1039
1.11273
1.15044
1.14981
1.1167
1.08353
1.15697
1.15655
1.11275
1.21592
1.15412
1.10804
1.17485
1.1007
1.19601
1.25336
1.12799
1.09767
1.15374
1.27244
1.1628
1.1541
1.19728
1.21206
1.18383
1.22116
1.22059
1.12071
1.19948
1.22451
1.19831
1.14311
1.10561
1.11644
1.15389
1.13943
1.28434
1.24617
1.13488
1.15786
1.20991
1.2111
1.14462
1.15244
1.18311
1.27712
1.23137
1.25423
1.22375
1.15973
1.22253
1.23185
1.28394
1.1492
1.21389
1.15238
1.11959
1.23659
1.12251
1.2296
1.20942
1.23886
1.28357
1.16169
1.23048
1.21801
1.22721
1.21941
1.21864
1.24881
1.14302
1.22698
1.24056
1.2506
1.23873
1.24395
1.19687
1.18263
1.22891
1.23326
1.23949
1.24616
1.18425
1.26693
1.21601
1.21322
1.24811
1.21493
1.20914
1.23334
1.21831
1.24111
1.2636
1.26077
1.21211
1.20601
1.24331
1.22435
1.24622
1.23673
1.14773
1.25138
1.24027
1.26219
1.26078
1.23573
1.23405
1.25689
1.26083
1.29657
1.24097
1.23177
1.27353
1.23681
1.25598
1.23015
1.18748
1.25061
1.18822
1.24095
1.2535
1.25738
1.25913
1.2345
1.2437
1.2493
1.27353
1.2287
1.28674
1.23538
1.18067
