17.0865
17.1749
17.9709
18.4176
19.193
18.8985
17.6443
17.3039
16.8343
17.0615
15.8634
18.2105
17.149
19.411
18.1814
16.3734
19.9687
18.3436
18.3652
18.4233
16.9312
19.0124
18.9797
17.7323
18.1425
18.0902
18.9112
18.2585
18.1471
18.4966
18.6878
18.5027
18.9803
18.7194
19.499
17.6727
18.9941
17.2935
17.966
19.744
18.055
18.3327
17.8579
18.7045
17.9391
18.5328
18.2924
18.7176
18.9505
17.8943
18.5278
18.4337
18.9194
18.2031
18.1988
18.7556
18.4643
17.9908
17.9004
18.5186
18.9389
18.3763
18.1142
18.2248
18.9277
17.983
18.5543
18.038
18.1577
18.3427
18.0855
18.1595
18.4356
18.3001
18.1526
18.7952
18.4708
18.8789
18.5336
18.6627
18.6445
18.2856
18.4254
17.9714
18.3995
18.4673
18.9895
18.493
18.6918
18.5975
18.8811
18.3937
18.3021
18.7422
18.8175
18.95
18.8583
18.5009
18.6071
19.4929
