1.0064
0.737341
1.10891
1.26098
1.20947
1.24798
1.218
1.20491
1.1718
1.11003
0.996063
0.840235
0.746139
0.657045
0.600136
0.655747
0.63224
0.578464
0.612502
0.578077
0.587606
0.58075
0.54106
0.496977
0.49316
0.511159
0.48796
0.539603
0.508008
0.521033
0.547902
0.570983
0.577532
0.562167
0.556574
0.584998
0.582321
0.568487
0.56867
0.607366
0.602772
0.569268
0.596875
0.596954
0.570764
0.597992
0.592182
0.612027
0.613652
0.599743
0.59537
0.627233
0.631454
0.617508
0.606231
0.631568
0.609415
0.599147
0.59282
0.628416
0.613919
0.641393
0.631955
0.628659
0.648358
0.614477
0.618155
0.627634
0.640262
0.597888
0.623725
0.613868
0.601147
0.624407
0.616895
0.614069
0.629739
0.602377
0.636261
0.619061
0.592102
0.613115
0.59778
0.609136
0.609109
0.615327
0.627012
0.59709
0.610289
0.605665
0.618135
0.606623
0.584323
0.613051
0.607191
0.576485
0.585019
0.578307
0.592447
0.569726
0.595956
0.583634
0.607433
0.570792
0.577903
0.596915
0.578667
0.573718
0.57791
0.562285
0.558163
0.549232
0.566409
0.580618
0.554521
0.556553
0.569792
0.554045
0.546076
0.545309
0.531761
0.549389
0.568798
0.541956
0.572913
0.513861
0.537667
0.536224
0.55099
0.54564
0.538967
0.520167
0.538213
0.540216
0.534783
0.556212
0.533303
0.518375
0.526397
0.516295
0.522762
0.553609
0.516624
0.524722
0.518506
0.523458
0.521374
0.522628
0.511676
0.522563
0.507258
0.526747
0.497275
0.51865
0.484745
0.501514
0.505083
0.520112
0.527157
0.524835
0.518812
0.504193
0.512868
0.504948
0.503728
0.506889
0.512531
0.49842
0.495775
0.507813
0.492888
0.523583
0.503809
0.495666
0.498177
0.505622
0.488213
0.495055
0.478218
0.488292
0.493499
0.501499
0.480593
0.478934
0.505329
0.491388
0.49159
0.498724
0.483348
0.483586
0.493781
0.485668
0.489656
0.483723
0.477628
0.473798
0.479249
0.489734
0.489035
0.480026
