12.5659
12.9237
12.8922
13.1506
12.586
12.9561
12.7442
12.8138
12.5031
12.8983
12.5763
12.3587
12.8027
12.5788
12.7168
12.8498
12.6335
12.7204
12.5461
12.6552
13.1008
13.2234
12.7949
13.1267
13.1108
12.603
12.7034
12.9195
13.1591
13.1709
12.5743
12.9406
12.8523
12.9016
12.7168
12.569
12.8711
12.358
12.3588
12.7867
12.979
12.9008
12.8534
12.7865
12.3725
12.7687
12.6675
12.678
12.4711
12.3102
12.6712
12.2886
12.3389
12.4034
12.9152
12.6033
12.1209
12.5746
12.8424
12.6099
12.5491
12.2886
12.2761
12.1416
12.6719
12.3957
12.2713
12.6161
12.9446
12.6378
12.3822
12.4452
12.4831
12.6151
12.866
12.319
12.0946
11.5867
12.6517
12.555
12.4807
11.96
12.741
12.54
12.1084
12.0502
12.4789
12.3953
12.6072
12.5158
12.4469
12.4848
12.527
12.53
12.8742
11.9936
12.0645
12.3889
12.2128
12.6932
12.0345
12.7778
11.6104
11.9498
12.5074
12.7463
12.3527
12.3995
12.5876
12.034
12.0389
12.6117
12.5387
11.8694
12.5665
12.5658
12.3605
12.4257
12.8298
12.3276
11.8446
12.7647
12.3173
12.4927
12.1671
11.8284
12.7127
11.9404
12.2206
12.7427
12.5853
12.1369
12.2077
12.5308
12.6594
12.0866
11.9755
11.7868
12.4334
12.1405
12.5183
12.4488
12.2941
12.1163
12.0423
12.2075
12.7424
11.827
11.9671
12.4765
12.4384
11.8153
12.5947
12.5909
12.6192
11.9458
12.6047
12.0509
12.0181
12.0074
12.1671
12.5873
12.0766
12.2473
12.5486
12.1796
11.875
12.5729
12.0627
12.2259
12.4933
12.4036
12.6061
12.2331
11.9836
12.3012
12.4652
11.7487
11.8934
11.6133
12.2123
12.4604
11.4853
12.5201
12.0423
12.6508
13.0028
11.9524
11.5825
12.366
11.8539
12.1047
12.604
12.0886
12.449
11.995
12.4949
12.2864
12.0623
12.1492
