1.10389
1.099
1.08738
1.10567
1.10346
1.1038
1.10491
1.10581
1.10262
1.1014
1.09659
1.10228
1.1047
1.10527
1.09904
1.10538
1.10565
1.10593
1.105
1.09681
1.09517
1.09775
1.1037
1.10038
1.10405
1.1062
1.09862
1.09784
1.10168
1.10343
1.10642
1.09802
1.09572
1.06902
1.09643
1.09406
1.09787
1.08004
1.07814
1.10162
1.09905
1.08685
1.06376
1.07431
1.05683
1.07965
1.0899
1.09849
1.05722
1.0796
1.07284
1.05194
1.05919
1.04606
1.0506
1.06749
1.06392
1.05124
1.04037
1.05781
1.06247
1.03664
1.04354
1.04906
1.0357
1.07969
1.05532
1.04545
1.04296
1.04455
1.0419
1.05521
1.04899
1.04267
1.04502
1.03748
1.05851
1.02524
1.02619
1.03001
1.04666
1.03679
1.02317
1.02842
1.03594
1.04555
1.04575
1.05051
1.01827
1.05037
1.03271
1.0661
1.02449
1.02695
1.03011
1.08029
1.02633
1.04207
1.06731
1.01559
1.03291
1.03623
1.03325
1.02087
1.03905
1.03623
1.01635
1.02272
1.03722
1.01667
1.02522
1.03216
1.01797
1.01952
1.03386
1.03858
1.01456
1.02798
1.02726
1.02696
1.05911
1.04581
1.0238
1.01903
1.03069
1.02062
1.01814
1.02293
1.03406
1.02583
1.04521
1.03845
1.02785
1.02308
1.02535
1.03231
1.0324
1.02615
1.01773
1.01984
1.05718
1.02463
1.02406
1.0256
1.01989
1.01759
1.03301
1.02707
1.02358
1.01918
1.02036
1.03442
1.02912
1.03294
1.0362
1.0299
1.02737
1.02499
1.0229
1.04132
1.0601
1.03311
1.01663
1.02584
1.01919
1.06163
1.01404
1.01813
1.01806
1.03234
1.03017
1.02681
1.01793
1.01952
1.02086
1.02336
1.04791
1.03126
1.0493
1.01958
1.01826
1.02341
1.01939
1.01711
1.03491
1.0223
1.01774
1.02261
1.0191
1.0371
1.02815
1.02229
1.01781
1.01941
1.02024
1.0255
1.01686
1.01723
1.01919
1.02008
