114.674
86.9124
91.8219
101.306
107.679
109.048
111.011
111.131
110.581
113.626
115.785
109.284
109.744
111.256
111.217
111.755
107.534
112.777
108.174
110.553
108.652
104.582
107.767
103.925
107.428
108.027
108.572
101.9
103.898
100.855
105.35
99.2364
103.073
105.582
102.788
105.508
103.331
104.216
98.4461
96.6346
96.9768
98.2452
100.69
92.364
93.4637
89.9708
95.5619
83.8925
87.6529
77.9694
73.2002
73.4623
69.0333
64.8789
62.0737
62.1283
59.2432
56.148
55.8374
57.0658
56.0315
54.1403
53.6328
54.4729
51.7672
53.2275
51.9037
55.6273
54.7504
52.2435
53.6569
55.0856
56.997
53.9587
54.3226
53.4025
54.3609
51.9196
53.84
54.2628
54.609
50.0611
52.9061
51.6876
54.3147
52.1621
51.5865
51.7488
55.0026
52.3575
52.9346
52.5218
52.3764
53.9775
53.1554
52.1153
51.2951
47.5358
41.7242
40.6509
43.083
47.0492
45.4752
46.2364
47.2213
49.143
46.5709
47.6299
47.5315
48.5086
48.3654
47.7905
50.2106
45.8091
47.4016
47.3792
49.0586
48.2702
46.5911
48.6402
48.8236
47.7442
47.9335
47.7505
48.2799
48.8194
45.7808
48.4188
47.2481
47.8205
46.8128
46.8062
47.7487
45.4991
50.0141
49.2497
47.7536
47.8513
46.5541
46.6105
45.5567
46.8181
47.4392
46.0601
46.4742
45.9126
45.5882
44.9076
46.837
45.6098
48.8831
49.0922
47.0665
45.3223
47.1162
46.7097
46.6496
46.0843
46.6162
47.3503
46.6038
45.3962
47.6481
46.2861
46.2334
45.0608
46.7138
45.3707
45.057
44.694
45.5394
44.7534
46.4199
46.774
46.0626
44.9218
44.9572
43.9689
42.9794
43.7587
44.332
44.4289
43.5979
44.7695
44.1778
44.1101
44.166
44.7535
45.4302
43.4638
43.0046
43.0013
43.0201
43.1436
44.0638
44.3554
43.5471
43.0654
43.6404
43.321
