105.6
105.819
105.768
105.943
105.588
105.724
106.056
105.472
106.095
105.948
105.878
105.56
105.846
105.761
105.962
106.011
105.899
105.362
105.578
105.521
105.277
105.737
105.385
105.628
105.828
105.959
105.648
105.988
105.547
105.746
106.16
105.46
105.765
105.606
105.269
105.865
105.773
105.271
106.085
104.736
105.309
106.267
105.45
105.924
104.935
105.869
105.753
104.819
104.602
104.428
104.751
105.01
105.516
104.626
104.264
103.026
103.02
103.942
104.53
103.453
104.517
104.844
103.67
103.308
102.652
103.699
102.84
104.885
105.188
103.176
104.327
105.358
103.904
103.952
105.033
103.42
103.843
103.009
103.237
101.672
104.263
104.293
102.895
103.333
102.826
101.634
103.088
103.539
105.338
102.359
104.054
102.041
102.074
102.766
102.19
105.335
104.287
102.9
105.061
103.981
103.903
103.028
103.518
103.907
103.421
103.256
103.825
104.107
105.688
100.94
101.286
103.109
104.769
103.161
104.005
104.329
103.469
104.961
104.684
105.282
103.009
104.17
103.694
102.176
103.159
103.146
104.34
101.49
101.379
102.573
102.821
104.701
102.185
102.316
104.846
101.948
103.419
102.414
102.429
102.655
102.963
104.736
103.052
100.287
101.19
100.729
104.328
102.956
102.68
101.603
103.002
103.554
102.889
103.303
102.08
100.342
104.814
100.494
102.985
101.753
103.159
103.341
102.491
104.905
103.673
103.724
102.477
101.441
103.208
101.197
104.123
102.956
102.567
102.064
104.199
101.845
102.03
102.922
102.081
100.594
103.258
103.249
100.841
101.738
102.622
101.449
103.642
104.485
103.063
101.819
102.893
103.736
103.578
101.544
101.368
102.379
103.887
102.562
102.687
104.655
