0.360428
0.045453
0.091023
0.0500307
0.0403962
0.04152
0.0432167
0.0451349
0.0488312
0.0489477
0.0497947
0.0457484
0.0447959
0.0471959
0.0456034
0.046987
0.0504277
0.0472665
0.0460105
0.0461205
0.0499999
0.0474197
0.0520167
0.0481708
0.0460635
0.0497893
0.0498881
0.0537842
0.0496067
0.0506162
0.0527213
0.0522233
0.0491661
0.0519775
0.0483044
0.0497626
0.0545384
0.0500894
0.0568845
0.0556303
0.0524307
0.0536729
0.0528122
0.0554472
0.0521694
0.0545433
0.0554589
0.0578575
0.0547119
0.0562509
0.0566554
0.0555539
0.0561868
0.0586047
0.0610844
0.059027
0.0602604
0.0615417
0.0633545
0.0618609
0.0630703
0.0630715
0.0652724
0.0653409
0.0673289
0.0684055
0.0680665
0.0708882
0.0702133
0.0685763
0.0709551
0.071259
0.0732464
0.0735138
0.0760516
0.0761166
0.0767703
0.0769395
0.0790285
0.0798551
0.0824613
0.0843813
0.0845808
0.0866266
0.0876312
0.0878805
0.0880503
0.0918026
0.0918191
0.0895155
0.0916888
0.0948213
0.0970444
0.0994743
0.101218
0.0992679
0.101849
0.10514
0.101854
0.103326
