7.2949
6.87603
4.09278
8.14613
4.2906
5.30364
7.91462
7.89064
7.74799
6.42506
4.80982
5.54275
4.9467
6.09032
7.89113
4.65097
4.62288
5.49065
4.74348
4.88773
7.38068
4.81297
5.60404
5.12948
5.25664
5.62217
6.27857
5.56781
5.56379
5.62894
5.60406
7.25519
5.60468
4.94317
6.76049
4.84447
7.71485
6.94262
8.3676
5.60407
5.60421
5.68436
6.13129
5.63363
5.60422
5.60407
6.06008
5.69908
6.21761
5.77942
5.60419
5.69411
5.63056
6.06109
5.62113
8.25374
5.66175
5.63465
5.66884
5.60509
5.63068
5.6336
5.72701
5.75017
5.62209
5.64303
5.63068
5.61209
5.61886
5.63061
5.60764
5.6335
5.63085
5.93013
5.63507
5.63001
5.62354
5.6347
5.64186
6.17394
5.63463
5.63039
5.63534
6.97283
5.62569
5.63473
5.63364
5.63462
5.63068
5.64328
5.641
5.62886
9.40425
5.70051
5.63507
5.63701
5.63657
5.63385
5.63537
5.63468
