895.222
1225.04
1289.1
1328.26
1367.7
1276.79
1239.62
1211.39
1171.1
1142.6
1164.99
1187.26
1197.51
1161.79
1203.63
1179.14
1138.13
1114.1
1135.39
1126.23
1136.68
1122.77
1081.36
1129.32
1107.82
1098.23
1093.95
1079.85
1095.37
1068.29
1079.17
1046.6
1054.17
1055.09
1053.76
1068.13
1035.41
1028.93
1069.95
1028.8
1026.4
1009.15
1028.73
1029.14
1026.31
1022.01
993.931
976.827
995.841
980.001
986.43
990.723
965.714
987.408
993.953
995.937
955.959
943.413
924.784
964.275
954.96
950.681
959.704
992.836
968.15
977.42
956.913
957.025
996.676
965.758
995.585
975.203
1002.91
984.305
955.678
938.487
957.495
927.756
912.65
934.417
908.344
908.067
908.754
922.332
892.678
903.265
887.931
858.855
873.251
858.378
853.57
836.873
855.299
845.246
849.729
825.454
826.847
797.014
827.149
804.511
813.307
796.624
773.07
796.224
776.839
752.729
760.435
772.769
753.7
755.354
734.977
721.203
719.657
703.401
727.262
747.945
697.668
708.899
720.377
686.776
690.648
674.878
695.448
688.978
672.95
679.057
671.995
660.699
673.941
659.183
641.23
656.117
635.195
648.784
623.798
629.434
612.757
614.528
632.952
616.282
609.5
605.77
585.626
613.783
607.597
593.892
616.2
585.974
596.912
610.385
611.49
605.053
615.653
634.919
669.629
594.072
594.394
597.608
566.8
581.879
564.974
570.469
586.671
577.182
584.212
577.588
578.898
568.455
583.206
556.38
573.598
564.947
561.938
555.575
554.543
547.508
567.411
547.493
561.227
544.394
549.791
526.068
535.831
515.841
519.979
530.5
529.764
524.606
538.173
533.768
521.501
510.624
503.78
514.876
513.621
526.396
498.719
504.489
502.926
503.35
