91.4956
91.4914
91.1467
91.5469
91.5032
91.4154
91.5352
91.397
91.4286
91.5005
91.4136
91.1607
91.4538
91.4843
91.503
91.3423
91.4463
91.3466
91.3131
91.2537
91.4028
91.2963
91.5558
91.2087
91.4911
91.4456
91.3107
91.3625
91.1345
91.5216
91.4381
91.3732
91.5239
91.5704
91.3717
91.3198
91.4182
91.5407
91.3522
91.2346
91.2343
91.2878
91.495
91.4788
91.0428
91.3816
91.4167
91.4269
91.4968
91.5164
91.2047
91.2142
91.0399
91.2373
91.2069
91.1825
91.1474
91.5374
90.596
91.3274
91.5653
90.9746
91.1817
91.0761
91.0931
91.0174
90.378
90.8674
90.0124
90.9165
90.6249
90.5062
89.8815
91.0595
91.1997
91.0846
89.9483
90.3348
90.7035
89.6497
90.0042
88.7902
88.7553
89.3923
90.6441
90.1471
89.1054
90.1279
91.1363
89.3246
90.0435
89.942
89.1849
89.2749
90.0666
89.5977
91.1299
90.025
89.4405
88.2457
89.7332
91.031
89.2847
89.5066
89.7072
88.6628
90.2674
88.6788
89.3142
90.2939
90.5018
89.9281
88.9863
89.4212
90.3812
90.2603
89.3693
90.1684
89.9558
89.9808
89.8658
88.9199
87.9787
90.1356
89.3714
88.6479
89.1766
89.2365
87.7829
88.676
89.7729
87.8895
89.7958
89.4741
88.4747
88.8259
88.4886
88.876
90.2407
88.9409
87.0883
90.5512
88.8087
89.9989
89.7086
87.5459
87.6611
89.7415
87.5135
88.6258
86.6154
89.239
88.6652
87.927
89.2561
87.7729
87.8389
90.488
88.7176
88.0548
86.9021
88.7869
87.1267
88.5572
90.0367
89.2132
88.417
87.2927
88.5883
89.4992
88.3342
89.6742
89.9581
87.0216
88.4195
88.4641
87.3954
89.6121
89.3021
87.9052
87.3145
88.8813
88.2967
90.6428
88.7858
89.1063
87.0168
87.8578
88.2396
87.6748
86.9
87.6343
87.7583
88.6259
88.7154
88.1108
88.6853
87.7694
87.3331
88.7695
