84.7088
85.0885
85.3657
85.0414
85.3499
84.7389
85.199
84.9013
85.0331
84.9073
85.1337
85.089
84.8508
84.8434
85.3586
84.9486
84.9582
85.1313
85.0011
84.7296
84.8597
84.8483
85.0612
85.2869
84.7285
84.9359
84.8609
84.8722
85.1305
84.5279
84.6461
85.2617
84.4577
85.0809
84.6374
84.8157
84.1703
84.954
85.0859
84.5772
84.5934
84.6258
85.0618
84.7141
84.2618
84.4529
83.9592
84.3464
83.7995
85.0477
84.0271
84.1507
83.7464
84.4824
84.5155
84.6495
83.9296
84.4196
84.1459
83.9844
83.4994
84.1103
83.2464
83.3183
83.8397
82.7217
82.6727
83.7053
83.7255
83.7806
83.7826
82.9817
82.7671
84.0735
84.3341
83.311
82.7081
83.2866
83.3909
83.1661
82.0038
83.013
82.8632
82.3586
82.2415
82.8768
83.6681
82.1645
82.8442
81.6491
82.7542
82.402
81.8406
82.5944
81.6102
81.8651
82.9907
82.5698
83.6187
82.7237
82.9151
84.5356
83.6208
83.5079
83.2831
83.3149
82.6724
81.7782
83.6003
80.4216
82.2096
81.9964
82.8579
82.5653
83.8001
83.4152
80.0772
81.9641
82.2164
82.1997
81.5262
82.057
81.1778
80.7891
81.3782
81.729
82.3924
84.0389
81.1154
80.5808
81.1676
82.2636
83.5375
82.1199
81.7634
81.3195
83.5049
81.2953
81.1836
81.828
79.9601
82.3552
83.3168
83.4016
82.3914
80.7045
81.0467
82.485
81.6384
81.4368
82.5688
82.4785
83.049
82.3202
81.205
80.3078
81.0691
82.3964
82.2173
79.97
81.45
80.5668
80.8373
82.1825
82.6362
81.3899
80.7839
80.0743
82.1724
81.6849
81.3289
82.6791
82.3371
81.5006
80.0034
80.0902
82.8803
82.312
81.7
81.6537
83.0138
81.464
79.1961
81.4551
81.4497
80.8371
81.4662
80.9694
80.5323
82.2983
81.1284
81.8429
81.8798
82.5883
80.2043
80.9629
81.6484
81.2209
81.9182
80.621
