301.506
309.248
304.78
307.253
294.011
314.935
301.342
312.078
305.856
304.8
303.208
300.551
291.584
290.199
289.008
286.046
291.586
294.193
304.281
300.127
289.3
291.374
289.685
288.031
283.429
295.49
282.486
279.048
285.418
278.85
282.488
273.71
271.886
273.781
277.157
272.199
286.753
277.204
297.76
308.886
309.248
329.632
345.007
350.66
347.129
345.399
337.835
329.566
333.445
317.76
324.503
322.384
315.696
312.723
303.657
303.912
301.184
305.525
303.868
292.508
295.224
288.971
287.508
285.557
287.366
278.346
276.063
275.679
278.98
269.346
272.607
265.603
256.538
258.732
257.234
253.501
252.287
253.926
254.178
252.546
253.488
253.999
251.762
245.261
250.107
254.519
256.473
263.487
277.495
275.721
252.227
240.647
233.013
234.65
227.183
223.62
228.951
222.478
224.832
223.606
222.232
220.738
220.919
218.745
212.526
215.847
219.323
221.272
214.516
212.589
213.609
211.831
208.002
208.85
211.295
205.459
207.612
208.681
206.945
204.971
202.182
203.881
197.921
198.156
201.114
202.168
195.346
195.097
197.12
191.626
190.248
191.854
186.854
184.789
184.462
178.444
184.183
183.355
184.051
181.545
182.881
184.37
182.396
179.061
180.027
175.6
174.693
169.966
171.678
171.62
172.884
168.356
169.733
170.049
167.573
165.78
168.324
160.802
170.527
162.131
171.031
164.865
160.178
161.239
159.422
154.334
159.219
155.85
155.174
155.052
155.608
157.591
148.63
154.676
148.645
155.112
153.243
150.445
149.449
150.186
149.892
149.413
147.476
149.703
150.824
142.717
142.737
143.04
146.174
139.496
140.54
139.471
141.37
139.635
139.954
137.512
137.62
142.332
143.77
136.058
