0.0157975
 0.033322
0.0486148
0.0651711
0.0823345
0.0975678
 0.114869
 0.131446
 0.147148
 0.164872
  0.18091
 0.197506
 0.215122
  0.23101
 0.248547
 0.265619
 0.281977
 0.299972
 0.316494
 0.333799
 0.351499
 0.368016
 0.386061
 0.403076
 0.420346
 0.438251
 0.455032
 0.473043
 0.490233
 0.507655
 0.525448
 0.542477
 0.560407
 0.577532
 0.595145
 0.612637
 0.629823
 0.647579
 0.664525
 0.682152
 0.699312
 0.716398
 0.733939
 0.750571
 0.767968
 0.784882
 0.801485
 0.818916
 0.835074
 0.852065
 0.868925
 0.884767
 0.902213
    0.918
 0.934439
 0.951521
 0.966725
 0.984097
