203.662
184.092
182.931
183.381
179.789
185.279
186.349
182.954
190.122
184.963
185.058
181.319
189.796
190.664
188.508
185.898
179.059
196.601
193.694
207.319
192.586
189.826
193.743
195.48
192.421
198.631
191.052
203.144
196.534
199.643
205.823
197.687
194.896
199.049
202.652
192.502
198.033
193.689
195.22
195.08
192.193
192.606
191.346
195.364
192.835
196.158
204.547
195.393
195.692
194.551
192.122
188.442
190.082
186.732
189.558
191.498
180.9
189.692
192.567
196.595
186.378
185.423
186.194
188.339
192.523
183.071
180.197
178.382
189.351
178.592
181.854
180.143
174.891
177.847
169.297
179.798
173.253
160.862
170.453
165.93
160.5
157.641
149.215
152.82
143.407
135.705
133.508
132.238
131.812
129.223
123.646
125.134
125.37
125.778
125.855
123.026
131.528
121.224
125.041
123.463
124.147
120.224
119.567
120.704
124.084
127.531
127.903
126.49
121.524
116.722
119.634
119.716
120.65
119.838
121.112
117.963
118.458
120.09
112.541
110.512
116.352
112.812
114.772
111.214
118.161
109.922
111.575
107.317
106.071
100.628
94.9835
98.7679
100.697
97.0943
96.651
100.274
103.503
102.218
99.9751
97.0871
98.4045
98.8078
100.9
95.4589
95.7548
97.6903
100.695
99.2855
94.2137
99.3005
98.6362
99.131
97.458
97.7205
98.1558
95.5912
96.119
98.4299
98.9041
96.0015
99.1722
93.3943
94.3833
94.6679
93.4631
95.3701
93.2413
94.2752
93.1265
91.5459
97.3887
94.3984
89.7208
91.4584
97.2099
93.0472
94.7034
93.2488
93.9637
96.8481
91.4429
91.2577
91.8242
90.5696
91.3658
91.0422
90.6679
92.6229
90.0055
90.4211
91.5507
92.6598
91.5693
88.9024
92.6695
89.6436
86.9556
87.8511
86.2928
89.4322
