139.856
140.167
140.223
140.003
140.177
140.141
140.126
139.997
140.109
140.259
140.079
139.746
140.155
140.145
140.263
140.143
140.2
140.327
140.211
140.267
139.834
140.158
140.188
140.003
140.263
140.432
140.186
139.802
140.047
139.844
139.8
139.749
140.103
139.802
140.165
139.781
139.906
140.046
139.703
140.254
140.255
140.408
140.139
140.064
140.018
140.013
140.242
140.221
139.339
139.593
140.261
139.972
140.088
139.835
139.378
140.214
139.09
140.247
139.722
140.187
139.464
139.974
139.887
140.362
139.364
140.215
138.328
138.777
139.778
139.69
139.463
137.298
140.087
139.181
139.422
139.999
139.652
137.872
139.581
139.289
137.332
138.327
137.417
136.94
139.281
135.416
136.606
137.986
136.294
137.184
135.527
135.925
139.099
138.077
136.769
133.425
135.547
138.941
135.389
134.575
137.16
135.79
139.744
134.585
139.638
135.601
134.902
138.941
137.924
132.794
137.349
133.777
134.992
136.221
138.822
133.023
139.269
134.661
134.504
132.805
138.061
135.297
134.598
130.994
133.735
136.672
132.725
136.492
137.093
137.032
137.65
137.046
136.556
136.981
137.597
136.141
134.951
133.888
134.171
136.098
136.999
136.993
136.194
137.036
134.059
135.791
136.213
135.16
136.352
135.726
134.701
134.082
130.875
136.199
132.638
132.741
136.403
134.363
137.948
134.56
135.007
135.268
131.008
131.689
134.291
135.544
136.205
136.111
133.671
132.93
136.265
132.351
134.236
134.787
133.535
134.024
133.367
133.819
133.774
134.264
130.564
134.676
132.327
133.949
132.559
133.09
134.318
134.293
132.904
130.749
134.309
134.831
133.374
132.74
135.451
133.023
134.71
135.036
133.18
133.244
