1.69954
1.70684
1.81157
1.71286
1.77832
1.76119
1.8298
1.55976
1.84449
1.82776
1.84375
1.76438
1.70106
1.72911
1.70733
1.71769
1.81861
1.85368
1.80324
1.72753
1.82066
1.82558
1.78745
1.82492
1.84444
1.74681
1.831
1.83632
1.84102
1.75849
1.6444
1.82678
1.64602
1.83465
1.71953
1.44994
1.78361
1.59745
1.83123
1.74632
1.44013
1.7126
1.38847
1.4372
1.39474
1.6506
1.72729
1.41955
1.43308
1.72463
1.73394
1.61064
1.4265
1.39725
1.27657
1.32475
1.34301
1.3436
1.73239
1.17033
1.70978
1.34541
1.15348
1.16784
1.42359
1.18907
1.28648
1.40677
1.55967
1.40478
1.44836
1.565
1.20507
1.28032
1.10693
1.11812
1.09114
1.19368
1.21689
1.25275
1.38041
1.14195
1.1298
1.72083
1.21508
1.43493
1.4057
1.56757
1.19063
1.29182
1.18386
1.09586
1.28862
1.20771
1.44714
1.20452
1.13927
1.19358
1.18291
1.1039
1.24188
1.58455
1.41546
1.19247
1.17653
1.19812
1.56896
1.20222
1.20266
1.12902
1.60596
1.37888
1.16577
1.46182
1.25942
1.22313
1.46146
1.23296
1.21419
1.1975
1.1981
1.36371
1.20406
1.25622
1.23431
1.1609
1.67495
1.21214
1.32759
1.23309
1.21707
1.27674
1.27879
1.22621
1.21399
1.26546
1.18181
1.26182
1.23774
1.2285
1.23187
1.21114
1.24394
1.20886
1.20512
1.22922
1.22852
1.25066
1.18001
1.19408
1.21289
1.32018
1.39911
1.20691
1.2371
1.22577
1.23526
1.18866
1.19627
1.19163
1.34434
1.2271
1.27782
1.36791
1.22061
1.23373
1.22637
1.40467
1.1971
1.25086
1.22718
1.25622
1.15219
1.26665
1.23013
1.23943
1.2992
1.20986
1.3364
1.25441
1.20578
1.214
1.29823
1.26499
1.20109
1.20615
1.23579
1.23427
1.36645
1.22013
1.20445
1.25045
1.2557
1.24934
1.19552
1.14008
1.25096
1.23702
1.273
1.24959
