21.8306
19.7403
19.8021
22.3959
23.4964
24.6372
23.6193
24.8101
25.2207
24.4348
24.6697
25.0203
25.291
24.3
25.6043
24.3031
24.8438
24.1295
24.5541
23.6001
24.2239
24.1729
24.5952
24.5058
24.0521
24.3455
25.1386
24.6448
25.1663
25.2048
25.1182
25.1972
24.933
25.5502
24.7545
25.8687
25.8047
25.0526
24.6705
25.0874
24.4885
25.2599
24.5224
25.0415
23.6164
23.0266
21.4653
20.8151
17.8069
16.7417
14.8818
13.7684
12.9526
12.285
11.9664
12.7804
12.993
13.2088
13.1464
14.2255
13.8663
13.0661
12.9656
13.3973
12.8699
13.0905
13.4194
13.3966
13.1363
13.6625
12.5152
13.6063
13.3256
12.8664
13.4694
13.095
12.382
12.6722
12.8047
12.4375
12.7408
12.684
12.3431
12.3436
12.4463
12.847
12.1142
12.2063
12.6372
12.8031
11.7546
10.5002
8.83942
9.81181
10.7679
11.4615
11.5054
11.3868
10.8461
11.4795
11.3025
11.4439
11.4289
11.1972
11.3153
11.5821
11.7662
11.6467
11.7152
11.5838
11.3979
11.5698
11.384
11.2843
10.9317
11.3007
11.1773
11.4994
11.1358
11.4639
11.309
11.1096
11.6423
11.1457
11.0933
10.9425
10.8832
10.9766
11.2478
10.6755
10.795
11.0921
11.1335
10.3895
10.706
10.5028
10.7389
10.9739
10.8425
10.5604
10.7955
10.9973
10.7914
10.4546
10.5245
10.2621
11.0714
10.3411
10.2684
10.714
10.7753
10.5797
10.2345
10.4554
9.58348
10.057
10.3473
10.1388
9.93594
10.095
10.1516
10.1972
10.1409
10.5644
9.92352
10.6844
10.2021
9.86414
10.1472
9.96901
10.1279
10.0527
10.238
10.2876
10.3511
10.5084
10.3116
10.6096
10.0454
10.1712
9.83367
9.91229
9.80051
10.1332
10.4512
10.1661
9.66306
10.0259
9.6556
9.71186
10.0942
10.0441
10.0802
10.2181
9.85938
9.62543
9.83947
10.1974
9.79011
9.9965
