50.5362
50.3682
50.3765
50.4422
50.242
50.4293
50.4371
50.4218
50.2158
50.2641
50.4213
50.5089
50.4432
50.428
50.3002
50.4611
50.4254
50.4267
50.3182
50.4256
50.1974
50.4649
50.447
50.3911
50.3181
50.3397
50.6435
50.4497
50.4037
50.4729
50.5168
50.3867
50.3568
50.2671
50.518
50.4871
50.4097
50.5003
50.4578
50.4876
50.235
50.5094
50.4325
50.4358
50.3746
50.642
50.2954
50.5986
50.3417
50.53
50.2945
49.9622
50.443
50.4078
50.1268
50.4116
50.2107
50.0333
50.2021
50.2222
50.4986
50.0933
49.9616
50.2081
49.9999
50.1673
49.9945
50.4084
50.0697
50.0718
50.0947
50.14
50.265
49.9801
50.1145
50.1798
50.5247
50.3704
49.5181
50.123
50.0509
49.5762
49.7586
49.9473
49.9521
49.9845
50.0251
49.9695
49.7765
49.919
49.593
48.9597
48.9686
49.5516
50.0002
50.0931
49.8026
49.2671
49.5842
50.0821
50.0098
49.4887
49.1997
49.6138
49.51
49.7471
49.5014
49.7742
50.5695
49.8564
49.1282
49.5958
49.503
49.816
49.2489
50.4005
50.1522
49.4692
49.6825
49.3169
49.8312
49.4182
49.7287
50.001
49.2423
49.3004
49.1993
49.3929
49.6685
49.1624
48.9365
49.3443
49.3739
50.2402
49.3701
49.8575
49.5531
49.947
49.569
49.4467
49.9097
50.3545
49.5759
50.7105
50.1995
49.6014
49.9601
49.52
49.0038
49.7878
49.4405
49.5743
49.5266
49.8714
49.1549
49.469
49.5104
49.6769
49.3573
49.6021
49.5522
49.93
49.3642
50.1809
49.0767
49.3678
49.0971
49.6495
50.0436
49.0505
50.0514
48.9524
50.034
49.9585
50.0941
49.4446
49.7713
49.7748
49.3624
49.7508
49.0079
50.1464
49.1959
49.5764
49.2968
50.1825
49.0147
49.443
48.8837
49.9052
49.4047
48.2099
49.7397
49.4527
49.6985
49.3972
50.2116
49.4067
49.5653
49.9221
