6.86318
7.37724
7.22205
6.71641
6.55304
6.46836
6.49304
6.39993
6.08828
6.04483
6.00568
5.87714
5.98564
6.09308
5.73996
5.74427
5.7173
5.76605
5.49323
5.57687
5.54163
5.50398
5.54116
5.46952
5.40681
5.43929
5.34079
5.00664
5.10744
5.13788
5.17041
5.12473
4.9698
4.97536
5.10673
4.84659
4.98165
4.91625
4.95674
4.8007
4.79069
4.76197
4.77909
4.724
4.47086
4.82034
4.80853
4.6279
4.60988
4.82601
4.68524
4.62492
4.57819
4.51226
4.54678
4.40141
4.59216
4.45331
4.37542
4.25477
4.35961
4.21289
4.1723
4.32415
4.12887
4.29222
4.112
4.14264
4.0526
4.08758
4.11439
4.2686
4.00382
4.02935
4.03511
3.9701
3.96756
3.8269
4.01499
3.91751
3.79236
3.8056
3.76893
3.82208
3.82763
3.84815
3.76155
3.7451
3.7096
3.63116
3.70654
3.59393
3.60323
3.58113
3.62865
3.53822
3.49143
3.60673
3.46108
3.36393
3.52084
3.46797
3.4186
3.37583
3.48353
3.38288
3.4166
3.37043
3.3863
3.49921
3.36125
3.43837
3.40991
3.36061
3.3503
3.3058
3.36539
3.36807
3.38643
3.3081
3.3473
3.38027
3.39935
3.29128
2.34003
0.638156
0.588693
0.588912
0.581079
0.622476
0.593432
0.596147
0.599961
0.577397
0.599208
0.612212
0.540511
0.574827
0.605358
0.538316
0.580165
0.604387
0.534502
0.564923
0.5448
0.556104
0.559409
0.523787
0.561992
0.525902
0.555899
0.519208
0.548935
0.538256
0.541006
0.537455
0.518963
0.48887
0.482993
0.488906
0.518546
0.487224
0.499843
0.524944
0.523306
0.505345
0.468515
0.475708
0.485247
0.490913
0.459532
0.465314
0.467759
0.472206
0.45647
0.457158
0.435932
0.454446
0.441388
0.440961
0.47246
0.455673
0.443084
0.429553
0.452494
0.435483
0.443866
0.445724
0.435135
0.429666
0.441494
0.449308
0.458784
0.43753
0.430778
0.431177
0.435882
0.426943
0.426227
0.429384
