15.1877
15.1583
14.0861
13.1528
15.3896
15.0701
14.3432
15.0174
13.7572
14.049
14.3891
15.2903
14.0619
13.9211
14.2326
15.3903
13.6014
13.2896
15.1349
14.4834
15.3935
13.891
13.845
15.4534
13.9504
15.2776
14.0375
13.4805
13.189
13.0128
14.2813
14.2966
14.0759
15.5273
15.3463
15.4307
14.0422
15.4919
13.998
14.361
13.312
14.2845
12.8265
14.0362
14.8196
15.0601
13.9172
14.3744
11.7273
11.8754
14.234
13.5085
14.1242
10.419
13.2171
15.2259
13.7241
11.3678
13.2118
14.0836
12.5033
12.1598
12.7685
14.2415
11.6896
9.69518
14.5336
14.136
11.294
13.3569
10.4225
10.5315
11.0206
10.4445
9.91223
11.12
10.1981
10.7999
12.139
10.3312
10.5646
11.338
11.187
11.9422
13.3932
9.50263
12.6204
10.7104
11.2162
14.6188
10.3327
11.473
10.9142
10.586
10.746
9.55087
10.4581
10.9159
10.6368
10.742
10.5034
10.8432
10.5723
10.8038
11.1012
10.1971
12.6028
11.8276
11.0115
10.695
10.9931
11.0101
10.7244
11.1708
10.907
11.1906
10.8556
11.532
10.9315
11.0151
11.1415
10.843
10.7312
10.8247
10.7543
14.3403
10.6716
11.1357
10.7161
11.0392
10.955
11.4985
12.8898
11.1235
11.0251
11.3323
11.1273
10.9791
11.1212
11.6396
11.1341
11.1358
11.2428
11.0429
10.8276
11.0592
10.9574
10.9832
11.1075
10.9843
11.061
11.796
11.2021
10.9516
11.0227
14.2477
11.0497
12.2924
11.0465
11.0748
10.985
11.063
11.0462
11.0769
11.1668
11.0644
11.0968
10.927
11.1904
11.028
11.2619
11.007
11.0605
11.0461
11.1223
12.136
11.2986
11.0975
10.9356
11.1204
10.9918
11.0729
11.0811
11.119
11.0062
11.0465
11.0635
10.9957
11.06
11.2767
11.1696
11.0182
12.3307
11.667
11.1939
11.3505
11.1005
11.309
11.2139
11.2401
