0.0910314
0.106205
0.103799
0.107443
0.103522
0.104079
0.103004
0.12124
0.11354
0.116877
0.10896
0.115054
0.120679
0.119037
0.11852
0.0757898
0.0181666
0.0180852
0.0177731
0.0176615
0.0178762
0.0176735
0.017511
0.0176426
0.0174494
0.014542
0.0120885
0.0136589
0.0134942
0.0131726
0.00936707
0.0114052
0.0107439
0.0104227
0.0108655
0.0107575
0.0110682
0.011904
0.0111397
0.0111087
0.0105819
0.0111689
0.0108795
0.0105351
0.0105854
0.0104796
0.00952507
0.0100534
0.0103479
0.0102633
0.00989621
0.00997296
0.0094297
0.0102106
0.0095593
0.00913604
0.00927
0.00924272
0.00930362
0.00956105
0.00904447
0.00881866
0.00929147
0.00933468
0.0087151
0.0092387
0.00843931
0.00857495
0.00855187
0.00835468
0.00861641
0.00798494
0.0082565
0.00809286
0.0083994
0.00834749
0.00796431
0.00822722
0.00819368
0.00784316
0.00794045
0.00786541
0.00797006
0.00763464
0.00740003
0.00763006
0.00720876
0.00781931
0.00766332
0.00731268
0.00748704
0.00751001
0.00784086
0.00709329
0.00719951
0.00722061
0.00715875
0.0071683
0.00736265
0.00704322
0.00706824
0.00744847
0.00736403
0.00725266
0.0071998
0.0071749
0.00730342
0.00706284
0.00734899
0.00711755
0.00731329
0.00753669
0.00673318
0.00702045
0.00709931
0.00682979
0.00696084
0.00674336
0.00722858
0.00694034
0.0072311
0.00700118
0.00694578
0.00679461
0.00665871
0.00672785
0.00680138
0.00679687
0.00669752
0.00660898
0.00664365
0.00670331
0.00690141
0.0067035
0.0065371
0.00679641
0.00630877
0.0069964
0.00657666
0.00667275
0.0065476
0.00687863
0.00668155
0.00677266
0.00634185
0.00618936
0.00629658
0.00640721
0.00657486
0.00647195
0.00623147
0.0064113
0.00615029
0.00627178
0.00612867
0.0060597
0.00632594
0.00629914
0.00598027
0.00635755
0.00639449
0.00621114
0.00612985
0.00615727
0.00592595
0.00612681
0.00600939
0.00578514
0.00587134
0.00628425
0.00620349
0.00593787
0.00600736
0.00601957
0.00602686
0.00562994
0.00626108
0.00604643
0.00602186
0.00594882
0.0061204
0.00584299
0.00566122
0.00580521
0.00572896
0.00559659
0.00612361
0.00583449
0.00578128
0.00576604
0.00570271
0.00570139
0.00574975
0.00582533
0.00566092
0.00530303
0.00569998
0.00537391
0.00549361
0.0058176
