0.0856757
0.0884459
0.0874149
0.0804358
0.0757359
0.0807121
0.129097
0.122938
0.129114
0.13027
0.137177
0.165213
0.14726
0.147886
0.14335
0.149273
0.152003
0.151808
0.155715
0.146783
0.148309
0.13947
0.142464
0.141
0.141757
0.144596
0.138187
0.137494
0.136846
0.14014
0.137948
0.142177
0.134473
0.12178
0.0142008
0.0125797
0.0108597
0.00663863
0.00310465
0.00381437
0.00445805
0.00448887
0.00428058
0.0042849
0.00350694
0.00219543
0.00140403
0.00172332
0.00215346
0.00219576
0.00209393
0.00235186
0.00221538
0.00215571
0.00224799
0.00216647
0.00209915
0.00222147
0.00242956
0.00243658
0.00234745
0.0023429
0.00234914
0.00224967
0.00238888
0.0022269
0.00226656
0.00218347
0.00222483
0.00228937
0.00238765
0.00235068
0.00220017
0.00237546
0.00240747
0.00244452
0.00250871
0.00245433
0.00241243
0.0025354
0.00230955
0.00256828
0.00249138
0.00250947
0.00251423
0.00236025
0.00247238
0.00263093
0.00261632
0.0025624
0.00264833
0.00249879
0.00260298
0.00272474
0.00262472
0.00254289
0.00265186
0.00261304
0.00261032
0.00264942
0.00278201
0.00286918
0.0026862
0.00273929
0.00276563
0.0026631
0.00271398
0.00279438
0.00275151
0.00265764
0.00279329
0.00275173
0.00275177
0.00262657
0.00269897
0.00264086
0.00271814
0.0026332
0.00258618
0.00261193
0.0026284
0.00255269
0.00263798
0.00272525
0.00267365
0.00284637
0.00274766
0.00278084
0.00282084
0.00285248
0.00288104
0.00278227
0.00293887
0.0026641
0.00293912
0.00289722
0.00295567
0.00300275
0.00281824
0.00290193
0.00288863
0.00291987
0.00298416
0.0029647
0.00293671
0.00301139
0.00287765
0.00296841
0.00296947
0.00296404
0.00305432
0.00297968
0.00294839
0.00296087
0.00297533
0.0029006
0.00275643
0.00275925
0.00298801
0.00279008
0.00290914
0.00298088
0.0030167
0.00279614
0.00291078
0.00285874
0.00284339
0.00286125
0.00294718
0.00279621
0.00285316
0.00285147
0.00285444
0.00282225
0.00269357
0.00279521
0.00282928
0.00285983
0.00285514
0.00286623
0.00274296
0.00277579
0.00288704
0.00271154
0.00284197
0.00285453
0.00274826
0.00279066
0.00275668
0.002747
0.00285723
0.00293023
0.00287551
0.00287633
0.0029126
0.00279513
0.00284502
0.00287833
0.00302423
0.00266849
