1.00152
1.00051
1.00131
1.00071
1.00122
1.00186
1.00024
1.00084
1.0008
1.0015
1.00127
1.00151
1.00091
1.00098
1.00118
1.00121
1.00077
1.00106
1.00269
1.00501
1.00125
1.00268
1.00209
1.00413
1.0022
1.0038
1.00536
1.00199
1.00219
1.00365
1.00551
1.00424
1.00656
1.00646
1.00319
1.00344
1.00406
1.00637
1.00648
1.00816
1.00185
1.00398
1.0083
1.00482
1.00597
1.01201
1.00591
1.00711
1.00468
1.00397
1.00621
1.0111
1.01118
1.0072
1.00724
1.00708
1.01298
1.01082
1.0068
1.01148
1.00908
1.00614
1.00767
1.00633
1.00775
1.01341
1.01048
1.00906
1.00976
1.01011
1.00706
1.00862
1.00877
1.01219
1.00722
1.00824
1.01101
1.00985
1.00705
1.00863
1.01137
1.01316
1.01182
1.01163
1.01249
1.01247
1.00983
1.00966
1.00903
1.01154
1.01394
1.0095
1.00986
1.01
1.01222
1.01214
1.01277
1.01163
1.01271
1.01271
1.0114
1.01213
1.01179
1.01404
1.01293
1.02075
1.01151
1.01258
1.01193
1.01119
1.01242
1.01213
1.02183
1.01207
1.01204
1.01363
1.01088
1.01137
1.01384
1.01145
1.01125
1.01004
1.01266
1.01235
1.0106
1.01291
1.01227
1.01319
1.01159
1.01374
1.01342
1.00976
1.01192
1.01439
1.01327
1.01286
1.01335
1.01253
1.01488
1.0139
1.01411
1.01369
1.01127
1.01511
1.01601
1.01352
1.01296
1.0134
1.01294
1.01388
1.01389
1.0139
1.01396
1.01378
1.01388
1.01488
1.01395
1.01451
1.02612
1.02612
1.02629
1.01409
1.01488
1.01513
1.01417
1.01514
1.01448
1.00863
1.01342
1.01465
1.01905
1.02856
1.03854
1.02351
1.01311
1.02186
1.01453
1.01411
1.01355
1.01486
1.01365
1.01368
1.01406
1.02309
1.01577
1.0131
1.01357
1.01413
1.01426
1.02122
1.01411
1.02637
1.02098
1.01739
1.01787
1.02212
1.01377
1.01209
1.02229
1.01587
