8.16861
12.0248
6.8286
10.3532
7.16272
9.57221
7.99674
8.24835
10.1077
10.6146
8.93264
7.2307
7.39032
8.97303
6.899
10.3251
10.997
10.2812
9.06316
8.79794
8.77706
8.80903
8.05362
9.00977
7.35531
12.1844
9.04354
7.98588
7.49199
9.14986
8.68414
10.3981
8.94718
9.89271
9.46621
10.4517
8.16833
8.75149
7.91667
8.93369
8.60055
9.39752
8.66916
8.19742
10.364
8.17692
7.99816
9.8864
9.67952
11.1047
9.43986
10.0788
10.2046
9.17429
8.41989
10.1984
11.9015
9.20025
8.17488
8.83202
9.2613
8.06044
9.74483
9.50953
8.16458
8.48364
8.43821
8.07026
9.89433
9.53533
8.96768
8.64145
8.51897
10.5073
10.6681
8.21436
9.63777
8.50407
8.7182
8.50178
8.21656
8.65181
8.57772
8.42243
8.2787
8.95486
8.75872
8.22487
8.66996
8.80388
9.30703
10.4167
8.27
8.34197
8.49288
8.27682
8.31803
8.29217
8.42701
8.439
