0.117281
0.0523178
0.0724256
0.253176
0.180875
0.188985
0.0893688
0.0205932
0.00952796
0.0381743
0.0340994
0.0508394
0.0341231
0.0467663
0.0423034
0.0262001
0.0496267
0.0335387
0.037098
0.0244141
0.0336034
0.0298299
0.0362007
0.0277349
0.0319216
0.0203535
0.0172088
0.0288273
0.027419
0.031598
0.0363661
0.0341148
0.0166309
0.02615
0.0194152
0.0272874
0.0363742
0.0211754
0.0239338
0.0287363
0.0176759
0.026013
0.0209702
0.0401198
0.0363335
0.0277637
0.0257472
0.0231608
0.0345709
0.0387868
0.0388181
0.0259823
0.0421242
0.032132
0.0359052
0.042662
0.0215102
0.0330807
0.035318
0.0370775
0.035338
0.0323872
0.0217077
0.0262845
0.0318614
0.0345989
0.0351683
0.030953
0.0295792
0.0314586
0.0284225
0.0308658
0.0232667
0.0365049
0.0255897
0.0275245
0.0369015
0.0475523
0.0363139
0.0173018
0.0404363
0.0441279
0.0302946
0.0390803
0.0530247
0.0315475
0.0421641
0.0328719
0.0554734
0.0347544
0.0329678
0.0290101
0.0374268
0.0443042
0.0346822
0.0432763
0.0315596
0.0370838
0.0338261
0.0368791
