0.0546538
0.0556129
0.0390962
0.0384562
0.0383353
0.0443765
0.0468454
0.0469185
0.0448585
0.0488249
0.0466176
0.0447495
0.0445745
0.0412854
0.0424525
0.0462088
0.0475855
0.0494215
0.049185
0.0467751
0.0495765
0.0529623
0.0488677
0.0512449
0.0498998
0.0530521
0.054236
0.0506498
0.0535115
0.0558674
0.0541186
0.057537
0.0599722
0.0626684
0.0592613
0.0586127
0.0610984
0.0620721
0.0638311
0.0701895
0.0668826
0.0662877
0.0664982
0.0699675
0.0725817
0.0736456
0.0715974
0.0733707
0.0745789
0.0782598
0.0776226
0.0811047
0.0829536
0.0834022
0.08403
0.0870396
0.090524
0.0898566
0.0951341
0.0939301
0.0955102
0.0959994
0.0984445
0.0995397
0.0962763
0.100716
0.101648
0.105464
0.109135
0.107922
0.106176
0.111724
0.111978
0.113156
0.114797
0.11525
0.117762
0.119822
0.121642
0.125755
0.126465
0.130004
0.131077
0.129576
0.13313
0.132655
0.135655
0.139239
0.137453
0.143021
0.1429
0.144892
0.14637
0.147129
0.149802
0.146129
0.149626
0.152872
0.150975
0.153089
