7.6193
5.48529
3.8287
4.89276
7.71188
8.88881
6.50712
6.50817
5.604
5.2682
4.66399
4.28015
5.80059
5.25945
5.30693
8.1517
5.6432
4.75075
5.68582
5.46586
6.99802
8.04382
5.78762
7.22291
7.18677
8.16792
7.94325
6.25738
5.61855
7.02687
6.83092
7.26963
7.04071
5.30839
7.18164
5.83347
7.11522
6.57563
7.15818
7.59397
7.27812
7.45123
6.69381
5.82175
6.35588
7.16215
6.28254
6.60849
8.11571
7.68884
5.65455
6.64564
5.63056
5.66918
7.41524
6.33152
7.28487
6.97655
6.99253
7.32734
6.06423
5.62721
7.28189
5.61958
6.19019
6.4054
5.60469
7.17977
6.65543
7.28188
7.98527
7.28188
7.28188
7.28188
5.63512
7.28252
7.67081
7.79232
7.28188
7.68599
7.28188
7.69696
8.51742
7.77066
8.50589
7.7149
8.93667
7.8976
9.70646
9.47991
8.22009
8.03656
7.95697
7.46674
8.21313
8.65826
10.0054
10.4421
10.6764
10.2293
