57.2277
57.1452
57.2212
57.1916
57.212
57.205
57.2248
57.2329
57.2182
57.2127
57.086
57.1912
57.2012
57.2356
57.1424
57.205
57.2549
57.2268
57.1942
57.2349
57.108
57.2192
57.2326
57.1128
57.1948
57.3703
57.2422
57.2233
57.2092
57.2394
57.1556
57.1643
57.2159
57.1736
57.2072
57.1461
57.196
57.1861
57.1732
57.1523
57.206
57.0109
56.9338
57.1593
57.1662
57.1892
57.0828
57.1041
57.0601
57.1401
57.1701
57.2168
57.0905
56.8607
57.0899
57.1983
57.2265
57.0959
57.0738
57.0573
57.1741
57.259
56.9612
56.9827
57.1964
57.0353
57.2177
56.8999
56.9501
56.9477
56.9181
57.0739
56.6874
56.9415
57.1447
56.8646
56.8479
57.0969
56.7867
56.7047
57.1007
57.0837
56.3815
56.9346
56.3156
56.5342
56.7266
56.1604
55.2115
55.5941
55.4275
56.7763
56.5814
56.7902
56.6292
56.8035
56.3552
56.4085
56.1489
56.543
56.759
56.8524
56.4318
56.6551
57.0297
55.617
56.5407
56.4411
56.4931
56.7864
56.0592
56.2938
56.7251
56.7184
56.3102
56.5561
56.5933
56.8372
56.8023
56.2722
56.2889
56.671
56.2045
56.0739
56.1333
56.682
56.359
56.3151
56.6934
55.7788
56.6021
56.3913
55.9807
56.5199
56.288
55.4442
56.3959
56.5479
55.8457
56.5932
56.5759
57.0316
56.3689
56.8022
56.3562
55.8583
56.2349
56.7888
56.2984
56.321
56.8866
55.8858
56.7925
56.8142
55.6494
56.5555
56.2292
57.3077
57.0856
56.3349
56.8264
56.2613
55.6167
55.5268
56.3985
56.5704
56.2245
56.3855
56.327
56.4324
56.2169
55.8408
56.344
57.01
56.0814
55.2859
56.1709
55.9742
56.7354
57.0724
56.3054
56.2873
56.115
56.5339
56.9886
56.0629
56.0578
56.7094
56.847
55.8123
55.6887
56.564
55.9279
55.6391
56.4887
56.7643
56.2334
55.61
56.1971
55.7717
