2.54956
2.41983
2.54248
2.60636
2.61392
2.43254
2.45958
2.6654
2.41931
2.41727
2.48226
2.63174
2.43966
2.59832
2.54496
2.58408
2.42202
2.42343
2.44119
2.64104
2.43874
2.48449
2.53852
2.53041
2.44118
2.41914
2.18835
2.39748
2.37695
2.44791
2.41368
2.31683
2.26412
2.35604
2.62579
2.3977
2.34286
2.47593
2.38103
2.35764
2.35237
2.27927
2.41385
2.37875
2.37882
2.46597
2.3348
2.33495
2.18492
2.43888
2.30983
2.35369
2.29579
2.34223
2.19825
2.1655
2.16655
2.26731
2.33866
2.2544
2.2744
2.46064
2.30714
2.37936
2.26038
2.44109
2.23382
2.23673
2.12024
2.19862
2.35236
2.36044
2.18188
2.34858
2.34841
2.2257
2.40791
2.31631
2.27282
2.19903
2.17699
2.34286
2.09924
2.1635
2.24416
2.05625
2.39329
2.17344
2.19414
2.11549
2.38105
2.45106
2.15931
2.22022
2.17768
2.17396
2.23619
2.23091
2.18407
2.27894
2.03762
2.03745
2.05887
2.0849
2.6441
2.13594
2.09872
2.31766
2.31179
2.22272
2.00491
2.32235
1.80018
2.12648
2.33809
2.07502
2.3315
2.15074
2.19545
2.33974
2.13186
2.2796
2.19949
2.1505
2.09676
2.10101
2.11578
2.10336
2.27478
2.10777
2.07171
2.0792
2.06082
2.16188
2.09993
2.00248
2.01088
2.22623
2.23327
2.0677
2.08479
2.09459
2.25479
2.06117
2.19241
2.19195
2.13955
2.126
2.21351
2.22822
2.16876
2.41774
2.05476
2.05996
2.17372
2.17837
2.06865
2.20838
2.33136
2.15713
2.14715
2.09024
2.01492
2.08509
2.25311
2.11834
2.10209
2.17431
2.19964
2.13898
2.05226
2.13197
2.11424
2.3792
2.10735
2.18094
2.21648
2.06155
2.1678
2.219
2.12505
2.25335
2.06918
2.07074
2.17412
2.17478
2.08588
2.21195
2.09199
2.09181
2.0903
2.13374
2.01111
2.10865
2.02693
2.07656
1.98505
2.07429
2.1453
2.13186
