1.46705
1.43435
1.49206
1.30368
1.42066
1.42565
1.25237
1.41673
1.37648
1.38531
1.44704
1.38488
1.31207
1.457
1.32086
1.42397
1.47749
1.45841
1.45758
1.4194
1.4338
1.46481
1.4353
1.47297
1.45614
1.44499
1.44142
1.44585
1.45948
1.45183
1.48157
1.46661
1.4019
1.36389
1.44328
1.406
1.45751
1.43565
1.4416
1.49089
1.4864
1.4809
1.45826
1.47768
1.48396
1.4833
1.45099
1.49117
1.50294
1.5023
1.4815
1.50689
1.53042
1.50876
1.44251
1.49713
1.49251
1.49154
1.49451
1.48537
1.49128
1.49946
1.50395
1.50051
1.49851
1.51173
1.51155
1.47578
1.48722
1.49291
1.48341
1.50571
1.45514
1.49404
1.49988
1.49444
1.4895
1.46048
1.51043
1.50101
1.51228
1.49853
1.46294
1.50018
1.4733
1.49065
1.50212
1.5165
1.47561
1.50928
1.50714
1.47452
1.49275
1.49169
1.48936
1.50109
1.49506
1.52392
1.5217
1.4751
1.44043
1.50268
1.49301
1.53157
1.50811
1.4972
1.49275
1.481
1.5045
1.50266
1.50414
1.49599
1.49594
1.50225
1.4988
1.49675
1.52016
1.54388
1.47107
1.53034
1.53662
1.52684
1.5053
1.49852
1.50706
1.51219
1.52447
1.52409
1.50575
1.52231
1.50597
1.54149
1.49597
1.52332
1.54362
1.50992
1.50648
1.49594
1.50665
1.47901
1.51666
1.51196
1.51559
1.51568
1.50567
1.51789
1.50516
1.52359
1.51435
1.51464
1.515
1.51662
1.50235
1.51394
1.51656
1.51567
1.53094
1.50199
1.53625
1.53074
1.5047
1.52339
1.52356
1.53437
1.54121
1.52806
1.5149
1.52816
1.5345
1.53761
1.51832
1.53077
1.53263
1.48682
1.51204
1.50559
1.52227
1.51506
1.5284
1.52583
1.53556
1.50641
1.51942
1.52186
1.51496
1.51386
1.53384
1.54244
1.51748
1.52976
1.52322
1.51455
1.51823
1.53283
1.5227
1.49863
1.52033
1.52927
1.51078
1.52572
