0.0157707
0.0315796
0.0473431
0.0632307
0.0790097
0.0950179
 0.110837
 0.126993
 0.142891
 0.159196
 0.175233
 0.191654
 0.207913
 0.224391
 0.240954
 0.257432
 0.274351
 0.290814
 0.308074
 0.324576
 0.342071
 0.358741
 0.376296
 0.393285
 0.410733
 0.428128
 0.445409
 0.463153
 0.480363
 0.498256
 0.515586
 0.533386
 0.550971
 0.568562
  0.58636
 0.603837
 0.621637
 0.639199
 0.656773
 0.674505
 0.691825
  0.70957
 0.726855
  0.74432
 0.761814
 0.778836
 0.796518
 0.813276
 0.830811
 0.847734
 0.864708
 0.882128
 0.898386
  0.91625
 0.932078
 0.949976
 0.965951
 0.983368
