4.68155
5.39399
7.09622
8.28297
8.32709
8.38886
8.22135
8.45306
8.55309
8.12973
8.64749
8.66616
8.55497
8.6824
8.5106
8.33878
8.87783
8.76041
8.72611
8.53497
8.30659
8.4268
8.81915
8.89214
8.30117
8.69026
8.04249
7.73499
7.20342
6.79178
5.32279
3.78442
2.86049
2.92912
2.8694
3.0725
2.8943
2.93918
3.22994
3.36045
3.49968
3.20749
3.2259
3.61533
3.51739
3.49044
3.67992
3.77377
3.74314
3.53122
3.6326
3.87697
3.7415
3.84294
3.86643
3.91203
3.91077
3.78678
3.77179
3.94996
3.8682
3.84004
3.85411
3.95318
4.03222
4.02084
3.92677
3.76275
3.32342
3.41054
3.57725
3.70989
3.68507
3.5958
3.48525
3.42137
3.72674
3.45082
3.46808
3.58463
3.74831
3.64851
3.652
3.45082
3.41483
3.4895
3.6304
3.4452
3.52254
3.53139
3.52096
3.42939
3.45109
3.45219
3.43719
3.37666
3.61333
3.57665
3.43645
3.56492
3.49983
3.42951
3.43904
3.29938
3.47522
3.36454
3.27777
3.35045
3.41221
3.45936
3.27256
3.24182
3.4615
3.32453
3.38183
3.34053
3.2601
3.36305
3.32761
3.26325
3.32096
3.33693
3.30676
3.19931
3.12429
3.32772
3.26985
3.25882
3.14909
3.28481
3.28413
3.12666
3.26718
3.15419
3.22104
3.2944
3.13824
3.11804
3.29744
3.06928
3.19896
2.92162
3.12388
2.93569
3.12718
3.05314
2.93997
3.14898
3.14395
2.95263
3.0228
3.11836
3.06733
2.99274
3.11557
3.04525
3.16601
2.93404
2.88577
3.03236
3.26922
2.98527
3.07545
3.08094
2.88257
3.0432
2.93424
2.92064
2.71355
2.99445
2.92314
2.74746
2.86631
2.7561
2.84153
3.00325
2.97878
3.02285
2.85693
2.86773
2.85143
2.88362
2.95062
2.89546
2.95132
2.97306
2.8137
2.9243
2.86411
2.91434
2.94269
2.91149
2.87361
2.77421
2.80725
2.7404
2.83207
2.84292
2.86373
2.77343
