5.25331
6.35606
7.67476
8.02412
7.87381
12.8737
6.46494
6.86266
8.20396
9.70374
7.26835
9.40338
9.63197
10.2326
7.39527
11.8654
9.54206
8.6379
8.37856
13.7307
8.45386
9.56474
9.07928
8.71836
10.6976
8.62237
10.0769
9.3122
9.66025
8.1437
10.5874
11.414
9.89002
8.71312
9.61948
9.84447
9.47617
9.42998
10.8117
10.6933
9.81297
9.81822
10.4014
9.40449
10.701
9.81111
10.1648
11.1007
11.9317
11.8793
12.3856
9.8183
9.83337
10.0502
10.2095
10.7015
10.0804
10.1878
9.82803
10.3549
11.016
10.7723
9.83708
10.309
9.875
10.488
10.2483
10.1735
9.88368
9.93308
9.8846
9.85751
9.83322
9.88254
9.85224
9.85751
10.3505
10.1308
9.91134
10.2435
9.85751
9.85349
9.84301
9.85751
9.88127
10.1985
10.0133
10.0931
9.88149
9.96428
9.85751
9.84828
9.86537
9.85838
9.86712
9.85751
9.89655
9.88385
9.87407
10.3531
