0.0903415
0.00806169
0.00810358
0.00439501
0.0246653
0.0174855
0.0477847
0.0416343
0.0496469
0.0569643
0.0288477
0.0443425
0.0388552
0.0439793
0.0424191
0.0350772
0.0388982
0.0338445
0.0393033
0.0264528
0.0272651
0.0389807
0.0359475
0.036953
0.0283439
0.0211324
0.019923
0.0278926
0.0319779
0.0363221
0.0296753
0.0299705
0.0205781
0.0169664
0.0257051
0.0302958
0.0178891
0.0249206
0.0250762
0.0315179
0.0268871
0.0248015
0.0368118
0.0195625
0.0209168
0.02908
0.0161015
0.0189467
0.0089222
0.0228925
0.0227057
0.0273878
0.0171244
0.0157473
0.0156759
0.0225768
0.0185563
0.0125418
0.0140261
0.0131028
0.0176186
0.0124303
0.0137996
0.00951782
0.00810185
0.0125742
0.0141433
0.0167982
0.0114495
0.017072
0.0182386
0.0130787
0.0114521
0.0151346
0.0214128
0.0177491
0.017611
0.0175617
0.0202354
0.023369
0.0153043
0.0230782
0.0203536
0.0271953
0.020642
0.0254054
0.0290433
0.0327395
0.0305014
0.0255616
0.0300289
0.0262168
0.0226202
0.0261871
0.0290679
0.0393799
0.0328381
0.0246956
0.0321003
0.0185969
