6.93242
6.70447
6.33686
6.19659
6.03403
6.21012
5.82264
5.78355
5.78439
5.77622
5.52095
5.53396
5.29929
5.30074
5.42793
5.40741
5.39973
5.26712
5.24061
5.28523
5.2862
5.24717
5.26347
5.29194
5.1695
5.00113
5.28137
5.15809
5.09805
5.14601
5.09556
5.08628
4.84965
4.96797
4.96797
4.95444
4.63394
4.64328
4.7142
4.65129
4.7679
4.77365
4.52682
4.51743
4.37247
4.49269
4.51626
4.57552
4.41236
4.40414
4.4806
4.25178
4.2111
4.31252
4.22709
4.20529
4.26302
4.27938
4.22054
4.18492
4.02398
4.13481
4.17374
4.05078
3.97166
3.99774
3.94037
3.91198
3.98463
3.8289
3.86554
3.81483
3.83266
3.83129
3.74761
2.94543
0.741666
0.745455
0.74415
0.690941
0.681555
0.710983
0.709697
0.721841
0.691552
0.706056
0.701502
0.69067
0.676081
0.689617
0.663567
0.642512
0.628404
0.653362
0.69426
0.678386
0.650451
0.67745
0.653169
0.647111
0.664677
0.643581
0.643367
0.661801
0.642749
0.619692
0.659676
0.621446
0.656022
0.636884
0.634488
0.627034
0.640391
0.636262
0.57867
0.604447
0.603474
0.608065
0.592173
0.590547
0.595042
0.589655
0.589804
0.567222
0.575859
0.571943
0.579698
0.577473
0.594937
0.586019
0.577563
0.5821
0.594175
0.574445
0.570314
0.570882
0.570034
0.557444
0.575026
0.558562
0.554005
0.56254
0.549232
0.549499
0.549041
0.541589
0.538587
0.515598
0.528702
0.530264
0.558539
0.493
0.517553
0.50021
0.531355
0.56415
0.503012
0.534887
0.556282
0.534175
0.547942
0.531693
0.503807
0.533631
0.511061
0.531696
0.517578
0.545932
0.509267
0.522736
0.487752
0.477985
0.495241
0.512263
0.464793
0.527052
0.492867
0.488999
0.509778
0.504471
0.496493
0.51351
0.48496
0.492142
0.464931
0.47704
0.512066
0.460147
0.465285
0.458473
0.472056
0.456895
0.467835
0.446932
0.443303
0.476843
0.432713
0.471179
0.440208
0.47709
