1.00057
1.00191
1.00082
1.0007
1.00067
1.00363
1.00137
1.00096
1.00048
1.00132
1.00065
1.00199
1.00117
1.0007
1.0017
1.0027
1.00321
1.00203
1.00114
1.0011
1.00241
1.00093
1.00245
1.00114
1.0023
1.00158
1.00148
1.00085
1.00247
1.00153
1.00248
1.00164
1.00217
1.00527
1.00974
1.00823
1.00375
1.00093
1.0044
1.00292
1.00503
1.0082
1.00923
1.00581
1.0093
1.0044
1.00517
1.00916
1.00489
1.0065
1.01106
1.00424
1.00713
1.00316
1.00397
1.00654
1.00499
1.00568
1.00236
1.00376
1.0132
1.0022
1.00547
1.00568
1.00807
1.00884
1.00784
1.00635
1.0045
1.00777
1.00463
1.00325
1.01069
1.01111
1.0048
1.01398
1.00915
1.01106
1.01478
1.01596
1.01013
1.01535
1.01309
1.00631
1.00653
1.01103
1.01172
1.02862
1.01945
1.02209
1.00958
1.02929
1.01596
1.01477
1.0065
1.01488
1.00833
1.01176
1.01506
1.01042
1.0285
1.01188
1.01207
1.02159
1.01512
1.01086
1.02277
1.02216
1.00879
1.01438
1.01236
1.01029
1.01302
1.00678
1.01366
1.00942
1.0208
1.02147
1.01029
1.0134
1.01125
1.01015
1.01263
1.01461
1.03652
1.01112
1.02167
1.00973
1.0154
1.0352
1.02136
1.01086
1.01243
1.02949
1.03059
1.03017
1.01571
1.01337
1.0145
1.01397
1.01588
1.01485
1.01044
1.01343
1.0295
1.01264
1.01351
1.01288
1.01363
1.01633
1.03634
1.03602
1.01382
1.02176
1.02996
1.03601
1.01304
1.01276
1.01347
1.01261
1.02158
1.03406
1.01488
1.03017
1.01321
1.02177
1.0208
1.03597
1.01453
1.01421
1.01209
1.01453
1.03643
1.01508
1.01528
1.0143
1.01417
1.01448
1.02142
1.01839
1.01387
1.01389
1.01722
1.03289
1.01406
1.0344
1.03348
1.01446
1.01273
1.03854
1.02089
1.01881
1.01333
1.0139
1.02996
1.01513
1.02612
1.02804
1.0173
1.0139
