14.3394
13.9777
15.2563
14.2319
15.269
13.8321
15.4414
15.2671
14.3256
14.0019
13.4343
14.2082
14.1682
15.4386
15.4016
13.8942
15.1905
13.7631
15.2442
14.6241
13.0482
14.2382
13.6203
15.1326
14.4502
11.794
13.9188
14.3941
14.6685
14.3897
14.4729
13.7772
14.0131
13.9503
14.366
15.3199
14.8207
13.9696
11.5134
14.4494
13.7415
13.9215
15.0579
14.0696
12.7262
13.7507
13.6136
12.173
13.5246
12.194
13.2165
13.2002
14.7736
12.5763
13.486
14.033
13.8498
13.1678
13.9183
13.2659
10.5925
11.5428
14.6919
12.9791
12.2559
11.9568
13.3335
13.8625
10.3032
12.7347
12.8685
13.8998
10.8965
10.8667
10.4035
10.5015
13.3283
10.7942
9.56973
11.1133
13.9854
12.3614
12.3851
12.2923
11.7435
10.806
10.9201
11.0362
10.8644
10.7648
10.8338
10.2544
11.06
10.0945
10.2604
12.1212
11.0942
11.0304
10.7794
11.0908
10.8849
11.0231
12.7863
10.6607
10.9532
10.9577
11.402
12.3237
10.7418
10.9768
10.7945
10.472
10.3327
11.1572
11.0647
11.0687
10.6157
10.7892
11.1237
12.9866
10.9393
10.8661
11.0053
10.7747
10.9113
10.3675
11.6446
11.253
11.1354
13.7776
11.1078
10.8519
10.6119
10.6293
11.2068
11.4139
10.7055
10.6382
11.1355
11.0222
10.923
10.7857
10.5079
11.1013
10.7791
11.0406
11.7149
11.6611
11.1257
10.9968
10.8862
11.048
11.48
10.9697
11.0246
10.9052
10.7643
10.8485
10.9658
10.8969
11.0493
10.9445
10.9929
11.2249
10.7088
10.8962
10.5534
11.0276
11.0659
10.9644
11.006
11.0727
10.9733
11.1784
10.8798
11.1458
10.8646
11.0415
10.6821
10.7903
10.9906
11.1075
11.0278
10.9453
10.8593
10.965
11.2017
11.1312
10.7482
11.1408
11.0821
10.9349
11.071
11.1083
10.831
10.9391
10.966
12.2284
11.1289
10.9553
