0.234152
0.139767
0.129148
0.122408
0.12467
0.121988
0.114351
0.0933741
0.00989797
0.0102181
0.00987811
0.00966489
0.00991501
0.00996635
0.00957286
0.00979185
0.0100491
0.00988033
0.00964225
0.00956
0.0094768
0.00963184
0.00959179
0.0096958
0.00915075
0.00497823
0.0047187
0.00491916
0.0047738
0.00458227
0.00456532
0.00461326
0.00487434
0.00450355
0.00472397
0.00457266
0.00416243
0.00425824
0.00387081
0.00252794
0.00334968
0.00351941
0.00330046
0.00379022
0.00372374
0.00343005
0.00382997
0.00367774
0.00379692
0.00362896
0.00372609
0.0036767
0.00358926
0.00371333
0.00389674
0.00364173
0.00355398
0.0035743
0.00367874
0.00356912
0.00347634
0.00377258
0.00386292
0.00364994
0.0034862
0.0033338
0.0035834
0.00353782
0.00333523
0.00334662
0.00343271
0.00355386
0.00344349
0.003358
0.00327551
0.00337318
0.00346801
0.00353004
0.003568
0.0035691
0.00337002
0.00353948
0.00362475
0.00329813
0.00348679
0.00339603
0.00360854
0.00351667
0.00332903
0.00344977
0.00344229
0.00346586
0.00348433
0.0034844
0.00357091
0.00344004
0.00318996
0.00342116
0.00326274
0.00326231
0.00332792
0.00340301
0.00339297
0.0031754
0.00314364
0.00307754
0.00290292
0.00312698
0.00318938
0.00312366
0.00314766
0.00300484
0.00320177
0.00302672
0.00310283
0.00299824
0.00297349
0.00307697
0.00308177
0.00295911
0.00300205
0.00284442
0.00298045
0.00298567
0.00303369
0.00307825
0.00304227
0.00307431
0.00291947
0.00307184
0.00302702
0.00296788
0.00305598
0.00292356
0.00306443
0.00287336
0.00296174
0.00290014
0.0029796
0.0029112
0.00305483
0.00303449
0.00292578
0.00300738
0.0029891
0.0029623
0.00297503
0.00304269
0.00303491
0.00308898
0.00293353
0.00300904
0.00289546
0.00295924
0.00294248
0.00301489
0.00283994
0.00295824
0.0029653
0.00301816
0.00300316
0.00294248
0.00305058
0.00297186
0.00295278
0.00289221
0.00292924
0.00298274
0.00287316
0.00299002
0.00291503
0.0030266
0.00293743
0.00307754
0.00305048
0.00299777
0.00296436
0.00290946
0.00295448
0.00291199
0.00289323
0.00279899
0.00290144
0.00298066
0.00288498
0.00294026
0.0029127
0.00288519
0.00298031
0.00292721
0.0028555
0.00275923
0.00289863
0.00282162
0.00281102
0.00283574
0.00277785
0.00283266
0.00282699
0.00280122
