39.4291
37.4705
40.7172
44.7582
46.5082
47.0607
46.9099
48.1684
49.3492
47.498
48.5519
50.5556
49.8452
47.0715
47.9717
48.2144
48.4332
48.8236
50.0295
48.9875
48.676
48.8807
49.8901
51.6965
47.5553
49.4283
49.9018
50.6395
51.2164
50.241
49.0414
49.1572
50.0242
48.2323
46.5966
46.4339
45.0237
44.1646
40.0329
35.1782
33.2267
27.9176
24.723
21.8299
20.9032
21.147
20.2128
19.9395
20.2836
19.8167
20.5729
20.2097
19.8815
19.6525
21.3021
21.7543
20.7575
20.5883
20.661
21.0985
21.43
21.4188
20.8983
20.8327
20.779
21.0465
21.5259
20.5281
20.4662
21.0911
20.9188
20.3579
21.0205
21.8688
21.1414
21.6633
20.5255
19.921
19.1258
16.3349
17.7849
18.1666
19.0382
18.8632
18.909
20.007
19.8434
19.992
19.5569
20.6122
20.9097
19.8605
20.474
20.0176
20.4518
19.5941
20.9673
20.7465
19.9137
20.8057
21.5435
20.8307
20.8274
20.2699
21.0631
21.3172
20.6842
21.1708
20.942
20.3566
21.4389
21.5837
20.9915
21.0292
20.3099
20.4065
20.4668
21.5468
21.6199
20.8279
20.871
20.6132
21.1898
20.5194
20.6902
19.692
20.8498
21.6566
21.6852
21.398
20.4494
20.8441
20.8427
21.0838
20.9063
20.4247
20.0398
20.6318
21.3552
19.9808
21.157
20.4568
20.0973
20.3607
20.3834
20.3507
20.1582
20.9922
20.8791
21.072
20.3658
19.7468
20.1948
19.582
19.8059
20.8499
19.36
20.6911
19.7592
20.6779
20.7648
20.5225
19.5895
20.7084
19.8927
20.2753
19.7192
20.205
19.4861
19.8979
19.8682
19.8526
20.878
20.263
20.391
20.5479
20.0778
19.631
19.1556
19.8487
18.5724
19.1783
19.102
19.982
19.3289
19.3842
19.1518
19.1267
19.9508
18.3347
18.7018
19.8724
19.0107
19.1407
19.4497
19.4572
19.4298
19.3779
19.0665
19.6734
