3.29408
2.92101
2.92321
3.04938
3.11296
3.19221
2.58442
3.3257
2.97566
2.97787
2.86789
2.99092
2.84034
2.81176
3.17038
3.09941
3.00458
3.09249
3.26331
3.1774
3.16677
3.02432
3.2266
3.14552
3.26817
3.52622
3.25713
3.17596
3.19716
3.21258
3.43954
3.43424
3.48502
3.31336
3.46674
3.31626
3.37835
3.58002
3.27677
3.61339
3.35975
3.27474
3.53333
3.76964
3.4248
3.36776
3.75659
3.90648
3.78765
3.68172
3.57507
3.88145
3.87456
3.71208
3.96893
4.01511
3.76074
3.83586
3.93135
3.61414
3.76855
3.94934
3.80358
4.01861
3.85967
4.02007
3.93987
3.9557
4.0013
3.81696
3.77464
3.85106
3.92949
4.03794
4.09863
3.83533
4.00449
4.15123
4.12177
3.93176
4.00873
4.12474
3.89862
4.02789
4.1184
3.99054
3.95388
4.0055
4.09344
3.99151
4.1418
4.13169
4.15313
4.0693
4.04972
4.14267
4.04919
4.09943
4.02215
4.08673
4.11801
4.08801
4.13169
4.07608
4.12424
4.07893
4.16094
4.15143
4.15718
4.1108
4.13061
4.12208
4.0845
4.13251
4.06181
4.12226
4.12403
4.10565
4.09572
4.11595
4.15355
4.09596
4.09064
4.1457
4.13517
4.15072
4.10198
4.11108
4.0806
4.11102
4.14551
4.16721
4.13178
4.17289
4.13333
4.13389
4.1435
4.12386
4.10808
4.1695
4.12234
4.13231
4.12456
4.14409
4.12835
4.06739
4.13284
4.1338
4.12694
4.12591
4.17168
4.12446
4.1695
4.11345
4.1618
4.1342
4.21625
4.10773
4.14702
4.21625
4.14525
4.16577
4.15323
4.1419
4.17548
4.12772
4.14955
4.1566
4.09184
4.15617
4.1564
4.1325
4.18629
4.12326
4.10764
4.17853
4.1695
4.18629
4.1695
4.07456
4.14303
4.1695
4.14619
4.12054
4.17055
4.14242
4.08304
4.13116
4.11298
4.16942
4.2075
4.1695
4.17545
4.1695
4.13349
4.16575
4.14632
4.13824
4.19481
4.18281
