22.6392
21.7189
22.9155
25.0213
22.9881
22.5651
22.6245
25.0565
22.6225
22.4261
21.2265
21.564
22.4291
21.011
24.7556
25.0133
22.8145
25.174
22.5514
21.2517
22.542
22.7082
22.4227
22.7379
24.7261
20.6165
21.6999
21.5517
21.4789
22.1349
22.0198
21.8282
22.6222
21.1716
22.8985
24.6824
21.2641
22.3759
23.0275
24.6027
20.433
20.7091
20.7769
21.0705
19.878
22.5398
22.2899
19.8602
22.7032
22.2102
22.1117
20.163
20.1751
20.7658
20.9715
20.816
21.5716
20.144
21.7559
20.5346
22.267
22.1373
21.4687
21.4356
22.121
19.2963
19.537
20.1678
17.7473
21.364
22.362
21.6215
18.7943
21.0812
17.9949
21.4223
20.0119
20.0394
19.8662
20.9615
22.8064
21.4522
20.3074
20.493
20.248
19.7137
20.8984
19.9647
20.5713
21.9838
21.0436
20.4227
21.6664
22.3788
20.3026
20.0665
17.4932
18.1973
19.6473
20.0371
19.9948
20.8478
20.001
18.2194
17.7315
18.7532
19.9439
17.5977
20.8684
19.7067
19.6435
19.8699
20.2556
17.9421
20.4521
19.5717
20.118
19.9214
20.5557
19.5292
20.5758
20.3515
19.8654
19.7232
17.3978
19.9066
19.3509
15.8117
18.4437
18.634
19.8009
19.6724
18.3351
19.9848
19.8661
20.1604
19.693
19.5207
19.6721
18.4155
19.8145
19.3371
20.9683
21.2129
19.6119
19.5965
19.6302
17.185
18.3698
18.8256
18.999
18.6052
19.825
18.7
19.7451
19.0819
18.3208
19.323
20.3702
19.0455
21.0978
19.3574
19.3661
19.7812
19.5644
18.7033
18.1673
19.5993
19.686
18.7475
17.7626
19.951
19.8087
18.3831
19.5409
19.5644
19.4908
20.8138
19.7522
19.3221
19.727
19.0934
19.663
19.5325
19.9838
19.7895
19.4979
19.3288
19.5292
19.6453
19.5533
19.2546
20.2765
19.1967
19.5404
20.0224
19.2814
18.9709
19.6542
21.0845
