19.7753
19.1345
19.1015
18.1151
18.0726
19.2103
19.0823
19.6729
19.605
19.7131
19.9908
19.3816
19.8003
19.7834
19.8698
19.7843
19.9288
20.0136
19.9621
19.9422
19.9266
19.7431
19.8938
19.8131
19.9252
19.7909
19.7646
19.8063
19.8129
19.8854
19.8841
19.8519
19.9296
19.9178
20.0136
19.9302
19.9641
20.0287
19.8785
19.9538
19.9452
19.9495
19.9679
19.9407
19.9238
19.9006
19.9297
19.9747
19.8876
19.9774
19.875
19.9448
19.9073
20.0328
19.9802
19.9964
20.0047
19.9429
19.9589
19.901
20.0084
19.9238
19.9857
19.9948
19.9105
20.0031
19.9116
19.9395
19.823
19.9974
19.8984
20.0545
19.946
19.9407
19.8594
19.8413
19.8687
19.902
19.9673
19.9309
19.9674
19.9154
19.8681
20.0479
19.9799
19.8423
19.9181
19.8923
19.8384
19.8743
19.8892
19.9411
19.9085
19.8188
19.9287
20.0563
19.8693
19.9701
19.9021
19.9308
