1.96772
1.97843
1.82328
1.83932
1.85579
1.9879
1.99046
1.98653
1.84801
1.82543
1.82255
1.83383
1.83535
1.92713
1.95718
1.95291
1.95924
1.81417
1.76291
2.00313
1.78904
1.83662
1.78662
1.80199
1.98171
1.79878
1.80357
1.93208
1.77769
1.97884
1.83071
1.80957
1.68944
1.78609
1.97407
1.75018
1.72595
1.98379
1.71547
1.71359
1.85163
1.98528
1.98565
1.78047
1.80966
1.98531
1.86246
1.86226
1.69115
1.74041
1.95344
1.49298
1.56249
1.77118
1.93634
1.6008
1.85254
1.6656
1.63317
1.63913
1.96823
1.70015
1.95416
1.70555
1.54476
1.78086
1.70042
1.82653
1.75146
1.4647
1.4377
1.7742
1.73207
1.40954
1.76623
1.25934
1.95258
1.7706
1.70079
1.30247
1.22632
1.23534
1.30676
1.27456
1.41068
1.25948
1.22541
1.29295
1.26432
1.3693
1.9031
1.45475
1.41878
1.20608
1.45983
1.11527
1.25167
1.26254
1.19791
1.16292
1.15824
1.7148
1.62322
1.35005
1.43793
1.93274
1.15608
1.5197
1.54672
1.15515
1.13004
1.4104
1.1563
1.17241
1.15002
1.54758
1.14928
1.28718
1.13463
1.14865
1.11025
1.23504
1.62067
1.47334
1.15699
1.14985
1.07973
1.19755
1.33084
1.15328
1.18288
1.18844
1.36918
1.4895
1.58612
1.15043
1.1525
1.16723
1.34999
1.22884
1.34091
1.13069
1.43591
1.15239
1.21543
1.19402
1.28019
1.37437
1.15373
1.14219
1.1694
1.45013
1.46066
1.41859
1.12111
1.16325
1.19884
1.19594
1.64639
1.46934
1.70868
1.44795
1.15879
1.52385
1.13552
1.80011
1.81878
1.31376
1.38919
1.17712
1.53302
1.16731
1.41471
1.2642
1.25169
1.21752
1.18982
1.36799
1.24385
1.26443
1.18671
1.27608
1.24741
1.76658
1.43702
1.45105
1.26356
1.3427
1.11816
1.17598
1.14546
1.43766
1.50097
1.2708
1.16893
1.13485
1.19733
1.15542
1.12436
1.27389
