10.5732
12.9475
13.2792
11.9423
9.75368
9.42154
9.06026
9.33668
12.2933
10.8512
13.8151
11.5419
9.53391
9.04969
12.9049
11.5115
11.4674
11.2003
10.4911
12.4772
10.3358
11.0482
12.4189
10.699
12.8072
10.1255
11.1163
11.5845
10.9669
9.9669
10.078
12.1051
10.0842
11.0002
12.7054
13.7559
11.9989
11.7356
12.9805
12.9168
11.175
11.5607
13.3819
11.6795
10.8084
11.2865
12.2068
11.3257
10.8582
11.2436
11.0925
11.9829
12.8334
12.8152
11.8367
12.4236
12.4183
12.0262
11.9257
12.9664
12.8467
12.1145
12.1504
11.0647
13.5647
13.4977
13.9783
12.622
12.8793
11.7738
13.0413
13.106
11.2835
13.8731
12.9466
11.1323
11.6119
12.6306
10.9986
13.2576
13.6215
12.1532
11.7951
12.1013
14.1493
12.2095
12.614
12.4961
12.6953
15.0806
12.8677
13.6923
15.2541
12.4671
12.9843
12.7124
12.4671
12.9238
13.8449
13.6229
