2.00088
2.00066
2.00423
2.00379
1.97934
2.02791
2.02023
2.03051
2.02102
2.0268
2.03752
1.96338
2.04104
2.00762
2.00654
2.01712
2.03189
2.03418
2.0018
1.95566
1.97285
2.01299
1.95962
1.98735
2.03339
1.99294
2.00343
1.89466
2.02933
1.9942
1.99851
2.01346
1.98742
1.99307
2.04243
1.96605
1.93023
2.02975
2.03132
2.00642
2.00716
1.93134
1.95578
1.8137
2.00113
1.84092
2.02586
1.92231
2.00313
1.82083
2.01718
1.85056
1.97654
1.86128
1.95978
1.93565
1.94719
1.95408
2.00741
1.78807
1.92709
1.84141
1.85992
1.91886
1.79229
1.85095
1.81468
2.01163
1.87268
1.93128
1.91152
1.84644
2.00342
1.98342
1.80916
1.88179
1.94959
1.79925
1.81109
1.80577
1.80942
1.84741
1.78477
1.87907
1.77064
1.92182
1.79755
1.76648
1.93083
1.78163
1.81984
1.79201
1.79307
1.85677
1.75574
1.90938
1.98278
1.77202
1.80812
1.81446
1.80073
1.8096
2.00259
1.76996
1.81007
1.79072
1.81446
1.76772
1.7925
1.86819
1.78039
1.78323
1.84595
1.81081
1.93193
1.81406
1.8383
1.80751
1.82559
1.81723
1.80828
1.95034
1.83358
1.93524
1.82171
1.81538
1.78244
1.80288
1.81047
1.7578
1.80734
1.78844
1.83343
1.8037
1.78387
1.77248
1.79371
1.86596
1.79102
1.78496
1.81336
1.8121
1.89845
1.79308
1.81761
1.82442
1.82412
1.77166
1.76657
1.94712
1.76351
1.80859
1.78928
1.81786
1.8046
1.81231
1.83495
1.80705
1.75732
1.79213
1.81904
1.81874
1.81806
1.8502
1.77621
1.7888
1.76846
1.81271
1.84001
1.79982
1.81242
1.76632
1.80629
1.8066
1.9226
1.80147
1.77348
1.81551
1.81638
1.82468
1.79157
2.01116
1.76819
1.80364
1.79564
1.79009
1.81777
1.83712
1.74811
1.79796
1.77837
1.7986
1.8143
1.7957
1.80771
1.80432
1.78922
1.82073
1.80232
1.78226
