85.6962
123.017
189.266
171.394
159.428
209.989
204.89
287.978
202.546
685.884
520.08
422.327
613.735
694.263
816.659
1243.23
878.914
906.596
942.104
936.331
801.602
951.928
773.114
2430.38
931.109
2009.4
2142.69
2430.38
1849.58
1285.45
2197.85
1824.87
2142.69
1823.84
1898.65
1436.4
1909.33
2197.85
2142.69
2197.85
2154.86
2009.4
1898.65
2150.39
2045.01
2142.69
2142.69
2217.37
2158.27
1914.16
2142.69
2324.19
2142.69
2142.88
2197.85
2197.85
2041.67
2142.69
2142.69
2197.85
2197.85
2158.27
2142.69
2158.27
2142.69
2197.85
2142.69
2142.69
2230.98
2142.69
2327.66
2197.85
2196.68
2197.85
2197.85
2197.85
2189.11
2142.69
2142.69
2430.38
2327.66
2142.88
2197.85
2142.69
2158.27
2208.88
2197.85
2197.85
2370.76
2197.85
2197.85
2197.85
2197.85
2208.88
2197.85
2197.85
2197.85
2197.85
2197.85
2197.85
