10.9915
13.4456
12.6579
15.0182
12.6504
11.0794
15.43
12.6897
15.0841
13.6332
13.338
12.4472
12.7806
15.0302
11.022
11.9629
13.7634
15.2455
13.2994
14.5503
14.4239
16.6377
15.1112
13.8969
15.5157
14.5408
12.5092
14.0229
14.0212
14.6259
15.3557
15.4009
12.8685
14.3614
13.7876
14.2618
15.0037
15.6056
15.379
13.9549
13.6552
16.2717
13.7936
13.8555
13.6421
13.4161
14.3107
15.2709
14.4088
14.0719
14.3428
12.7482
14.3396
13.8427
15.8176
13.9665
13.7571
13.6964
14.1213
14.2944
13.945
13.3205
14.1161
14.0245
14.0222
14.7014
14.0805
14.306
15.9379
15.0163
14.3739
14.1781
14.7485
13.8359
14.5934
13.0019
13.4482
13.478
13.0498
14.2898
13.8884
14.137
12.9011
14.0052
13.8368
14.7317
13.9256
13.1514
14.7859
15.6207
13.2587
13.2941
14.0216
13.5054
13.7721
13.3775
13.3097
14.2251
14.1831
13.9234
