55.8257
47.0416
81.3539
57.9133
91.1544
136.035
89.9343
113.997
112.276
118.083
122.105
148.138
109.177
87.8119
190.466
98.4866
162.592
143.919
137.542
152.386
157.95
165.051
182.998
189.178
183.266
186.101
191.976
195.668
196.719
200.021
191.962
191.976
195.668
195.668
198.029
199.097
194.312
195.372
195.414
194.738
196.846
194.738
197.894
192.798
194.312
196.846
194.312
198.556
198.556
195.871
194.312
198.029
198.556
198.556
198.556
194.722
198.556
194.807
198.556
198.556
198.556
198.556
194.474
195.901
198.124
198.556
198.029
198.124
198.556
197.411
198.762
198.556
196.846
196.846
198.029
198.762
198.029
198.029
198.762
198.762
198.762
198.762
198.808
198.124
198.124
198.556
198.029
198.762
198.556
198.124
198.762
198.029
198.556
198.029
198.762
198.762
198.762
198.762
200.021
199.097
