1.81732
1.98023
1.79366
1.80731
1.88604
1.83076
1.82888
1.81597
1.90438
1.79586
1.58573
1.52626
1.98528
1.7871
1.78182
1.80551
1.49559
1.98326
1.87368
1.91818
1.98038
1.77061
1.81102
1.91329
1.77563
1.84868
1.89456
1.73752
1.44112
1.72699
1.81087
1.83083
1.97694
1.95848
1.96229
1.60783
1.80901
1.78423
1.77959
1.67359
1.82746
1.7331
1.55688
1.70963
1.73474
1.67821
1.82133
1.98076
1.58424
1.74203
1.70835
1.43118
1.68966
1.68877
1.40662
1.4406
1.81914
1.70924
1.98653
1.44614
1.53969
1.2494
1.32379
1.29688
1.69095
1.31644
1.40102
1.34581
1.30168
1.24147
1.26896
1.36832
1.45705
1.25491
1.38531
1.46387
1.14875
1.27256
1.28411
1.95471
1.29415
1.54474
1.26613
1.2551
1.30497
1.42638
1.20855
1.19948
1.26992
1.4394
1.34971
1.21588
1.64056
1.20035
1.28018
1.20688
1.16286
1.13403
1.15563
1.25219
1.15517
1.25233
1.13026
1.17746
1.26984
1.20386
1.40218
1.4856
1.2196
1.22085
1.28807
1.25273
1.17706
1.24985
1.17545
1.15456
1.22685
1.17474
1.19494
1.16243
1.32268
1.15791
1.18794
1.12408
1.18433
1.14483
1.24753
1.40067
1.2387
1.24298
1.15867
1.17673
1.13365
1.19653
1.17146
1.16963
1.18183
1.32517
1.12937
1.26571
1.12222
1.18743
1.24664
1.15301
1.18295
1.18303
1.20213
1.17202
1.2594
1.23105
1.17133
1.13714
1.15901
1.33239
1.12402
1.14681
1.19119
1.12106
1.1321
1.15361
1.18088
1.14907
1.13963
1.22019
1.15072
1.19347
1.22416
1.10646
1.14934
1.15684
1.24851
1.18359
1.1854
1.15946
1.20107
1.15754
1.15228
1.13022
1.17157
1.12629
1.18671
1.22733
1.17148
1.16609
1.18972
1.12095
1.19875
1.25917
1.22065
1.18368
1.10253
1.74132
1.24437
1.23558
1.18671
1.15448
1.23062
1.25645
1.17271
1.12286
