0.466175
0.287843
0.0586522
0.0507679
0.0421672
0.0392597
0.0423451
0.0437553
0.0449546
0.0418038
0.0412358
0.0422528
0.0409862
0.0412654
0.0430896
0.0403684
0.0396655
0.0391495
0.0393902
0.0399441
0.0404093
0.0387806
0.0400565
0.0418842
0.0407139
0.0419456
0.0411914
0.0428764
0.0408829
0.0444178
0.0472534
0.04503
0.0441139
0.0463414
0.0489015
0.0489708
0.0520957
0.0489046
0.0489939
0.0499708
0.0492862
0.0499444
0.0523612
0.0538901
0.054618
0.0553683
0.0548845
0.0590264
0.0593188
0.0599677
0.0648206
0.0625156
0.0670013
0.0662224
0.0686033
0.0698475
0.0705795
0.0729454
0.0740194
0.075098
0.0755608
0.0775176
0.0787985
0.0808465
0.0816513
0.0854756
0.0890371
0.0918732
0.0899004
0.0937787
0.0961982
0.100783
0.0989703
0.0997163
0.103119
0.103268
0.106085
0.105748
0.108307
0.113278
0.111808
0.112911
0.114049
0.11721
0.114774
0.119297
0.126627
0.1229
0.127016
0.125389
0.128559
0.123593
0.128226
0.126771
0.127673
0.134858
0.129715
0.1317
0.134139
0.13444
