0.280624
0.25563
0.240068
0.230977
0.236146
0.234941
0.199479
0.190864
0.19933
0.121596
0.0701638
0.0731438
0.0727581
0.0715806
0.0734277
0.0775649
0.0874298
0.092367
0.0905601
0.0915105
0.0950778
0.091521
0.0876976
0.0897425
0.0889524
0.0907053
0.0871871
0.0941404
0.0876112
0.0870014
0.0873881
0.0845941
0.0861676
0.086105
0.0855919
0.0853179
0.0852893
0.0847327
0.015624
0.00929448
0.00794882
0.00598585
0.00616396
0.00635969
0.00614404
0.00621681
0.00636744
0.00626797
0.0059298
0.00422826
0.00459981
0.00465171
0.00424746
0.00459459
0.0043349
0.0047368
0.00493086
0.00472172
0.00484593
0.00492394
0.00471087
0.00482841
0.00491932
0.00485227
0.00468695
0.00457867
0.00438092
0.00449444
0.00454144
0.0042547
0.00486533
0.00452197
0.0048638
0.00431922
0.00483655
0.00483077
0.00486352
0.0048362
0.00513802
0.00482811
0.00475597
0.00481335
0.00490522
0.0049391
0.00485684
0.00440466
0.00466081
0.00469895
0.00468808
0.00462025
0.00498357
0.00454479
0.00464109
0.00449248
0.00453762
0.00472471
0.00481778
0.00443689
0.00456689
0.00458812
0.00446565
0.00444502
0.00476522
0.00478333
0.0044063
0.00447884
0.0047341
0.00450908
0.00449525
0.00453441
0.00466768
0.00454436
0.00484943
0.00443519
0.00446009
0.00454005
0.00477375
0.00463903
0.0045671
0.00440197
0.00452492
0.00463508
0.00438531
0.00445734
0.004475
0.00416991
0.00468132
0.00465944
0.00423912
0.00449262
0.00435507
0.00457437
0.00440613
0.00425135
0.00449099
0.00421816
0.0043246
0.0044084
0.00419057
0.00436943
0.00464463
0.00433197
0.00446997
0.00452505
0.00439545
0.0042001
0.00446682
0.00430207
0.00446669
0.0046197
0.00444257
0.00447695
0.00432816
0.00419944
0.00420276
0.00396186
0.00406607
0.00400049
0.00403131
0.00386923
0.00387476
0.00384096
0.00401956
0.00390927
0.00373799
0.00354577
0.0035537
0.00379761
0.0035564
0.0035629
0.00356042
0.0035569
0.00375497
0.00342883
0.00350069
0.00355628
0.00357891
0.00355337
0.00374043
0.00345478
0.00370533
0.00355426
0.00367214
0.00349993
0.00357552
0.00352899
0.00347683
0.00352487
0.00363767
0.00342415
0.00339186
0.00354344
0.00350551
0.00346389
0.00362969
0.0035067
0.0035147
0.00347295
0.00352889
0.00341072
