0.00880646
 0.0176693
  0.026646
 0.0357961
 0.0451822
 0.0548712
 0.0649351
 0.0754524
 0.0865086
 0.0981971
  0.110619
  0.123882
  0.138099
  0.153384
  0.169842
  0.187563
  0.206604
  0.226975
   0.24862
  0.271405
  0.295119
  0.319486
  0.344202
  0.368973
  0.393558
  0.417806
  0.441661
   0.46516
  0.488415
  0.511585
   0.53484
  0.558339
  0.582194
  0.606442
  0.631027
  0.655798
  0.680514
  0.704881
  0.728595
   0.75138
  0.773025
  0.793396
  0.812437
  0.830158
  0.846616
  0.861901
  0.876118
  0.889381
  0.901803
  0.913491
  0.924548
  0.935065
  0.945129
  0.954818
  0.964204
  0.973354
  0.982331
  0.991194
