0.988722
0.914685
0.974909
0.97264
0.978501
0.984539
1.00737
1.04908
1.01729
1.05136
1.02805
1.00156
1.01509
0.968057
1.0212
0.986568
1.01892
1.002
0.978254
0.997699
0.980206
0.994669
0.974204
0.903661
0.879349
0.77017
0.685657
0.492633
0.356476
0.364021
0.364396
0.426411
0.400114
0.366498
0.226888
0.335856
0.277128
0.275768
0.318908
0.3243
0.322674
0.330457
0.337388
0.319806
0.359882
0.352865
0.358795
0.368145
0.377986
0.400752
0.393928
0.400078
0.402636
0.393902
0.376863
0.358726
0.397758
0.394298
0.400694
0.419575
0.406177
0.402956
0.39835
0.409459
0.411322
0.402208
0.411929
0.401899
0.416379
0.405076
0.404999
0.430206
0.388566
0.421099
0.418073
0.406524
0.404376
0.402686
0.375544
0.407391
0.389778
0.383476
0.379556
0.397204
0.392142
0.4156
0.397416
0.383815
0.424095
0.38733
0.384385
0.38261
0.383355
0.389534
0.384214
0.388311
0.37187
0.384517
0.397135
0.382275
0.392987
0.376925
0.394899
0.384555
0.378222
0.367515
0.364141
0.364426
0.367771
0.36289
0.360387
0.375407
0.351244
0.359101
0.367731
0.337382
0.357288
0.345155
0.34164
0.33958
0.333911
0.338282
0.331268
0.338899
0.336957
0.326606
0.331371
0.338219
0.331639
0.32599
0.316337
0.314017
0.329915
0.325953
0.328528
0.318928
0.319558
0.306889
0.317649
0.315983
0.318779
0.317292
0.315078
0.307816
0.310966
0.316001
0.313764
0.3172
0.307183
0.304485
0.31103
0.319375
0.313673
0.316034
0.312607
0.318823
0.322968
0.317148
0.305183
0.300345
0.313966
0.305394
0.310537
0.30915
0.306269
0.308356
0.31353
0.307012
0.312688
0.305864
0.317437
0.31428
0.309116
0.302823
0.306172
0.300265
0.302391
0.303473
0.316062
0.302166
0.29699
0.296339
0.289132
0.298792
0.307131
0.300407
0.316165
0.303102
0.309865
0.301516
0.289587
0.306328
0.304694
0.302261
0.306604
0.298071
0.29852
0.290603
0.296413
0.313448
