10.5021
9.32629
11.7975
11.3505
11.4473
12.0334
12.5359
13.215
12.6735
12.8791
13.2485
13.4359
13.0108
12.9272
13.4155
13.3353
13.0294
13.4256
12.9915
13.2486
13.3319
13.7355
12.9143
13.6802
13.7654
13.2557
12.6601
11.6619
10.9378
8.91674
6.65877
4.19609
3.50509
3.84712
3.58409
4.14093
4.28053
4.38862
4.70374
4.92733
4.56305
4.75428
4.79776
4.84456
5.26361
5.18106
5.06591
5.24345
5.36552
5.0437
5.67153
5.46888
5.24699
5.44288
5.39681
5.39632
5.40948
5.51427
5.47133
5.51135
5.38536
5.23063
4.6167
3.63591
4.41788
4.34973
4.97935
5.13618
4.63734
4.69928
4.72114
4.9367
5.16064
5.09536
5.19592
5.03177
5.00616
5.1387
5.10702
5.22971
4.93272
5.23606
5.04247
5.1498
5.04954
5.24254
5.05851
5.1017
5.26443
5.23318
5.33621
5.13328
5.25307
5.51634
5.16127
5.23722
5.22664
5.49995
5.24222
5.21681
5.23524
5.19226
5.32741
5.25196
5.44401
5.40915
5.29938
5.49754
5.33267
5.39308
5.40868
5.40693
5.35386
5.45678
5.65008
5.16678
5.53065
5.15232
5.09124
5.50829
5.4682
5.3006
5.35798
5.2896
5.06131
4.9022
5.19262
5.29327
5.39245
5.44767
5.18629
5.08335
5.2667
5.42945
5.40994
5.22496
5.34674
4.89698
5.16555
5.34977
5.21029
5.05859
5.23921
5.16781
5.26892
5.05472
5.10316
4.96882
5.05259
5.19902
5.05948
5.02459
5.06075
4.98156
4.98466
4.90458
5.17769
5.24358
5.09049
4.90123
5.05418
4.94974
5.15483
5.09279
4.99325
4.92547
4.88574
4.99389
4.8414
4.97819
5.07953
5.05041
5.12346
4.84186
4.94837
4.93076
4.76383
4.83173
4.87969
4.90216
4.82001
4.70632
5.08047
4.88836
4.88138
4.7153
4.75717
4.96446
4.91257
4.77351
4.97318
4.91406
4.90107
4.84801
4.80824
4.91316
4.98372
4.90983
5.0104
4.82954
