36.5943
36.6663
36.8153
36.8764
36.6096
36.6575
36.8159
36.8162
36.7664
36.6395
36.7047
36.666
36.6272
36.761
36.7431
36.754
36.671
36.806
36.6272
36.7304
36.614
36.7647
36.7585
36.6908
36.7487
36.738
36.6918
36.7537
36.7063
36.8142
36.7285
36.5764
36.646
36.5878
36.5305
36.5542
36.6939
36.5327
36.8053
36.4455
36.6564
36.7309
36.4263
36.8054
36.694
36.5085
36.7049
36.4569
36.4944
36.6934
36.6688
36.7024
36.4537
36.6139
36.5267
36.6254
36.6772
36.5269
36.6458
36.5614
36.3706
36.6292
36.5849
35.9628
36.2616
36.2552
36.4089
36.3193
36.3449
36.3124
36.2926
36.1645
36.1211
36.3502
36.5955
36.3457
36.3619
36.312
36.2698
36.5016
36.3131
35.8627
36.1769
36.3016
36.2638
36.5005
36.3988
36.283
36.3429
36.1431
36.4113
36.3928
36.1731
36.4737
36.088
36.4966
36.4657
36.4079
36.261
35.9773
36.2537
36.3993
36.3914
35.8581
36.4851
36.2162
36.118
36.4859
35.7031
36.4815
36.1462
36.1891
36.1396
36.0657
36.3552
36.0745
36.3186
36.5747
36.0701
36.3497
36.2803
36.2487
35.9346
36.0391
36.5453
36.5532
36.263
36.5028
36.3553
35.8128
36.3566
36.354
36.2779
35.9463
36.3657
36.3265
36.0363
35.5539
36.5169
36.2808
36.1061
36.4465
36.0172
35.8877
36.0533
36.2148
36.0236
36.0837
35.9775
35.8675
36.3003
36.3218
36.1179
36.0486
36.2416
36.1478
36.3976
36.1388
36.5614
36.0129
35.8341
36.2142
36.2069
36.2178
36.2103
36.1367
36.8115
36.5348
35.8278
36.3699
36.9658
36.5355
35.5458
36.3452
36.5343
36.3994
36.1562
36.3931
36.0726
35.9559
35.9908
36.5605
36.6516
35.8052
36.2481
36.0161
36.1047
36.1339
35.9222
35.8407
36.3836
36.2801
36.3283
36.6238
35.4322
36.1898
36.6583
36.5194
35.5482
35.668
