0.0640543
0.0232335
0.00817501
0.0084261
0.00856795
0.0086291
0.00892812
0.00904689
0.00671627
0.00435961
0.00434303
0.00399192
0.00331574
0.00370481
0.00375983
0.00384412
0.00358578
0.0038605
0.00399159
0.00377168
0.00396539
0.00388219
0.00389738
0.00369459
0.00383514
0.00353294
0.00374059
0.00384396
0.00375384
0.00379764
0.00379776
0.0038434
0.00371529
0.00378825
0.00377511
0.00375193
0.00394136
0.00371946
0.00373939
0.00400611
0.00377608
0.0039073
0.00404752
0.00403241
0.00400222
0.00391219
0.0039676
0.00407161
0.00397985
0.00395272
0.00369493
0.00381263
0.00368868
0.00361468
0.00353552
0.00347513
0.00334166
0.00341299
0.00328986
0.00315183
0.0030918
0.00302869
0.00295118
0.00293057
0.00301383
0.00285969
0.00274358
0.00282016
0.00283209
0.00273118
0.00265997
0.0026121
0.00257457
0.00257823
0.00245428
0.00246883
0.00251645
0.00241573
0.00246797
0.00243208
0.00233222
0.00236518
0.0023946
0.00231043
0.0022849
0.00229612
0.00226981
0.00224055
0.00215482
0.00218968
0.00219214
0.00219252
0.002095
0.00208006
0.00209195
0.00207983
0.00204027
0.00202996
0.00200011
0.00195173
