203.345
260.364
244.31
219.787
209.535
214.825
218.92
210.193
207.789
201.999
209.717
204.034
200.315
209.007
202.393
207.461
205.381
203.94
199.473
203.272
201.048
202.391
204.833
199.048
201.044
200.55
202.201
198.67
194.643
196.765
211.94
207.019
213.782
228.862
236.816
249.889
260.66
259.14
263.041
258.712
253.819
260.155
252.713
243.312
251.471
248.895
246.353
248.522
243.555
246.665
242.783
238.169
242.064
238.556
234.35
231.244
228.15
229.203
228.947
227.089
220.997
221.214
221.004
214.784
213.613
211.63
213.95
214.196
209.734
204.593
200.198
202.868
202.53
202.182
198.322
196.475
191.047
190.951
192.683
190.479
190.808
183.013
188.507
185.496
183.087
181.387
181.381
181.479
176.767
173.508
174.364
173.396
171.789
172.726
169.689
171.562
175.79
174.974
174.983
171.776
165.816
166.031
163.824
164.211
161.818
159.648
158.27
157.71
159.871
159.189
158.666
154.394
151.07
154.26
150.059
150.154
146.864
145.304
148.87
145.309
144.911
143.207
141.847
140.391
141.228
141.795
142.082
140.677
137.995
138.165
137.95
141.735
136.486
134.383
132.784
135.406
132.021
131.265
129.55
129.831
130.829
128.802
126.141
124.276
125.832
126.694
123.93
122.039
123.805
124.067
121.526
121.558
120.562
121.838
120.297
120.533
120.381
116.595
117.603
115.16
116.438
117.056
114.03
114.801
115.29
112.857
110.25
112.302
111.883
111.557
109.573
109.448
110.996
111.097
109.903
107.638
105.702
107.22
105.597
105.22
104.792
104.173
103.967
103.892
105.305
100.839
100.815
100.659
101.275
100.608
101.508
102.019
102.124
98.5498
100.039
97.5531
101.159
101.047
97.1473
97.8736
