1.76656
1.50643
1.16206
0.885687
0.806559
0.848649
0.903156
0.858827
0.833758
0.856657
0.955605
1.01674
1.08341
1.08615
1.12778
1.09411
1.09147
1.02727
1.00502
0.946937
0.934234
0.881139
0.82448
0.773914
0.764024
0.723259
0.709648
0.701552
0.671371
0.661729
0.630091
0.638058
0.64103
0.624291
0.626521
0.606534
0.630665
0.616996
0.649425
0.631681
0.644105
0.63147
0.633533
0.655553
0.645708
0.624184
0.623408
0.616774
0.659661
0.623218
0.632631
0.636596
0.652039
0.646639
0.637437
0.635568
0.643155
0.612286
0.642807
0.652007
0.656738
0.614999
0.608668
0.624027
0.621627
0.617271
0.622076
0.62767
0.604066
0.627515
0.619696
0.621553
0.595955
0.591291
0.589068
0.600423
0.574349
0.589913
0.582732
0.564555
0.548865
0.551779
0.555631
0.560619
0.541031
0.5444
0.523245
0.536994
0.545186
0.518594
0.504691
0.521645
0.505832
0.495362
0.511115
0.501537
0.486025
0.496435
0.498575
0.47737
