0.0143276
0.0286407
0.0430078
 0.057389
0.0717987
0.0862943
 0.100819
 0.115412
 0.130113
 0.144859
 0.159706
 0.174671
 0.189695
 0.204841
 0.220105
 0.235441
 0.250902
 0.266472
 0.282124
 0.297888
 0.313745
 0.329685
 0.345715
 0.361814
  0.37799
 0.394229
 0.410507
  0.42685
 0.443225
 0.459607
 0.476037
 0.492467
 0.508874
 0.525306
 0.541708
 0.558059
 0.574414
 0.590706
 0.606922
 0.623125
 0.639233
 0.655245
 0.671231
 0.687097
 0.702847
  0.71857
  0.73415
 0.749605
 0.765034
 0.780311
 0.795464
 0.810593
 0.825573
 0.840443
 0.855288
 0.870004
  0.88464
 0.899238
 0.913746
  0.92821
 0.942622
 0.956999
  0.97136
  0.98567
