36.7501
36.706
36.62
36.78
36.6251
36.7513
36.7561
36.7622
36.6342
36.7956
36.6361
36.6737
36.6962
36.7321
36.6521
36.6107
36.7931
36.6616
36.8053
36.8233
36.7415
36.8009
36.6904
36.6784
36.8193
36.8201
36.7474
36.7327
36.8597
36.5612
36.8532
36.7799
36.81
36.8452
36.7945
36.7524
36.6854
36.8031
36.7497
36.8266
36.7358
36.5555
36.7035
36.8578
36.7231
36.7093
36.7976
36.6354
36.7781
36.5972
36.7661
36.6199
36.8165
36.6024
36.8063
36.7177
36.4329
36.3731
36.5949
36.2134
36.6362
36.5413
35.7651
36.5608
36.1834
36.5197
36.3354
36.293
36.5441
36.6053
36.3548
36.5458
36.2489
36.5845
36.4163
36.4167
35.3776
36.14
35.73
36.5952
36.0664
35.5796
35.9917
36.3306
36.1287
35.5871
35.8285
35.9278
36.5517
36.1462
36.3831
36.186
36.3577
35.9408
35.9972
36.5281
35.9888
35.5278
36.3845
36.2193
36.2154
36.1696
35.8224
36.2426
35.7583
36.3911
36.5803
36.132
35.5741
34.9195
36.3035
36.3182
36.5728
36.4371
36.0015
36.1786
35.7967
36.3515
36.5321
36.669
36.2917
35.9129
36.2268
36.7458
35.7765
35.9591
36.2967
36.2801
35.8351
36.3523
35.6988
36.17
36.3451
35.6677
36.1629
36.4521
35.5668
35.6138
36.2873
36.6991
36.5454
36.2681
36.22
36.341
35.5809
36.4824
36.3238
36.6494
36.1592
36.2145
36.2586
35.5676
36.0259
36.4921
36.314
36.1969
36.5799
36.6641
35.9249
35.6801
36.2178
35.8906
36.7071
36.0945
35.9516
35.8083
35.669
36.4757
36.1686
36.4792
35.7821
35.5738
35.6836
35.6627
35.5725
35.4698
35.5614
35.8789
36.2933
35.9683
36.0958
35.7207
35.9932
35.9605
35.4739
36.5121
35.3184
35.2987
35.7951
36.1232
36.3632
36.5845
36.9206
35.8451
35.7982
35.9201
34.9821
36.0125
35.6646
36.1049
