3.50972
3.62787
3.77894
3.66874
3.56615
3.69054
3.77418
3.64023
3.37072
3.6465
3.6695
3.55311
3.80754
3.63323
3.66937
3.42128
3.63466
3.51469
3.58237
3.75418
3.64993
3.82613
3.75879
3.89668
3.96393
3.87474
3.75162
3.91821
3.82597
3.76939
3.96237
4.06051
4.16511
3.9913
3.67401
3.98339
3.80508
3.96478
3.99099
3.99501
4.18091
3.96142
3.98299
3.97358
4.11052
3.84648
4.07983
4.08669
4.07803
3.86113
4.04891
4.10875
4.07495
3.8866
4.01506
4.06094
4.12492
4.05864
4.09393
4.09494
3.99843
4.17616
4.2491
3.99077
4.13772
4.19555
4.15392
4.24915
4.21946
4.17439
4.18962
4.2069
4.18968
4.12521
4.29205
4.16438
4.20195
4.20317
4.21374
4.24149
4.2037
4.22422
4.22578
4.21767
4.21125
4.23869
4.2157
4.22292
4.24482
4.22689
4.1961
4.31991
4.23726
4.23682
4.21796
4.28663
4.36675
4.29054
4.28776
4.38834
4.37105
4.34479
4.29346
4.28265
4.34085
4.24484
4.34149
4.27539
4.35675
4.2505
4.21769
4.28903
4.37943
4.27071
4.30556
4.28963
4.29727
4.25328
4.23999
4.21823
4.2653
4.30604
4.28494
4.25191
4.3023
4.20233
4.29085
4.28072
4.35283
4.31151
4.31857
4.2874
4.30628
4.42678
4.4035
4.46615
4.376
4.25939
4.41458
4.38603
4.32545
4.34285
4.32575
4.27628
4.39914
4.26468
4.23942
4.34482
4.25901
4.29113
4.38428
4.35872
4.27599
4.22842
4.27866
4.39186
4.32724
4.29304
4.386
4.25905
4.403
4.3497
4.30231
4.23263
4.26047
4.29331
4.3001
4.27594
4.34512
4.28931
4.31734
4.35969
4.35816
4.36423
4.32116
4.3055
4.32916
4.39983
4.30687
4.39806
4.37729
4.34386
4.30917
4.35016
4.34678
4.27691
4.25648
4.27787
4.31463
4.26779
4.2397
4.28443
4.33423
4.33379
4.39237
4.39907
4.33652
4.34966
4.29283
4.31224
