16.502
12.5473
12.6465
15.6993
11.463
10.7507
14.5964
12.7189
12.5933
13.2309
14.9709
13.3066
12.783
11.6539
14.2817
14.3712
14.855
13.5707
13.5142
14.7345
14.0577
14.9875
14.753
13.5735
14.3923
14.3702
16.1204
14.7782
14.1031
14.7059
15.4034
13.9201
13.851
14.8925
15.1216
13.9096
15.546
13.2013
14.4798
13.5693
13.7439
14.174
14.483
14.2513
15.5136
14.0754
14.4792
13.4334
13.746
14.6905
14.8526
14.4843
13.9466
13.5329
12.8578
14.6346
13.5885
14.2804
13.6239
14.2632
13.9221
14.1964
14.3838
13.9894
13.66
13.7471
14.6183
14.3946
14.1875
14.7216
15.0903
14.5578
14.1187
13.3471
14.1537
14.616
14.2645
13.4546
14.8228
13.7981
14.4312
14.0624
14.1857
14.1757
13.5589
14.3211
13.9939
13.6169
14.185
13.9533
15.5371
14.1106
14.1617
13.9594
13.6291
14.0528
13.593
14.133
13.8631
14.5419
