25.1084
22.4917
24.7985
24.736
23.245
22.7015
24.926
22.7881
24.5236
24.5425
24.802
24.0888
24.8564
22.6572
25.0206
22.8578
24.4771
23.2067
24.7043
23.0662
21.3662
22.6492
22.8926
24.8526
24.2409
22.8467
22.8715
23.1149
22.7627
22.6473
22.914
22.7532
23.0706
22.8828
23.0326
23.2878
22.7809
23.1146
23.0457
21.9876
22.6651
24.8775
22.7834
22.6874
21.2242
22.9178
22.0442
24.8932
23.0295
22.8072
21.257
22.8024
23.0555
22.8071
23.9075
21.899
22.7945
22.7036
22.0508
23.317
21.8878
22.6734
22.8429
22.656
21.878
22.6646
22.6229
22.198
21.7898
24.7931
22.6724
21.3249
22.8318
21.2227
23.7249
22.91
24.9829
22.9673
24.7862
21.881
20.1568
21.7005
22.7441
21.3885
21.5083
20.5888
20.6517
24.2719
22.4051
20.6596
21.4672
20.5628
22.1258
21.9761
22.3889
21.2525
22.5637
18.8027
21.2379
24.7303
21.5927
22.9688
22.8011
23.0884
19.8469
20.0987
20.6603
20.2371
23.0069
21.2959
22.5214
22.9095
21.6835
22.3884
21.3013
19.3411
21.0982
21.1712
22.5872
21.1685
22.9002
21.5553
21.9821
24.7019
21.3408
22.353
22.6146
20.6068
21.6256
22.3631
25.0406
23.3805
22.0971
23.3928
23.1994
22.1377
23.098
22.5518
23.3588
23.5072
21.2363
22.3714
22.305
22.2237
24.6539
22.2368
24.6136
22.3005
22.8437
24.9736
24.7597
25.1195
22.5711
22.564
20.4887
22.213
22.1062
24.9391
22.8413
20.3742
24.5198
24.5318
22.2777
22.7506
20.9264
24.7765
22.3469
22.6315
23.1649
20.6448
21.4209
21.2976
23.9625
24.5265
21.9758
22.3138
21.4946
20.768
21.5713
22.7205
24.6189
20.6652
22.6141
22.8014
22.453
21.3954
20.6263
19.2235
20.9918
20.4497
22.4585
19.134
19.4794
21.3416
20.5041
20.5435
21.4703
20.4219
20.7444
20.2713
