12.3284
13.5068
15.8032
14.7257
12.3863
14.9508
11.5829
15.3051
11.9751
12.8514
12.6184
13.0925
14.0707
13.2706
14.9782
11.9008
11.7785
14.0186
14.5591
13.5985
15.8979
12.4377
15.887
14.388
15.9273
16.6498
14.8577
14.4474
15.307
14.711
15.4591
13.9598
14.2116
14.862
14.9153
13.92
14.7322
15.4916
14.2488
14.3763
15.787
14.7843
16.2459
15.5979
13.7968
13.8434
14.0874
14.0636
15.4283
13.7814
15.1618
13.4127
13.6133
13.0165
14.4974
16.1625
13.8593
13.7217
13.6234
13.6638
14.4413
14.7475
13.3843
13.3127
13.6691
13.1055
14.2814
13.7828
12.5496
14.05
14.3304
13.2172
13.1102
14.0136
14.183
13.6203
12.9525
15.6922
14.4757
14.1426
13.616
14.131
14.1082
15.0267
14.0292
14.6309
13.8493
15.4069
14.059
13.7473
13.6041
13.0521
13.7568
13.4875
13.7498
13.2149
13.1595
13.4594
13.7359
14.5715
