119.213
119.134
118.898
119.131
119.19
119.002
119.23
118.779
119.064
119.177
119.176
119.271
119.046
119.203
119.2
118.904
119.099
118.668
119.014
118.995
119.151
119.17
118.996
119.032
118.847
119.061
119.019
119.304
119.107
119.029
118.645
119.061
118.787
118.824
119.211
119.157
119.288
119.174
119.052
119.263
119.143
118.927
118.756
118.617
119.109
118.882
118.582
119.035
118.006
118.531
118.57
117.853
118.357
118.822
118.766
117.53
118.488
117.953
118.022
118.156
117.689
118.436
117.078
117.426
117.508
118.362
118.078
117.316
118.366
119.05
117.51
117.548
116.667
117.671
117.13
115.84
117.507
118.218
116.362
118.543
115.471
115.49
115.987
115.898
117.112
114.269
116.354
115.91
116.811
115.292
118.123
115.437
116.636
116.755
115.022
115.476
116.111
115.557
118.207
115.225
117.272
117.516
114.321
116.219
115.054
116.054
114.951
116.282
115.652
117.17
115.246
114.478
116.088
114.337
114.762
114.936
115.996
115.155
115.365
117.449
116.646
118.74
116.788
115.877
118.683
116.73
116.706
115.878
113.027
117.505
115.054
116.462
117.765
114.752
115.975
114.488
114.81
116.304
115.192
118.541
116.013
118.855
118.238
113.518
114.97
115.643
113.923
115.759
113.829
113.842
116.657
114.252
113.327
114.617
116.252
117.128
117.21
115.573
116.094
114.107
113.563
112.941
114.008
116.17
112.337
113.255
112.575
117.534
112.382
112.514
115.948
112.394
113.689
115.984
113.233
114.077
112.015
115.245
113.274
112.156
114.266
111.747
115.484
110.034
115.61
114.62
114.881
113.537
117.848
114.985
113.148
112.67
113.391
114.931
117.741
114.343
116.323
112.07
115.297
110.274
