0.549055
0.449812
0.451845
0.438869
0.441453
0.439387
0.415646
0.426694
0.411275
0.413068
0.402461
0.396762
0.388836
0.371741
0.353207
0.379526
0.380353
0.371387
0.357971
0.355636
0.367223
0.356341
0.370433
0.363162
0.362852
0.372102
0.357027
0.372434
0.360645
0.372521
0.376403
0.37976
0.383882
0.391625
0.383876
0.374184
0.396324
0.392371
0.396364
0.375694
0.378862
0.381561
0.391649
0.396341
0.38529
0.389618
0.4013
0.395559
0.398533
0.390792
0.397976
0.397077
0.390618
0.40639
0.388451
0.386397
0.398376
0.395804
0.386885
0.391566
0.394991
0.394001
0.403587
0.387548
0.39595
0.390996
0.387304
0.394652
0.395052
0.393036
0.398208
0.401621
0.401148
0.403864
0.398926
0.395626
0.409743
0.401387
0.40641
0.397248
0.397224
0.392414
0.391946
0.391913
0.402707
0.38407
0.400732
0.399437
0.395496
0.38753
0.396728
0.388351
0.389846
0.391286
0.393203
0.378695
0.376858
0.363412
0.383691
0.377465
