8.61962
7.33669
9.84336
8.17919
6.55805
7.26604
9.32271
9.24218
7.80301
8.19188
5.1558
5.84946
6.60997
10.7858
8.53666
5.80926
9.86642
8.72832
10.7264
8.71865
7.01723
7.89043
8.38666
6.68039
6.28074
7.1917
7.69785
6.70229
8.28693
7.39865
6.59279
7.25178
7.38876
7.8495
7.87397
7.60147
10.7233
10.6764
8.20819
11.455
7.67593
10.677
8.40476
8.48109
8.87128
7.77474
9.68245
10.6763
10.6764
10.6767
10.6785
10.6764
10.6778
10.7039
10.6793
10.7193
10.6907
10.7192
10.677
10.6909
10.9936
10.715
12.6671
10.7033
10.7279
10.9065
10.708
10.7197
11.6883
10.7388
10.7191
10.7185
10.696
10.6822
10.688
10.6968
10.7094
10.7192
10.7193
10.7225
10.8596
10.7194
10.6992
10.7023
10.7279
10.6961
10.6967
11.3086
10.6959
10.7713
10.6799
10.701
10.722
10.722
10.7193
10.6928
10.7167
10.6959
10.6886
10.6886
