0.3424
0.325847
0.279195
0.268912
0.2853
0.290713
0.297498
0.437515
0.584499
0.571159
0.582083
0.602217
0.656193
0.67698
0.662753
0.672842
0.683174
0.675464
0.660096
0.651003
0.654874
0.64295
0.672202
0.679328
0.682695
0.662024
0.669255
0.686324
0.667613
0.648203
0.635752
0.65322
0.633523
0.631189
0.634829
0.638756
0.616365
0.640716
0.647261
0.637077
0.630596
0.621355
0.630501
0.626094
0.618122
0.621564
0.631665
0.636598
0.641565
0.621286
0.631288
0.633521
0.623103
0.629398
0.620821
0.61666
0.615402
0.614013
0.637832
0.612557
0.607418
0.605477
0.59862
0.606256
0.600189
0.595524
0.609493
0.596226
0.603934
0.609518
0.578497
0.574589
0.59183
0.573735
0.573355
0.590047
0.58609
0.566441
0.568301
0.567641
0.575892
0.583614
0.574581
0.564859
0.568997
0.566824
0.557986
0.564317
0.55758
0.557695
0.548346
0.534015
0.555965
0.552978
0.537068
0.531206
0.541964
0.533866
0.541317
0.53868
0.516468
0.532285
0.528261
0.529606
0.522803
0.517215
0.516044
0.509813
0.511253
0.493903
0.504363
0.512472
0.497585
0.502579
0.502288
0.504117
0.494221
0.508144
0.498038
0.490722
0.471899
0.477217
0.475618
0.476498
0.475692
0.471298
0.480184
0.480853
0.469198
0.458113
0.45879
0.458958
0.46736
0.463913
0.446823
0.467148
0.458828
0.4597
0.457109
0.450984
0.439884
0.450613
0.448495
0.4365
0.441635
0.441974
0.431292
0.429457
0.428671
0.427885
0.425958
0.433265
0.427918
0.417652
0.428935
0.420763
0.412765
0.408384
0.423213
0.422772
0.415267
0.424533
0.408838
0.413305
0.410863
0.416446
0.391763
0.397462
0.404238
0.392985
0.395638
0.397665
0.388341
0.386605
0.402128
0.387049
0.398522
0.39552
0.391725
0.389144
0.382577
0.374312
0.385956
0.377353
0.383357
0.379182
0.383889
0.378463
0.381834
0.375021
0.37411
0.370436
0.36265
0.370511
0.360262
0.379875
0.365762
0.37258
0.36568
0.3627
