801.204
868.581
803.826
771.297
774.503
776.728
739.501
754.574
759.153
774.151
767.845
748.421
739.161
727.118
723.699
751.89
710.032
710.836
695.207
708.756
713.469
700.599
694.788
701.52
699.161
706.807
696.268
678.814
681.026
679.359
656.002
700.662
661.895
664.248
655.799
660.807
660.179
652.001
649.193
630.663
651.494
640.062
634.805
640.41
630.574
632.256
620.891
625.261
601.201
625.616
623.33
632.823
634.978
630.666
655.647
685.774
681.912
721.19
706.932
721.049
721.481
711.36
726.956
701.507
688.92
674.887
674.018
671.118
667.42
680.255
663.498
640.571
648.642
640.302
632.419
685.424
664.232
682.736
672.946
660.574
659.163
641.028
632.479
641.516
627.597
622.985
619.654
613.139
623.711
591.964
606.082
587.534
600.5
575.872
572.276
567.87
580.45
567.716
555.954
565.64
551.039
559.363
544.961
551.976
524.858
546.854
538.705
542.352
523.756
510.725
517.518
506.587
504.471
510.487
505.228
497.353
500.42
498.332
485.976
488.812
497.611
471.037
467.907
480.377
468.729
474.514
463.958
466.023
470.134
458.044
460.189
456.527
475.092
459.57
456.597
449.862
443.53
425.336
438.38
436.454
422.752
427.749
413.09
420.059
417.35
422.613
428.438
409.57
422.965
412.185
413.004
407.83
402.112
403.953
390.972
395.976
403.827
400.019
396.87
385.734
384.253
395.658
383.9
384.14
379.34
381.867
385.386
375.937
373.363
386.282
371.9
377.296
367.938
362.804
366.363
366.716
358.809
361.805
364.42
356.225
358.094
355.211
349.207
356.851
352.351
343.048
340.946
349.58
336.551
348.268
334.571
334.496
334.97
339.129
329.987
336.077
336.346
325.596
339.46
335.45
