112.674
113.065
112.285
112.717
112.259
111.984
112.771
112.531
112.109
111.98
111.603
112.35
111.09
112.558
112.57
112.189
112.116
111.909
112.484
112.638
112.72
112.305
112.491
112.088
112.155
112.043
111.912
111.437
112.473
111.581
112.353
112.717
112.047
112.18
112.5
112.413
111.036
112.232
112.04
111.642
111.808
111.734
110.883
111.451
111.805
111.864
111.991
111.161
112.012
111.835
111.879
112.121
111.175
111.512
110.578
111.145
111.427
110.729
110.207
111.514
111.283
111.043
111.454
109.923
110.197
111.477
109.536
111.607
111.535
110.993
111.633
108.311
110.56
110.358
108.923
108.532
109.957
109.384
108.853
108.657
108.851
109.547
110.89
108.95
110.302
106.571
106.927
108.965
108.985
107.264
109.512
109.191
106.649
108.953
108.854
109.04
106.301
107.848
107.795
108.011
106.993
106.125
109.707
106.566
107.719
107.975
108.493
105.928
107.079
106.707
108.974
108.963
108.055
106.611
107.006
106.84
109.024
110.169
108.067
107.346
106.209
105.575
106.242
106.391
104.876
106.295
106.28
108.298
104.955
106.286
107.837
108.4
105.6
110.748
104.44
107.511
105.283
105.767
105.598
107.609
106.001
109.089
105.054
103.334
106.995
106.812
102.666
104.865
105.535
105.722
102.572
105.912
108.377
105.512
106.137
106.464
105.598
103.795
105.397
105.852
106.801
105.86
103.833
104.211
107.054
105.832
104.608
103.569
104.062
103.19
107.68
103.862
103.474
102.68
105.607
104.141
105.547
103.521
104.122
105.632
103.007
105.216
102.686
108.394
104.419
103.407
104.216
107.6
104.237
103.984
102.108
106.981
107.529
107.329
106.006
105.617
106.097
103.604
103.309
104.48
