0.287431
0.462262
0.45203
0.352549
0.199586
0.29814
0.264348
0.254754
0.217696
0.181469
0.167427
0.182109
0.173391
0.157627
0.160729
0.167194
0.141195
0.141243
0.142401
0.130771
0.135322
0.121876
0.124862
0.119128
0.134656
0.139138
0.128497
0.126977
0.116809
0.108948
0.102677
0.0983808
0.123796
0.100116
0.100043
0.102576
0.101186
0.102028
0.0966767
0.0966547
0.0969436
0.0985053
0.0978962
0.0984744
0.10277
0.104199
0.107941
0.109181
0.117181
0.111622
0.1159
0.117843
0.113914
0.120096
0.115038
0.121884
0.117138
0.119382
0.110724
0.119573
0.122506
0.123172
0.123168
0.126755
0.125418
0.122057
0.13269
0.124403
0.12416
0.136925
0.129613
0.126745
0.129822
0.136623
0.134046
0.128687
0.133208
0.135021
0.141246
0.136616
0.135768
0.141439
0.145608
0.145348
0.142619
0.142141
0.150024
0.147874
0.150075
0.154355
0.156166
0.151318
0.162738
0.157636
0.163774
0.157599
0.16573
0.162668
0.173584
0.164318
0.167117
0.169901
0.176031
0.168974
0.169477
0.171967
0.168807
0.174507
0.17323
0.172927
0.172286
0.180618
0.176851
0.173367
0.176418
0.178311
0.184863
0.186906
0.181257
0.179912
0.181064
0.180886
0.186435
0.189069
0.186124
0.194684
0.190676
0.186275
0.189743
0.184872
0.18609
0.18928
0.192035
0.195835
0.200239
0.19611
0.205749
0.205232
0.198715
0.204101
0.206037
0.206875
0.203961
0.2044
0.199816
0.20318
0.202121
0.206589
0.200671
0.209905
0.213162
0.216153
0.210036
0.213319
0.218672
0.219843
0.215218
0.217656
0.222514
0.208445
0.216481
0.222036
0.215103
0.224603
0.226736
0.220372
0.229371
0.226371
0.224551
0.22888
0.223787
0.223398
0.221614
0.211538
0.219432
0.22872
0.235491
0.231157
0.225979
0.23274
0.237193
0.230992
0.225076
0.229644
0.232447
0.237247
0.223443
0.229687
0.22582
0.239948
0.226948
0.228162
0.239599
0.230087
0.239867
0.233372
0.230467
0.235423
0.244053
0.234152
