0.0158802
0.0113781
0.0109934
0.0110603
0.00988858
0.00834054
0.00239331
0.0019517
0.00244416
0.00237504
0.00222114
0.00276468
0.00289487
0.00315993
0.00301164
0.00216092
0.00164082
0.00209903
0.00202732
0.00190815
0.00177004
0.00169678
0.00181979
0.00161466
0.00159157
0.00161855
0.00168009
0.00170466
0.00166844
0.00163763
0.00157808
0.00165772
0.00147318
0.00177084
0.00163705
0.00174286
0.00170268
0.00147531
0.00141948
0.00125568
0.00142047
0.00144117
0.00148357
0.00134687
0.00144351
0.00131828
0.00142984
0.00137468
0.00155473
0.00159659
0.00161867
0.00163854
0.00182112
0.00192733
0.00168664
0.00208187
0.00180272
0.00184328
0.00196962
0.00181641
0.0019242
0.00201918
0.00210825
0.00205192
0.0022353
0.0020624
0.00213456
0.00215749
0.00216271
0.00216117
0.00214277
0.00214859
0.00209333
0.00217498
0.00232195
0.00224084
0.00227114
0.00227155
0.00241324
0.00248555
0.00238375
0.00245933
0.00234407
0.00244468
0.00249012
0.00253089
0.00247396
0.00259906
0.00256599
0.00254803
0.00246535
0.00266988
0.00260968
0.00253897
0.00268243
0.00285615
0.00280229
0.00278663
0.0029545
0.00278249
0.0028221
0.00287977
0.00308302
0.00290749
0.00297432
0.00278505
0.00301677
0.00295694
0.00288349
0.00289998
0.00295028
0.00316682
0.00297921
0.00299243
0.00297062
0.00300546
0.00293823
0.00302675
0.00306095
0.00303041
0.0031888
0.00315108
0.00305941
0.0031616
0.00329236
0.00313755
0.00305429
0.00319044
0.0031637
0.00327782
0.00329949
0.00331402
0.00322208
0.00324975
0.00331911
0.00323217
0.00327237
0.0032749
0.00319989
0.00345241
0.00349834
0.00336783
0.00348722
0.00340729
0.00343339
0.00322799
0.0034995
0.00339234
0.00335656
0.00344171
0.00351525
0.00328154
0.00354815
0.00356134
0.00343814
0.00348244
0.0036405
0.00354084
0.00360338
0.00366741
0.00351842
0.00342162
0.00353084
0.00350821
0.00355075
0.0035372
0.00362545
0.00359277
0.00350891
0.00364696
0.00373693
0.00366287
0.00356091
0.00337508
0.00360156
0.00371054
0.0037263
0.00357827
0.00371186
0.0036933
0.00375752
0.003616
0.00361009
0.00361281
0.0036551
0.00354781
0.00367203
0.0036657
0.0035481
0.00375563
0.00367918
0.00352237
0.00357789
0.00369379
0.00364631
0.00363632
0.00372939
0.00371958
0.00382446
0.00356338
