6.65783
6.57279
6.68573
6.71644
6.71785
6.67838
6.42981
6.68972
6.73498
6.70759
6.65487
6.58946
6.44831
6.60272
6.68936
6.70687
6.58941
6.7372
6.5949
6.72793
6.46985
6.41985
6.55699
6.54254
6.60385
6.59
6.60634
6.60822
6.54199
6.66975
6.41449
6.58434
6.67102
5.99251
6.21366
6.48896
6.71534
6.61548
6.19599
6.13097
6.66575
6.17995
6.22828
6.19442
6.53405
6.48946
6.14784
6.2574
6.35205
6.10966
6.36637
5.89127
6.08392
6.21638
6.16508
6.18397
6.21607
6.00987
5.82082
5.97712
6.18578
6.14539
5.78391
6.63063
6.06336
5.98629
6.19303
6.03883
6.19355
6.17708
5.6752
6.06783
6.34838
6.09316
6.09747
6.22183
5.99755
6.07169
6.28007
5.89397
6.45918
5.43742
5.44284
6.61876
5.77787
5.84181
5.82361
5.79409
5.80213
6.06897
5.83311
5.88132
6.13813
5.38576
5.66599
6.23716
5.45892
6.51951
5.84494
5.62696
5.73927
5.68637
6.61506
6.23821
6.10333
5.78105
5.9218
5.7273
5.50252
6.18096
6.08956
5.80668
5.8959
5.60996
5.48462
5.86395
5.65968
5.65928
5.71322
5.60812
6.36914
6.37266
6.75792
5.71344
6.56953
5.63494
5.50615
5.95666
6.22077
5.57822
5.75051
5.72594
5.2912
5.49131
5.37053
5.85144
5.31283
5.67454
5.54241
6.38301
5.8669
5.85109
5.85465
5.76741
5.11835
5.49871
5.50369
5.38025
5.46978
5.5543
5.68031
5.44297
5.29757
5.88932
5.84417
5.49263
5.40555
5.65501
5.35582
5.36639
5.45822
5.28477
5.68492
5.66001
5.29303
5.14926
5.99127
5.62574
5.46502
5.35737
5.4494
5.67995
5.29789
5.45362
5.41962
5.26281
5.65945
5.47775
5.1509
5.5174
5.32141
5.61817
5.34303
5.53878
5.36757
4.96173
5.34433
5.23177
5.51128
6.21732
5.70495
5.59119
5.18588
5.27771
5.33979
5.47858
5.69858
5.51488
5.23421
5.68875
