0.0165422
0.0334215
 0.049734
0.0668944
0.0832154
  0.10057
 0.117078
 0.134628
 0.151358
 0.169177
 0.186114
 0.204244
 0.221424
 0.239816
 0.257324
 0.275867
 0.293784
 0.312365
 0.330723
 0.349272
 0.368042
 0.386534
 0.405636
 0.424087
 0.443404
 0.461857
 0.481254
 0.499763
 0.519101
 0.537718
 0.556872
 0.575626
 0.594506
 0.613375
 0.631941
 0.650846
 0.669113
 0.687929
 0.705946
 0.724531
 0.742359
 0.760597
  0.77828
 0.796099
 0.813671
  0.83104
 0.848542
 0.865447
 0.882932
 0.899391
 0.916863
 0.933017
 0.950352
 0.966512
 0.983494
