18.0747
15.5375
15.0211
15.1956
15.0436
13.5756
16.8385
13.2792
15.9131
13.6993
15.8068
14.2605
16.5075
14.6672
15.8878
16.6829
17.8192
14.0127
15.5678
16.1953
16.6209
16.1558
15.9625
14.8896
16.9622
16.9289
16.677
16.7356
15.8244
15.7904
16.9364
16.2789
15.701
15.774
15.8512
15.3735
15.7618
16.6345
17.4055
16.3131
16.2891
16.1858
16.3784
15.9331
15.9736
15.2532
15.8263
15.7039
15.8908
16.4693
15.5953
15.9178
16.2587
15.6969
16.0038
16.0555
16.2779
16.2405
15.9736
16.1174
15.942
16.382
16.4057
16.938
15.7755
16.2428
15.8806
17.5615
15.9945
15.1829
16.2604
16.0984
16.4105
15.5457
15.6684
16.0466
15.2671
15.7555
15.6556
16.0523
16.005
16.0339
15.643
16.002
15.5361
15.524
16.1452
15.9975
14.9938
15.1483
15.8268
16.0067
15.4835
15.3187
15.7093
15.6267
15.7413
14.7746
15.931
15.6442
