4.99146
5.02326
5.01507
4.99451
5.02675
4.97447
5.05192
5.0325
4.95094
5.01248
5.02269
4.98224
4.92171
5.00181
5.03654
5.0316
4.91791
4.9659
4.95018
4.98937
4.96175
4.90974
4.98154
4.9042
4.97071
4.89194
4.73247
5.00138
4.96538
4.91583
5.00574
4.79112
4.86506
4.92894
4.87967
4.96497
4.99127
4.98854
4.96789
5.0181
5.01865
4.98631
4.9523
4.96879
5.01204
4.98697
4.98308
4.92789
5.02723
4.95824
5.04348
4.95058
5.022
4.96394
4.89441
5.03645
4.89513
4.89702
4.92679
4.96463
4.87504
4.91825
4.88776
4.96816
4.88075
4.96529
4.90285
4.85552
4.82407
4.89041
4.93367
4.94034
4.98112
4.81242
4.87555
4.91359
4.95491
4.97005
4.88202
4.90651
4.90348
4.96296
4.85867
4.92394
4.80595
4.96494
4.90056
4.76065
4.87671
4.87929
4.7471
4.86053
4.76139
4.89543
4.83002
4.8467
4.79634
4.76557
4.965
4.83077
4.68928
4.81823
4.8029
4.6794
4.65461
4.73078
4.48792
4.68759
4.70282
4.70906
4.74839
4.86595
4.79893
4.67348
4.63477
4.78391
4.67354
4.84168
4.78037
4.67462
4.74893
4.59378
4.72691
4.66716
4.73719
4.753
4.74843
4.77484
4.64709
4.85767
4.78633
4.78887
4.67105
4.45812
4.68266
4.67342
4.78423
4.69225
4.70034
4.71185
4.65474
4.66485
4.73608
4.76213
4.85246
4.67123
4.63232
4.82309
4.79394
4.5338
4.73492
4.86777
4.84247
4.75054
4.79565
4.82048
4.43924
4.71878
4.60588
4.82913
4.70924
4.72864
4.8225
4.69926
4.57896
4.81416
4.81706
4.7895
4.63304
4.76332
4.62645
4.79158
4.46277
4.58849
4.54416
4.59425
4.74162
4.65355
4.71907
4.49254
4.5913
4.62755
4.75385
4.77795
4.52018
4.47834
4.57815
4.69069
4.62864
4.64139
4.64277
4.75281
4.58559
4.88121
4.45803
4.49884
4.8031
4.74197
4.88349
4.62352
