0.650891
0.649775
0.633437
0.643766
0.66511
0.706573
0.72523
0.814078
1.5231
1.63926
1.7713
1.7407
1.74897
1.75799
1.71002
1.69211
1.69746
1.69566
1.68747
1.72988
1.73425
1.78138
1.77664
0.771455
0.0541512
0.0548376
0.0528341
0.0505887
0.0448844
0.0335112
0.0112631
0.00429749
0.00388531
0.00368071
0.00349358
0.00312309
0.00281322
0.00210514
0.00183409
0.00145541
0.00117842
0.000923667
0.00111881
0.00129218
0.00150248
0.00166434
0.00195318
0.00182615
0.00191951
0.00219892
0.00201033
0.00225293
0.00269954
0.00247357
0.00233687
0.00249614
0.00235861
0.00243024
0.00224394
0.00211296
0.0021085
0.00223118
0.0025382
0.00257214
0.00251183
0.00160167
0.00209449
0.00179573
0.00168978
0.00174726
0.00174799
0.00169255
0.00185234
0.00168733
0.00167252
0.00171461
0.0017893
0.0017862
0.00165388
0.00172697
0.00161524
0.00161854
0.00160152
0.00160482
0.00183028
0.00173029
0.00183979
0.0018063
0.00189985
0.00182945
0.00181384
0.00173344
0.00194399
0.00195314
0.00203031
0.00201365
0.00219442
0.00204127
0.00205258
0.00218784
0.00210501
0.00213429
0.00208537
0.00225017
0.00209355
0.00215795
0.00226245
0.00220413
0.00207249
0.0022385
0.0023453
0.00235269
0.00233353
0.00236057
0.00229479
0.00243992
0.00250333
0.00244195
0.00251932
0.00256807
0.00254543
0.00260849
0.00259062
0.00260649
0.00272455
0.00273199
0.00279642
0.00284754
0.00277719
0.00255535
0.0025311
0.00262926
0.00276361
0.00257284
0.00290295
0.00277144
0.0028308
0.00299964
0.00289765
0.00278535
0.00285374
0.00285919
0.0029696
0.00298317
0.00283466
0.00287448
0.0029426
0.00305463
0.00284864
0.00292051
0.00302673
0.00294892
0.00303375
0.00304573
0.00314028
0.00295966
0.00317622
0.00310736
0.00325931
0.00330131
0.00332319
0.00319169
0.0032766
0.00318115
0.00336061
0.00347463
0.00335647
0.00328625
0.00350161
0.00360975
0.00352403
0.00341798
0.00330831
0.00330172
0.0034193
0.00364856
0.0035148
0.00355012
0.00369594
0.00355305
0.00339644
0.00344858
0.00359607
0.00355935
0.00365402
0.0035904
0.0037589
0.00358239
0.00364959
0.00354195
0.00380343
0.00336918
0.0037023
0.00379011
0.00369482
0.00385136
0.00360305
0.00353
0.00363173
0.00382551
