6.93983
6.90834
8.39006
8.37436
7.18537
7.05419
8.3307
8.36992
8.35772
8.34123
7.08721
8.38693
8.37157
7.30003
8.35017
8.38485
8.33635
6.78262
6.9128
6.84311
8.34172
7.1354
8.3339
7.24569
6.7842
7.26583
6.76738
6.78526
7.28641
6.74799
6.73046
7.05776
7.16137
6.78013
6.90548
6.73045
8.34247
6.46898
6.88067
6.88375
6.69038
6.78568
6.77716
6.87659
6.91353
7.17118
6.83151
6.83292
7.109
6.7778
7.36392
7.43985
7.28166
7.3682
7.24682
7.15757
7.04853
7.57462
6.92263
7.07753
7.17714
7.25797
6.58759
7.19106
7.8294
7.21761
8.84681
6.998
6.74554
7.40106
6.90905
7.09436
7.01167
7.53801
8.65874
7.97738
7.16243
8.951
7.46841
7.23205
6.56421
8.74335
7.1494
8.70576
6.89688
6.77086
7.51796
8.3672
7.46174
8.15733
7.00833
6.85143
8.68294
7.66947
8.3266
8.00808
8.95604
8.26776
6.59165
8.86541
9.13542
7.90243
7.34405
7.1848
8.09268
8.67067
8.59566
8.89254
8.47622
8.57188
8.81848
7.74399
8.61555
7.98188
8.8826
9.09771
8.05156
8.76878
8.60754
8.98507
9.16218
8.8616
8.65883
9.09853
9.39269
9.31182
8.70415
8.83246
9.1035
9.28548
8.62665
8.62094
9.13465
9.12994
9.33269
9.32748
8.93892
9.16992
8.48568
9.1304
8.58357
9.15711
9.44745
9.01008
9.03882
9.03451
8.72455
8.52802
8.85712
8.69344
9.17506
9.1435
9.37975
9.11082
8.97362
8.87829
9.474
9.10146
9.2233
9.00898
8.885
9.11952
8.89468
9.11408
9.38075
9.46608
8.90319
9.65242
9.14008
8.82413
9.4472
9.16052
9.24529
9.54613
9.55989
8.83552
9.18634
9.46498
9.28403
9.45384
9.22939
9.12606
9.45074
9.29085
9.22524
9.54292
9.54694
9.08912
9.32853
9.24684
9.31917
9.17002
9.55901
9.16156
9.1423
9.22008
9.17002
9.20828
9.26102
9.2698
