3.30155
3.10582
3.54793
4.43694
6.65041
3.9208
9.15977
4.79347
4.45583
6.34004
4.56386
6.34017
5.29812
5.25012
5.21927
5.72374
4.59681
5.10423
3.24187
5.16807
4.591
5.1841
3.42954
3.40403
5.18154
5.22462
5.17465
3.71264
4.69097
5.16154
6.60106
5.18154
5.18154
6.05959
6.74997
5.17459
5.17459
6.89459
5.66082
6.68924
5.20591
5.17465
5.21978
5.3099
5.39433
6.74567
6.94642
5.84662
6.31564
6.6735
6.29665
6.7122
7.13251
6.6895
6.74547
6.7122
6.91816
7.39852
6.7122
7.13572
7.22442
7.59505
7.22473
7.10868
7.15689
7.53646
7.06577
6.91861
8.55465
7.10045
7.27581
7.02387
7.59505
7.92124
7.59505
7.37547
8.07826
7.23715
7.49543
7.56543
8.07336
7.22473
7.77344
7.58503
7.40631
7.9977
9.20085
7.56577
7.4952
8.13644
7.59437
7.55775
7.65419
7.67047
7.56577
7.56543
7.51668
7.70819
7.62419
7.8823
