46.7481
41.5083
33.4588
38.1423
42.1526
45.3461
46.6214
45.5342
43.2714
42.3053
45.5163
46.5388
45.2918
47.6484
47.2927
46.7896
47.3868
47.4469
47.7013
47.7602
49.3689
48.6079
48.8784
48.3772
48.598
48.0618
48.5382
47.7945
48.541
47.1374
47.309
46.3087
46.8128
46.8453
48.4151
46.2961
43.9223
45.9975
47.9421
45.4055
45.7298
45.3919
44.7583
44.2254
42.5544
43.3869
42.1141
39.7641
38.921
37.8828
34.1927
32.836
30.7086
29.0736
26.8459
24.8521
24.3906
25.4927
24.8119
22.7737
24.3321
23.5503
23.5227
22.5846
24.7594
23.4947
25.0276
24.7098
24.3134
24.8944
24.3968
24.579
23.803
23.8625
24.4344
24.941
25.4724
24.5216
24.8538
24.8278
24.4561
24.6027
24.5856
24.3216
23.8804
24.1404
24.0533
23.266
24.3154
24.5977
23.7262
24.6549
23.4172
24.217
24.68
24.6247
24.8496
24.0017
23.1688
23.8092
23.6947
24.4406
23.7467
24.2264
23.5357
23.2908
23.5639
24.1019
23.8345
23.3248
23.7479
23.8525
23.3364
20.119
18.76
18.8774
20.0906
21.31
21.1163
21.1928
20.0429
20.38
21.1253
20.3392
21.6949
20.6723
20.7257
19.3367
20.2642
20.9465
19.8905
21.5765
20.7293
21.9003
21.2602
20.6704
21.1226
21.568
21.0182
20.8032
21.022
21.0158
20.8673
20.9608
20.7858
20.9796
20.68
19.957
20.7855
20.8861
20.7453
20.1934
20.988
20.1933
20.1447
19.566
20.1417
19.9888
20.8583
20.7026
20.718
20.2357
21.0398
20.4775
20.318
19.395
19.5103
21.0634
19.9609
20.113
20.0432
20.3633
19.5231
21.0754
20.4763
18.69
20.5692
20.0179
19.5926
19.6936
19.9393
19.2192
19.3244
19.3345
19.013
19.0607
18.6748
19.6858
19.4908
19.6717
18.7088
19.2379
18.9112
18.9786
18.239
18.6666
19.0456
18.8912
18.6411
19.3379
