71.2666
70.9671
70.9439
71.0435
71.0483
71.0019
70.9413
70.7573
71.2062
71.0413
70.9632
71.0554
71.1916
70.8356
71.1636
71.063
70.9151
71.2058
71.1785
70.959
71.0988
71.2079
70.9873
71.0489
70.8305
71.2063
71.012
71.0705
70.7107
71.1292
70.4914
70.9344
71.0315
70.3617
70.5502
70.8012
70.65
70.0218
70.8094
71.0756
71.1344
70.2316
70.2895
71.158
70.6367
70.269
70.3199
70.0388
70.0816
70.3118
70.4682
70.432
69.8059
70.0711
69.2372
71.0046
69.7703
70.1209
70.4432
69.2164
69.5935
69.5425
69.2855
69.7924
70.1854
70.1487
69.2706
69.0467
68.9265
68.7229
69.754
70.0125
68.3095
69.0017
69.2221
68.9981
68.9143
69.6187
69.6246
69.2633
68.8443
69.0996
70.0058
69.9578
68.5557
68.5704
69.0533
67.3221
68.5523
68.8265
67.8933
70.4145
68.9568
68.6722
68.714
68.6648
68.7469
67.4947
66.5573
67.4009
67.8095
67.6916
69.3187
69.1725
69.7578
66.8109
67.5451
67.7473
68.3583
67.1639
68.2077
69.3637
67.9606
69.1024
70.1261
68.6372
69.5969
69.358
69.5797
68.5044
70.762
69.4661
70.1935
69.7991
68.5611
69.2272
69.0716
69.1648
68.2717
68.314
69.4467
69.4626
70.1039
68.2151
69.7886
68.6342
69.1089
66.2397
65.9177
69.7586
69.4705
67.8523
67.6927
67.9377
68.5195
69.2549
68.6268
68.5199
67.0283
68.1314
68.2676
67.7609
67.9906
67.8957
68.4178
67.2071
67.5837
68.3766
69.1576
67.4797
68.4464
66.8405
66.5228
70.0091
70.3546
67.1611
67.9427
68.1992
67.9994
67.9921
69.3899
66.8815
67.8026
69.0771
68.429
67.7049
66.8878
67.9941
68.238
67.611
67.0223
67.3877
66.5701
68.6473
68.6451
68.5521
68.1042
68.1837
69.2345
68.0305
68.5169
66.8986
67.7266
68.6845
67.6481
67.5041
65.8655
67.615
68.4824
69.2624
