0.00771637
0.00642404
0.00325381
0.00250096
0.00273746
0.0263889
0.0494047
0.037559
0.0333615
0.0373023
0.0280743
0.0187465
0.0190799
0.0284636
0.016456
0.021729
0.0191799
0.0121618
0.0268695
0.0130814
0.0198361
0.00754931
0.0217764
0.021782
0.0182614
0.0227866
0.0107261
0.0211439
0.0178319
0.0240011
0.0300146
0.0250728
0.0139599
0.0297126
0.0270574
0.0304144
0.0324258
0.0288909
0.0381647
0.0244769
0.0291624
0.0221594
0.0347686
0.0399763
0.0419648
0.0300424
0.0324156
0.0264329
0.0387903
0.0305939
0.0434644
0.0416497
0.0424659
0.0349125
0.0327999
0.0261033
0.0289579
0.0428063
0.0322035
0.0169502
0.0197772
0.0359026
0.0356799
0.021571
0.032354
0.0285143
0.0329021
0.0480185
0.0429024
0.0358243
0.0410464
0.0460928
0.0529892
0.0430287
0.0259787
0.0353009
0.0353975
0.0463226
0.0343883
0.047469
0.0375209
0.0466125
0.0295013
0.0261395
0.0324122
0.0293854
0.0398115
0.0224577
0.0310718
0.0192667
0.0343136
0.0204665
0.0385754
0.0300621
0.0344893
0.02843
0.03477
0.020281
0.0227387
0.0222316
