0.22722
0.184063
0.180627
0.189389
0.0618941
0.016229
0.0173375
0.0183091
0.0170152
0.0123684
0.0100433
0.0118759
0.0111288
0.0109812
0.0100236
0.0111909
0.0107475
0.0098799
0.00929291
0.0100953
0.00990082
0.0105408
0.0100128
0.00919632
0.0096329
0.00977195
0.00850398
0.00865385
0.0085228
0.00867793
0.00853751
0.00880151
0.00786093
0.00695811
0.00721332
0.0061228
0.00638851
0.00629416
0.00687587
0.00688908
0.00667079
0.00688282
0.00684453
0.00682696
0.00647339
0.00672813
0.00686647
0.00682025
0.00706842
0.00697919
0.00677962
0.00709364
0.00695715
0.00685369
0.00707466
0.00659537
0.00664651
0.00699212
0.00698064
0.00709676
0.00702122
0.00704369
0.00716799
0.00744115
0.00739111
0.00701616
0.00718446
0.00686779
0.00746555
0.00753495
0.00744497
0.00727549
0.00730929
0.00748166
0.00737917
0.00713968
0.00713339
0.00715822
0.00715934
0.00749882
0.00743975
0.00728769
0.00753461
0.00775852
0.00735017
0.00724566
0.0071825
0.00766878
0.00758884
0.00753084
0.00773052
0.00786966
0.00767882
0.00776464
0.00716174
0.00716418
0.00740105
0.00742627
0.00797988
0.00764124
0.00746726
0.00734057
0.00736529
0.00784477
0.00759918
0.00771944
0.00774654
0.00769253
0.00782568
0.00786826
0.00767839
0.00749795
0.0080101
0.00785464
0.00781877
0.00804106
0.00793399
0.00793441
0.00764129
0.00808254
0.00774672
0.00760081
0.00777791
0.00796925
0.00816788
0.00787892
0.00773426
0.00825309
0.0080438
0.00772021
0.00809263
0.0082846
0.00826726
0.00824783
0.00794776
0.00806207
0.00802982
0.00804857
0.00773616
0.00774785
0.00764644
0.00829602
0.00803631
0.00807316
0.0084854
0.008549
0.00790283
0.00832618
0.00782006
0.00789595
0.00747994
0.00799881
0.00825011
0.00788609
0.00806802
0.00794847
0.00803147
0.00782466
0.00800131
0.00809319
0.00778221
0.00829825
0.00800368
0.0079167
0.00800822
0.00828679
0.00811024
0.00824357
0.00805847
0.00829921
0.00805229
0.00839423
0.00822974
0.00830508
0.00825776
0.00830855
0.00811989
0.00779473
0.00824728
0.00812721
0.00825647
0.0081991
0.00828273
0.0082374
0.00811053
0.00820884
0.00810368
0.00830875
0.0080833
0.00786624
0.00831923
0.00834346
0.00792138
0.00840654
0.00835057
0.00858075
0.00817392
0.00831044
0.00824689
0.00804449
