1.52129
1.4891
1.5112
1.49489
1.50433
1.52072
1.49209
1.49375
1.46274
1.49076
1.47777
1.50266
1.4961
1.51261
1.50808
1.52135
1.51457
1.52163
1.49487
1.50728
1.51902
1.48413
1.48016
1.50997
1.47869
1.48759
1.5079
1.50613
1.47203
1.52258
1.4745
1.48818
1.47878
1.48495
1.47321
1.47757
1.51368
1.49295
1.47916
1.48132
1.47719
1.4828
1.47406
1.48398
1.49334
1.47231
1.51518
1.48753
1.48246
1.52241
1.4767
1.48717
1.48715
1.48535
1.48381
1.47497
1.48922
1.47887
1.4861
1.49534
1.50466
1.48229
1.48413
1.41327
1.46299
1.48898
1.46792
1.48197
1.47733
1.46529
1.47466
1.45829
1.47072
1.46376
1.47397
1.47463
1.47607
1.46553
1.48104
1.46124
1.45919
1.47664
1.4909
1.51373
1.47122
1.47166
1.47881
1.45638
1.4488
1.47874
1.4747
1.47095
1.46634
1.48973
1.4768
1.48808
1.47157
1.48927
1.43977
1.47448
1.46341
1.48513
1.42957
1.47331
1.47098
1.46312
1.46434
1.4545
1.4832
1.46538
1.46497
1.44967
1.48146
1.46963
1.47902
1.47749
1.4508
1.48144
1.42858
1.46911
1.46032
1.47142
1.45727
1.45181
1.48583
1.45872
1.45462
1.46266
1.46891
1.42498
1.41679
1.44904
1.47424
1.47722
1.45161
1.47428
1.47032
1.4822
1.43978
1.47998
1.44789
1.44845
1.45121
1.47644
1.47206
1.48104
1.47458
1.47163
1.43917
1.45945
1.4681
1.45509
1.45875
1.47833
1.45324
1.46546
1.43527
1.46241
1.42595
1.44509
1.43309
1.45408
1.44267
1.43452
1.44886
1.41407
1.45591
1.41033
1.44673
1.45858
1.4505
1.47986
1.45983
1.43262
1.44265
1.43049
1.43281
1.45092
1.42909
1.45732
1.45073
1.43546
1.46282
1.46396
1.47587
1.44496
1.45109
1.45627
1.4657
1.38682
1.43307
1.44664
1.42539
1.42937
1.44555
1.47536
1.44508
1.46214
1.43267
1.41557
