12.707
15.0439
14.3005
13.9776
13.4554
13.2109
14.1981
16.1872
14.6344
14.0779
11.9167
14.7776
15.961
13.0271
14.5046
15.268
14.8959
14.3243
13.7757
14.4156
14.9134
14.2164
14.9475
15.5451
13.7395
14.962
14.6926
14.4265
13.1914
14.6562
14.6828
14.1101
13.5453
15.196
15.5323
13.7538
13.979
14.5387
14.8687
14.4673
14.229
15.0537
14.4698
14.7275
13.4988
13.8676
14.0244
13.4476
14.1024
14.954
14.67
12.8098
14.8508
13.6919
13.5066
13.7739
13.644
12.6785
13.3994
13.6666
13.2518
13.5887
14.5225
13.6598
14.9103
13.362
14.5075
13.4505
14.2831
14.2303
13.4418
12.7424
12.2943
12.8689
14.4645
14.4737
14.3108
14.7996
13.9301
13.0852
12.8511
13.2795
13.2745
12.8503
14.2606
13.2068
13.0819
13.7916
14.4298
13.7322
13.5776
13.15
13.2268
12.7704
13.3536
13.2412
13.9153
12.9054
14.1384
14.3211
