0.0252381
0.0144641
0.0150935
0.0154048
0.0162245
0.0164488
0.0169703
0.0177609
0.0178512
0.0179794
0.0182695
0.0180982
0.0187178
0.0187318
0.0176339
0.0175763
0.0179349
0.0182135
0.017641
0.0177918
0.0180592
0.0176562
0.0181494
0.0175388
0.016206
0.0133438
0.0143864
0.0136347
0.0123185
0.0124702
0.0120041
0.0118601
0.00899141
0.011104
0.0103449
0.0097854
0.0110549
0.00990222
0.0101238
0.010135
0.00988668
0.0106857
0.00985815
0.0105298
0.0105333
0.0100392
0.00962806
0.00966717
0.00986685
0.00998871
0.0104725
0.0091137
0.00988655
0.00931703
0.00883442
0.00947673
0.00892745
0.00936901
0.00911492
0.00888807
0.0092175
0.00885658
0.00895475
0.00887722
0.00821664
0.00902457
0.0085889
0.00845415
0.0082778
0.00848655
0.00822363
0.00848643
0.00789593
0.00763654
0.00834014
0.00823412
0.00820992
0.00850851
0.00812329
0.00783579
0.00820862
0.00785052
0.00799462
0.00764507
0.00793368
0.00840929
0.00797519
0.00775242
0.0076042
0.00790876
0.00806175
0.00749299
0.00775722
0.00732785
0.0077956
0.00777162
0.00693907
0.0073007
0.00712892
0.00746944
0.00738141
0.00729979
0.00732867
0.00704306
0.00698609
0.00692784
0.0073277
0.00707252
0.00688972
0.00680389
0.00680901
0.00694648
0.00682621
0.00687076
0.00674091
0.00695951
0.0068599
0.00687068
0.00692205
0.00665089
0.0063265
0.00667858
0.00679838
0.0069222
0.00669751
0.00684298
0.00656775
0.0070226
0.00617908
0.00647656
0.00635481
0.00639669
0.0064242
0.00704586
0.00645211
0.00631041
0.00651033
0.00630099
0.00668874
0.00664198
0.00648534
0.00659464
0.00626132
0.00619689
0.00654867
0.00658671
0.00615561
0.00645375
0.0063095
0.00643846
0.00620351
0.00589401
0.0060747
0.00624512
0.00624614
0.00630498
0.00667646
0.00623276
0.00571537
0.00576816
0.00606664
0.00609299
0.00600137
0.0062228
0.00592076
0.00584771
0.00628962
0.00612713
0.0059987
0.00620939
0.00545828
0.00603145
0.00598271
0.00600625
0.00592415
0.00590408
0.00574106
0.00578015
0.00587078
0.00613174
0.00571797
0.00588233
0.00613495
0.00550722
0.00599956
0.0057544
0.00619798
0.00610924
0.00636908
0.00566984
0.00590673
0.00593353
0.00596154
0.00596858
0.0057042
0.00570977
0.00600468
0.00599503
0.0058615
0.00603314
