18.0825
20.2867
18.6906
18.0168
18.2911
18.737
18.3724
19.5022
18.5073
17.8872
19.079
19.8554
18.5224
19.8248
18.9271
18.5946
19.0807
19.6868
19.2162
18.6979
18.192
19.7364
19.6867
18.8632
18.8552
19.6452
19.4095
18.6778
19.2291
19.0828
19.6948
18.6193
18.6095
19.2105
19.9732
18.8122
19.3447
19.5633
19.6133
19.1935
19.1767
19.0536
18.6956
19.0185
19.469
19.2424
18.8631
18.753
19.071
19.0532
18.8406
19.0504
18.7766
18.9568
19.4178
18.8996
18.809
19.3871
18.6018
18.7591
19.5613
19.4979
18.974
19.0204
19.3062
19.2445
18.927
19.1175
18.7818
19.3623
19.1059
18.9633
18.7372
18.9618
19.8533
18.7465
18.3854
18.8582
18.6973
18.5015
18.7194
18.256
18.7162
18.7827
18.7228
18.458
19.4047
19.2249
18.3948
18.7956
18.0279
18.6989
19.0866
18.5864
18.3685
18.3997
19.4429
19.7761
19.3544
18.9212
