1.09968
1.10392
1.10215
1.09851
1.10923
1.10046
1.10544
1.10277
1.09983
1.09682
1.10254
1.10548
1.10593
1.10878
1.10335
1.10107
1.10088
1.09704
1.1023
1.10088
1.09868
1.10074
1.09521
1.09919
1.0976
1.09765
1.10777
1.0788
1.0994
1.09091
1.08895
1.09843
1.06738
1.08798
1.0813
1.05241
1.07469
1.07652
1.06223
1.09885
1.05967
1.04806
1.06728
1.06169
1.05067
1.05845
1.06424
1.03902
1.07546
1.05861
1.09013
1.04649
1.05555
1.04794
1.07888
1.06184
1.03808
1.05994
1.04439
1.06409
1.06015
1.09017
1.09807
1.03191
1.02943
1.04468
1.04326
1.04424
1.05008
1.04933
1.0327
1.03682
1.04299
1.03413
1.03649
1.02932
1.0203
1.04561
1.04601
1.0396
1.0354
1.03554
1.03273
1.05685
1.05292
1.03317
1.04293
1.01916
1.04958
1.05279
1.0348
1.02951
1.03266
1.03354
1.027
1.02311
1.04903
1.0237
1.02392
1.0289
1.032
1.0601
1.0214
1.0162
1.02089
1.04028
1.0235
1.01815
1.01574
1.02339
1.02626
1.044
1.03731
1.0292
1.03116
1.03873
1.03346
1.01572
1.01905
1.0217
1.03027
1.01983
1.02692
1.01973
1.01691
1.03653
1.02169
1.0266
1.02086
1.02079
1.02915
1.0242
1.02409
1.02158
1.02682
1.01875
1.04219
1.01947
1.01722
1.02199
1.02104
1.02208
1.01584
1.01535
1.01976
1.02806
1.01877
1.029
1.02292
1.01948
1.0203
1.01879
1.01915
1.0221
1.03477
1.01935
1.02145
1.02083
1.02518
1.02324
1.01945
1.02479
1.03093
1.02846
1.01821
1.01447
1.01416
1.02383
1.01924
1.01831
1.0178
1.01866
1.02352
1.02073
1.01704
1.02055
1.0215
1.01562
1.01824
1.02479
1.03591
1.03141
1.01849
1.01685
1.03582
1.02628
1.0288
1.02479
1.03476
1.02322
1.0238
1.02451
1.02013
1.01954
1.02327
1.02066
1.02581
1.02809
1.02888
1.01794
