0.00781588
0.00520004
0.036633
0.0407246
0.0037046
0.00327846
0.00416286
0.00418813
0.00676386
0.00578945
0.00995831
0.00686
0.0138884
0.0122281
0.0101848
0.00865038
0.00898011
0.00762646
0.0118323
0.0189209
0.0205253
0.0202393
0.0166198
0.0234727
0.0149716
0.015178
0.0153853
0.0164752
0.0167075
0.0212293
0.0122159
0.0192361
0.0237252
0.0252202
0.0334677
0.04862
0.0454685
0.0518411
0.0626458
0.0527821
0.0524641
0.0593702
0.0869462
0.0601645
0.0517613
0.0736556
0.0567085
0.0560692
0.0933806
0.103715
0.0895186
0.0847739
0.115095
0.127651
0.0985599
0.104746
0.118013
0.112079
0.112528
0.101724
0.0948848
0.126049
0.123339
0.110961
0.118067
0.108793
0.183609
0.187675
0.145005
0.149465
0.145271
0.156608
0.199609
0.17955
0.145422
0.23145
0.206349
0.184861
0.21283
0.279693
0.252879
0.197245
0.256515
0.282278
0.330146
0.29174
0.315966
0.278945
0.290204
0.340709
0.344293
0.282839
0.330141
0.352503
0.339662
0.378627
0.340355
0.390907
0.478414
0.408916
0.382361
0.469505
0.440237
0.484829
0.444452
0.442599
0.523938
0.497485
0.540033
0.502859
0.479541
0.564196
0.519029
0.518222
0.489724
0.657745
0.461787
0.588135
0.521026
0.651282
0.56905
0.610506
0.557691
0.667538
0.584108
0.648551
0.707296
0.670762
0.707138
0.709433
0.717406
0.811696
0.718143
0.715315
0.864454
0.688579
0.907032
0.870765
0.708271
0.730623
0.758444
0.801042
0.876439
0.883561
0.846129
0.795765
0.80287
0.958066
0.954732
0.876156
0.980954
0.947939
0.96739
0.987906
0.936107
1.01096
0.965789
1.01963
1.01992
1.15012
1.04534
1.2364
1.32155
1.27825
1.23178
1.24624
1.40669
1.34535
1.35908
1.45588
1.50831
1.47253
1.51749
1.55093
1.52769
1.93798
1.68227
1.65909
1.70512
1.74551
2.13058
2.46393
2.08984
2.21024
2.11056
2.38752
2.09978
2.51607
2.19954
2.30045
2.87371
2.80556
2.37163
2.50635
3.72463
3.00821
3.15977
3.22054
3.4938
2.82784
