1.27922
1.36466
0.812438
1.26087
1.51127
2.52606
1.90268
1.58725
8.13274
2.20993
1.86069
0.841906
2.35578
1.43269
6.70159
2.01245
1.21575
2.36445
10.6531
5.48737
3.8819
2.69673
2.88962
2.22272
1.71779
2.8035
1.80497
2.92208
2.65021
8.3567
7.8028
5.49115
7.0692
10.1685
18.9444
4.52057
8.14223
12.6169
6.4786
10.66
5.2847
5.59036
7.16303
5.64957
27.7177
9.63209
5.68616
16.1819
17.3029
7.70501
6.17214
5.83975
5.98389
7.32771
18.6395
17.3713
7.2301
5.77036
7.64291
3.34135
9.40593
5.70386
16.0478
10.8796
9.43038
13.406
41.5167
33.8231
7.78571
15.8096
9.90441
28.2204
10.7641
14.8115
13.0745
18.8325
21.2425
16.1729
24.9615
16.3333
24.9615
26.5582
11.1072
15.4587
9.2621
15.4234
11.9003
22.5596
26.141
13.3332
15.053
9.8588
14.6755
20.7097
16.3957
11.3571
22.8337
20.7084
11.6972
13.8157
26.099
22.7234
16.0406
20.7504
19.1223
33.8231
46.2057
23.4186
24.8798
22.3041
26.6889
16.0026
15.3385
28.163
16.6409
17.704
24.382
18.8089
16.505
15.3425
19.6409
18.4733
23.6656
28.1607
28.0549
21.771
14.1495
38.3469
18.6496
19.6371
21.771
33.8231
15.5384
18.4335
33.8231
14.0277
37.6256
17.9078
12.3667
23.1408
24.8237
15.6676
33.8231
23.7736
15.0688
16.2425
33.8231
18.4493
23.1408
33.8231
33.8231
33.8231
33.8231
22.1461
33.8231
33.8231
33.8231
33.8231
33.8231
33.8231
33.8231
33.8231
40.5505
33.8231
33.8231
47.291
33.8231
55.2751
33.8231
33.8231
33.8231
33.8231
33.8231
33.8231
33.8231
110.222
33.8231
33.8231
33.8231
66.029
97.2844
33.8231
35.837
33.8231
33.8231
41.5194
33.8231
33.8231
33.8231
64.6549
180.585
33.8231
33.8231
78.7565
163.019
33.8231
33.8231
80.8072
48.0436
33.8231
