158.012
166.719
173.87
174.594
170.83
163.972
162.684
162.16
156.348
75.5467
24.8346
23.4117
24.7241
24.3701
23.3379
24.3185
24.0358
24.2831
24.2126
24.8852
24.8826
24.2022
24.2718
24.5916
24.9964
23.2054
24.5126
23.3971
22.2135
21.8806
20.4289
18.4751
15.8112
13.2768
11.7817
9.50505
9.17633
9.6089
9.66529
9.35265
9.14935
9.43649
9.74989
9.36354
9.87604
9.65823
9.29019
9.88261
9.27996
9.50484
9.0961
9.16817
9.64672
9.6499
8.88151
9.16122
9.04071
9.27194
9.63698
9.53042
9.5234
9.11554
9.66399
9.62717
9.78033
9.46398
9.69606
9.98623
9.88857
9.88899
9.91962
10.0452
10.3202
10.2542
10.3311
10.025
10.4624
10.4267
9.47313
8.34596
8.28274
9.33187
9.83321
9.75111
10.2695
9.79672
9.78436
9.64168
9.30536
9.80558
9.75373
9.93901
9.79839
9.85963
9.70852
9.71292
10.4041
10.356
9.63226
10.1188
9.71311
10.2644
9.99253
10.1135
10.068
9.91791
10.0592
10.3535
9.9339
10.2761
9.86617
9.63879
9.62873
9.61866
10.2549
10.1475
9.64442
10.3238
10.0434
10.1035
9.66305
9.79937
9.81629
9.59066
9.76958
9.45215
9.44776
9.75254
9.7492
9.8095
9.78679
9.33854
10.1059
9.56168
9.20388
9.65579
9.8607
9.53077
9.26416
9.20902
9.8752
9.41683
9.69988
9.43648
9.10001
9.37367
9.07145
9.61258
9.48208
9.21381
9.4022
9.76897
9.30748
9.37637
9.38492
9.40865
9.65504
9.74628
9.31455
9.60716
9.39594
8.90325
9.36081
9.21001
9.42314
9.46924
9.16445
9.36673
8.90858
9.07976
9.26726
9.42912
9.38467
9.30879
9.11826
9.17064
9.41043
9.2182
9.31878
8.85478
9.24194
9.35672
9.37809
9.10727
9.20594
9.21662
9.09376
8.83371
9.4367
9.06521
9.07545
8.9161
8.9612
8.52615
9.55653
8.89852
8.76631
9.00167
9.10359
8.75937
