0.0987862
0.0266175
0.0274559
0.0287593
0.0311886
0.0295391
0.026346
0.0250747
0.0256741
0.0268919
0.0276599
0.0271836
0.0265215
0.0293697
0.0280261
0.0288403
0.0273878
0.0291003
0.0282268
0.0293274
0.0283374
0.0297637
0.0301416
0.0299507
0.0310446
0.0315527
0.0320333
0.0322078
0.0315026
0.0326004
0.0344412
0.0361388
0.0362217
0.033639
0.0324543
0.0338114
0.0341329
0.0348118
0.033836
0.0348584
0.0344452
0.0347361
0.0348191
0.0339121
0.0357534
0.0355221
0.0355766
0.0365735
0.0371747
0.0368161
0.0375054
0.0390279
0.0383319
0.0413505
0.0406904
0.0427863
0.0437175
0.0439978
0.0454456
0.0458875
0.0452765
0.0469639
0.0494036
0.0499799
0.0512067
0.0534939
0.0572555
0.0585583
0.0620034
0.0638299
0.0668476
0.0658367
0.071989
0.0731846
0.0759465
0.0798163
0.0793897
0.0849826
0.0850327
0.0874709
0.0895319
0.0961996
0.0967933
0.100681
0.103436
0.102812
0.107719
0.108258
0.114414
0.113211
0.12248
0.12352
0.122922
0.130525
0.128635
0.130226
0.134239
0.13387
0.138345
0.140549
