1.03306
1.04279
1.04232
1.05748
1.19661
1.06726
1.04844
1.08996
1.07802
1.04425
1.06316
1.04456
1.0504
1.08234
1.05866
1.05128
1.11258
1.15946
1.1268
1.08347
1.13136
1.12023
1.05236
1.09375
1.05629
1.10137
1.1137
1.11784
1.11068
1.07344
1.11864
1.08655
1.09482
1.14032
1.1214
1.12115
1.09105
1.0986
1.12168
1.17814
1.15055
1.12173
1.10827
1.15093
1.10791
1.11466
1.14107
1.13775
1.13345
1.09125
1.20225
1.15193
1.1987
1.17798
1.16527
1.17619
1.13018
1.13909
1.1265
1.15515
1.15422
1.13288
1.13814
1.18769
1.13382
1.15326
1.18474
1.13785
1.1924
1.18237
1.18131
1.24797
1.18212
1.17304
1.1966
1.15637
1.16441
1.16525
1.20108
1.24237
1.25492
1.20947
1.16219
1.19069
1.23533
1.19591
1.2148
1.18116
1.27499
1.21147
1.2186
1.20452
1.19794
1.29393
1.25669
1.21328
1.18526
1.19872
1.24223
1.19692
1.22767
1.28501
1.27744
1.27705
1.22201
1.31728
1.28587
1.21256
1.20643
1.26669
1.21695
1.2411
1.22176
1.29773
1.26206
1.24994
1.18577
1.22145
1.19774
1.21936
1.22498
1.29351
1.20276
1.2882
1.21244
1.24345
1.24309
1.30564
1.28581
1.24837
1.30743
1.26015
1.23657
1.23477
1.25557
1.22233
1.24336
1.26796
1.20956
1.28055
1.22382
1.25028
1.24817
1.2186
1.28101
1.29098
1.22585
1.23461
1.29384
1.2545
1.25968
1.26906
1.33303
1.24036
1.22379
1.20669
1.2599
1.30152
1.29967
1.31154
1.26656
1.29419
1.22652
1.21663
1.2757
1.26284
1.36036
1.22036
1.34058
1.28005
1.23446
1.36835
1.28193
1.25097
1.29993
1.27009
1.28201
1.26147
1.22449
1.30238
1.31379
1.2339
1.25362
1.2747
1.21068
1.33264
1.22918
1.28797
1.23379
1.26384
1.26328
1.17485
1.25172
1.34911
1.30495
1.31
1.31374
1.28318
1.25056
1.22655
