0.0604134
0.0549598
0.0513559
0.0501932
0.00894733
0.0090012
0.00907967
0.00887771
0.00883933
0.0092834
0.00921091
0.00909507
0.00925036
0.00914078
0.00889537
0.00922155
0.00944374
0.00900402
0.00922766
0.00923316
0.00930029
0.00930502
0.0090517
0.00921837
0.00920588
0.00951103
0.00933483
0.00925628
0.00938548
0.00967644
0.00947944
0.00904698
0.00929951
0.00965535
0.00947751
0.00955528
0.00967851
0.00941983
0.00942851
0.00961278
0.00967892
0.00949415
0.00958849
0.00971098
0.00959958
0.00990979
0.00961551
0.00948515
0.00970463
0.00980655
0.00955584
0.00955463
0.00979238
0.00981261
0.00968517
0.00958305
0.00964363
0.00953969
0.00911037
0.00850451
0.00800027
0.00750665
0.00746907
0.00711068
0.00746257
0.00744851
0.00729522
0.00720301
0.00757434
0.00750498
0.0073201
0.00759498
0.00727868
0.00723366
0.00718963
0.00718805
0.00697228
0.00700365
0.0070232
0.00676408
0.0067831
0.00668857
0.00673063
0.00639685
0.00611592
0.00499302
0.00430861
0.00429818
0.00447333
0.00442677
0.00419292
0.00419557
0.00431708
0.00418076
0.00390649
0.00388215
0.00390977
0.00371355
0.00368715
0.00353833
