1.10734
1.08568
1.05801
1.18781
1.88271
1.75707
1.61943
0.8667
0.140591
0.0455494
0.0437327
0.0429568
0.0388119
0.0419972
0.0298345
0.021908
0.0200393
0.0181161
0.0162803
0.014528
0.0141596
0.0127424
0.0125912
0.0127496
0.0111278
0.0121851
0.0131729
0.0125415
0.0123447
0.0123839
0.0125724
0.0126478
0.0126252
0.0128194
0.0125728
0.0127463
0.012576
0.0131787
0.0126085
0.0134336
0.013211
0.0135354
0.0133237
0.0128348
0.0129453
0.0128358
0.0136609
0.0145121
0.0133222
0.0148283
0.0142288
0.0147137
0.0147005
0.0150983
0.0147213
0.015449
0.0162755
0.0154984
0.0162471
0.0166546
0.0160944
0.0168845
0.0178601
0.0178841
0.0178467
0.0178267
0.0171137
0.0178473
0.0177666
0.0173176
0.0178488
0.0181437
0.0201019
0.0198076
0.0202901
0.0199257
0.0195379
0.0213233
0.0207154
0.0201019
0.0215036
0.0217166
0.0221096
0.0241377
0.0229874
0.0232925
0.024516
0.0249539
0.0254797
0.0270405
0.0274981
0.0290552
0.0286941
0.0307604
0.0295154
0.0282716
0.0290721
0.0320105
0.0302774
0.0337297
0.0334042
0.0306567
0.0327058
0.0332984
0.0315584
0.0328826
0.0329978
0.0342987
0.0334066
0.0337569
0.0331606
0.0345704
0.0352653
0.0341289
0.0352074
0.0356586
0.0349535
0.0371001
0.0354454
0.0359916
0.0383581
0.036389
0.0394232
0.039262
0.0369721
0.0389565
0.0396029
0.0402365
0.0388605
0.0400406
0.0407618
0.0379512
0.0423131
0.0406359
0.0414038
0.0437078
0.0440801
0.042748
0.0439999
0.0443966
0.0430888
0.0439835
0.042191
0.0450719
0.0448651
0.0470593
0.046458
0.0456873
0.0481716
0.0502697
0.0513365
0.0482335
0.047737
0.0482934
0.0523575
0.0486788
0.0538397
0.0502181
0.0521125
0.0551351
0.0538906
0.0533525
0.0522913
0.0564662
0.0543533
0.0545136
0.0538897
0.0552462
0.058111
0.0579009
0.0573013
0.0559581
0.0579938
0.0550606
0.0592577
0.0594567
0.0578168
0.0579684
0.0590062
0.0590292
0.0620047
0.0612293
0.0615245
0.0599977
0.0617551
0.0627838
0.0631208
0.0631869
0.0635123
0.0645685
0.0613169
0.0648184
0.0639773
0.0665466
0.0670674
0.0650769
0.0644169
0.0654612
0.0649735
0.066354
