0.956647
0.758649
1.08436
1.24113
1.2122
1.24954
1.31133
1.27968
1.31319
1.27779
1.26396
1.31537
1.22562
1.23356
1.20627
0.891569
0.581856
0.649228
0.716994
0.666023
0.687995
0.69623
0.625107
0.592809
0.6148
0.613778
0.607613
0.596319
0.57987
0.599562
0.595951
0.572517
0.577217
0.594288
0.615832
0.558904
0.589047
0.601705
0.602731
0.577011
0.622576
0.628272
0.63202
0.643561
0.629957
0.629049
0.611474
0.625524
0.64423
0.600081
0.637412
0.616893
0.600974
0.576958
0.641113
0.609863
0.59275
0.609374
0.61867
0.590305
0.603081
0.625733
0.614845
0.606897
0.595363
0.604704
0.620284
0.619073
0.6061
0.613856
0.590636
0.604503
0.604213
0.595387
0.591224
0.596312
0.587824
0.589806
0.57554
0.584412
0.585351
0.580248
0.57782
0.602979
0.583525
0.586821
0.578038
0.584213
0.601551
0.573829
0.600194
0.585187
0.576979
0.575399
0.575182
0.583768
0.587626
0.590241
0.577989
0.566097
0.57327
0.607045
0.617439
0.572821
0.597565
0.589826
0.601736
0.584185
0.58293
0.580423
0.594306
0.597596
0.602936
0.586393
0.577364
0.571328
0.586082
0.572105
0.612242
0.576818
0.590226
0.597553
0.574245
0.572405
0.599765
0.576564
0.602572
0.59298
0.601152
0.599968
0.591436
0.597386
0.601556
0.592041
0.589075
0.59018
0.604146
0.596595
0.619904
0.578765
0.594394
0.573318
0.611749
0.583563
0.600669
0.621231
0.594257
0.590019
0.614833
0.607079
0.589091
0.603553
0.594099
0.605817
0.594019
0.597204
0.604723
0.594842
0.604478
0.593481
0.611621
0.626563
0.619421
0.60456
0.612769
0.6247
0.597807
0.608327
0.605616
0.598869
0.602137
0.591197
0.601641
0.624174
0.614484
0.607264
0.636779
0.632604
0.606416
0.622666
0.611522
0.595753
0.592887
0.604629
0.604314
0.599014
0.603692
0.618216
0.589906
0.599567
0.613391
0.612636
0.603465
0.614848
0.631016
0.599276
0.603505
0.612401
0.626821
0.601717
