0.137333
0.0839577
0.0884153
0.0753609
0.0683214
0.0655295
0.0760652
0.080669
0.0757863
0.0846395
0.0909273
0.084208
0.0867858
0.0893238
0.087949
0.0986541
0.097852
0.0973334
0.0958632
0.0982431
0.099733
0.100012
0.109605
0.108209
0.103865
0.111259
0.113305
0.114935
0.114204
0.116908
0.112277
0.119394
0.120227
0.130887
0.128553
0.124958
0.126196
0.127533
0.135751
0.134082
0.133439
0.141393
0.136749
0.141613
0.136506
0.136753
0.144907
0.143751
0.143784
0.148931
0.144746
0.145833
0.150913
0.154885
0.15423
0.160382
0.160635
0.159279
0.16329
0.169251
0.1647
0.169235
0.168735
0.169646
0.170339
0.177448
0.175693
0.178935
0.186787
0.186214
0.192251
0.199517
0.199316
0.201973
0.202238
0.203396
0.212522
0.218302
0.220664
0.227897
0.226131
0.23227
0.231304
0.235117
0.247274
0.24795
0.251384
0.255984
0.260187
0.264638
0.275013
0.270457
0.268893
0.288453
0.288877
0.28638
0.290785
0.30683
0.296118
0.300472
