112.432
112.534
112.429
112.275
112.452
112.562
112.22
112.18
112.325
112.436
111.968
112.29
112.209
112.447
112.304
112.451
112.562
112.287
112.417
112.191
112.414
112.43
112.174
112.428
112.208
112.451
112.452
112.428
112.422
112.428
112.452
112.425
112.305
112.418
112.445
112.447
112.458
112.448
112.432
112.456
112.451
112.408
112.559
112.428
112.228
112.294
112.429
112.191
112.191
112.333
111.704
112.383
112.434
111.933
111.925
111.925
111.453
111.918
112.16
112.445
112.289
111.976
112.213
112.009
111.955
112.464
111.958
111.422
111.737
111.643
112.165
112.208
111.968
111.847
111.749
112.289
112.457
111.746
112.197
111.454
110.895
111.571
111.501
111.821
111.77
111.813
109.872
110.814
112.035
111.273
111.134
111.353
110.983
111.411
112.262
110.664
110.484
111.702
111.314
111.515
110.615
112.014
110.134
109.887
110.779
110.53
111.019
111.513
110.578
111.59
110.643
111.02
111.067
111.013
108.635
110.962
110.662
108.91
110.144
111.513
111.18
110.231
109.71
111.098
111.09
109.585
110.325
111.073
109.877
110.794
110.526
109.139
108.653
110.985
109.593
109.116
111.292
109.87
108.576
110.685
109.51
110.009
108.919
108.113
109.972
106.646
109.702
108.273
108.117
109.324
109.317
108.961
109.824
108.673
108.345
109.725
106.974
109.364
109.531
109.792
109.312
108.46
110.702
109.768
108.057
107.001
106.554
110.009
109.64
107.615
109.611
109.188
109.161
109.687
110.188
108.957
107.959
109.085
108.417
108.683
108.14
108.923
109.809
109.567
108.977
109.033
110.761
109.607
109.183
109.524
107.595
109.104
108.673
108.656
108.961
108.645
107.501
110.862
108.843
108.884
