0.632296
0.363951
0.362814
0.35544
0.325917
0.325464
0.328755
0.334259
0.309129
0.285898
0.188866
0.132722
0.130826
0.130443
0.131077
0.144705
0.162392
0.14966
0.126571
0.139082
0.125423
0.130086
0.137178
0.148021
0.154397
0.163222
0.144785
0.152112
0.153305
0.170589
0.15428
0.150129
0.169293
0.154911
0.159565
0.15201
0.154955
0.149319
0.14854
0.141056
0.144274
0.147026
0.15037
0.15193
0.149482
0.136561
0.137264
0.138927
0.132542
0.139259
0.146227
0.139346
0.140896
0.1436
0.140109
0.131841
0.137128
0.134918
0.136049
0.131347
0.134309
0.133565
0.134516
0.129588
0.138107
0.137754
0.129197
0.134743
0.140206
0.135262
0.138427
0.13253
0.133907
0.134475
0.130436
0.134645
0.133576
0.126393
0.134077
0.121725
0.126651
0.125181
0.126116
0.13087
0.127
0.131079
0.126874
0.125491
0.128956
0.121395
0.126541
0.125867
0.130388
0.123571
0.118942
0.125023
0.127769
0.129929
0.13084
0.123402
0.133481
0.12973
0.131107
0.130303
0.129617
0.131324
0.12761
0.130561
0.129548
0.132912
0.127326
0.130661
0.13318
0.128963
0.131554
0.128098
0.120653
0.126217
0.129938
0.132512
0.134043
0.12693
0.130585
0.134038
0.130057
0.133754
0.131405
0.127929
0.119946
0.122521
0.131807
0.129559
0.123623
0.127777
0.129371
0.130144
0.130521
0.124338
0.124899
0.125282
0.12793
0.127688
0.130626
0.129172
0.126637
0.127281
0.1249
0.120814
0.11966
0.121349
0.12843
0.121453
0.120765
0.126468
0.128421
0.124055
0.127264
0.123959
0.122266
0.120177
0.122821
0.119825
0.120472
0.119749
0.115857
0.120901
0.122534
0.118208
0.117592
0.116096
0.120726
0.120107
0.110949
0.116594
0.118358
0.122391
0.114816
0.114138
0.114553
0.113977
0.11692
0.109105
0.114467
0.115618
0.112839
0.116008
0.111673
0.11398
0.1087
0.113449
0.107683
0.111667
0.111148
0.110276
0.108873
0.102057
0.105738
0.106943
0.107102
0.105638
