0.0167815
0.0336105
0.0505343
0.0676001
0.0848546
 0.102344
 0.120114
 0.138209
  0.15667
 0.175536
 0.194845
 0.214625
 0.234903
 0.255694
 0.277007
 0.298838
 0.321169
  0.34397
 0.367195
 0.390781
 0.414651
 0.438715
 0.462868
 0.487001
 0.510997
  0.53474
 0.558121
 0.581035
 0.603392
 0.625115
 0.646144
 0.666435
 0.685958
   0.7047
  0.72266
 0.739849
 0.756287
 0.772001
 0.787023
  0.80139
  0.81514
 0.828315
 0.840954
 0.853099
  0.86479
 0.876064
  0.88696
 0.897514
 0.907761
 0.917733
 0.927462
 0.936979
 0.946314
 0.955493
 0.964546
 0.973497
 0.982373
 0.991199
