0.18583
0.150756
0.14794
0.0689496
0.0303684
0.0311934
0.0304891
0.0283059
0.0291324
0.0266515
0.0243752
0.03915
0.0330037
0.0302667
0.0295579
0.0179903
0.0171464
0.0163739
0.0174041
0.0170041
0.0154553
0.0156829
0.0150871
0.0160264
0.0165562
0.0184168
0.017698
0.0169939
0.0181642
0.0179839
0.0172411
0.0162271
0.0174948
0.0169467
0.0174144
0.0170776
0.0173534
0.016487
0.0180553
0.0175405
0.0186714
0.0184444
0.0185847
0.0173245
0.0174228
0.0173634
0.0182459
0.0186915
0.0186866
0.0191926
0.0192842
0.0175846
0.0185337
0.0181405
0.0188133
0.0188762
0.0188675
0.0199939
0.0198404
0.0190107
0.0198562
0.0197545
0.0201789
0.0211002
0.0210649
0.0207624
0.0220817
0.0222253
0.0211043
0.0214951
0.0220184
0.0224881
0.0222312
0.0231155
0.0233572
0.0236832
0.024321
0.0245872
0.0249495
0.0242231
0.0271258
0.0260877
0.0269421
0.0266998
0.0273132
0.0267047
0.0283748
0.0285727
0.0307404
0.0300551
0.0307088
0.0322753
0.0329873
0.0317551
0.0335142
0.0331625
0.0342018
0.0340538
0.035198
0.0345442
0.0357657
0.0359248
0.0359525
0.0387405
0.0358106
0.0379379
0.037857
0.0385628
0.0411514
0.0372967
0.0387624
0.039988
0.0410284
0.0393122
0.0421613
0.0405958
0.0417913
0.0428653
0.0426864
0.045581
0.0441751
0.043419
0.0437459
0.0439961
0.0462452
0.046371
0.0464328
0.0493616
0.131086
0.0889422
0.0636572
0.0494177
0.0485147
0.0495111
0.0505218
0.0521161
0.0512078
0.0541875
0.0545966
0.0554902
0.0554719
0.0534542
0.0573622
0.0563359
0.0578811
0.0602077
0.057804
0.0583664
0.0593979
0.0589183
0.0592037
0.0615719
0.0597594
0.0579333
0.060139
0.0604205
0.0588881
0.0592014
0.0589721
0.0604439
0.0609384
0.0580601
0.0616715
0.0610445
0.0594947
0.0601534
0.0617218
0.0601394
0.0606179
0.0619862
0.0598024
0.0609504
0.0593585
0.0584559
0.0619984
0.0631891
0.0620628
0.0646204
0.0620584
0.0609702
0.0634317
0.0655624
0.060907
0.0621616
0.0642989
0.0637138
0.0651324
0.0634151
0.0608602
0.064677
0.0650703
0.0640433
0.0647491
0.0629513
0.063395
0.0654246
0.0647035
0.0661143
0.0662405
0.067213
