1.49195
1.55908
1.47323
1.45687
1.56187
1.40282
1.53674
1.45846
1.49211
1.48736
1.54733
1.48993
1.54377
1.48466
1.54363
1.54729
1.53748
1.43317
1.38116
1.52205
1.45053
1.46791
1.28047
1.46868
1.4823
1.44156
1.42243
1.2599
1.42423
1.35918
1.55301
1.32965
1.20471
1.28015
1.26105
1.20386
1.26481
1.3158
1.44887
1.32562
1.29381
1.25916
1.42289
1.38539
1.27131
1.28543
1.28134
1.26774
1.28239
1.31682
1.28582
1.28714
1.34382
1.27571
1.30135
1.29661
1.28042
1.28415
1.3453
1.29878
1.31253
1.27033
1.34409
1.31531
1.30666
1.30531
1.28311
1.41504
1.32327
1.31233
1.33023
1.40475
1.32455
1.2786
1.33736
1.31374
1.34998
1.38872
1.34445
1.29238
1.28605
1.40001
1.34022
1.33479
1.37069
1.40083
1.35111
1.28963
1.3329
1.40945
1.42711
1.36303
1.36075
1.44091
1.37067
1.38616
1.37143
1.33886
1.41096
1.42723
1.39715
1.43241
1.31792
1.34549
1.37675
1.35928
1.40068
1.39143
1.37832
1.38179
1.42296
1.34981
1.40416
1.4003
1.36166
1.40707
1.4027
1.41331
1.36015
1.40189
1.41014
1.34596
1.39287
1.40658
1.43604
1.42661
1.43417
1.43702
1.41202
1.37656
1.41505
1.39966
1.41202
1.4382
1.41965
1.41402
1.42921
1.40816
1.35766
1.39797
1.37388
1.41142
1.40332
1.38512
1.43406
1.43884
1.43962
1.39849
1.42496
1.41971
1.38138
1.40174
1.43043
1.40693
1.41841
1.4214
1.41672
1.40603
1.44566
1.38708
1.43311
1.42566
1.42454
1.41888
1.4182
1.44279
1.43401
1.41245
1.42616
1.41502
1.42753
1.42625
1.43848
1.42498
1.44735
1.42511
1.40657
1.42783
1.43603
1.40736
1.41593
1.4063
1.44619
1.42583
1.42118
1.43621
1.43431
1.41866
1.42362
1.42161
1.40839
1.38082
1.4397
1.42268
1.42407
1.4282
1.44568
1.43871
1.39988
1.42614
