553.253
574.907
585.683
568.433
573.98
588.596
593.997
587.158
586.764
596.233
584.069
572.392
583.178
570.186
568.264
568.07
574.593
568.733
572.292
583.273
572.519
559.157
542.093
567.672
554.671
553.801
557.779
560.129
535.539
514.699
531.684
528.204
528.665
509.558
520.333
521.493
517.951
505.92
514.547
500.573
494.309
507.576
509.095
499.677
518.625
527.441
534.687
551.96
585.559
606.483
598.334
598.753
607.76
601.518
592.463
569.258
568.751
569.685
552.747
560.998
541.397
553.256
550.687
527.544
543.44
515.675
528.206
532.027
519.433
519.335
518.395
504.289
499.587
499.561
495.337
494.972
492.751
487.245
490.129
494.766
478.432
474.239
471.601
470.095
472.524
464.99
458.933
458.189
446.971
444.076
451.643
437.938
436.197
441.325
435.471
427.328
434.641
423.992
417.767
414.518
427.582
415.015
410.166
427.874
429.823
427.139
429.998
424.647
420.961
412.423
421.017
393.814
391.966
398.577
383.74
392.142
273.562
43.5785
43.8951
43.054
42.9887
43.9411
43.5751
42.7126
42.7837
43.2581
41.8928
41.4542
41.9947
39.2063
39.8414
43.2781
43.0783
43.5546
42.8284
42.2613
42.5415
41.1003
44.0627
40.6254
41.5324
41.2372
43.4282
42.883
44.7051
42.2479
42.4641
40.7297
40.8973
41.8357
40.4566
38.867
40.5925
42.052
40.5441
40.7241
41.5194
40.6218
41.3792
41.9657
42.0643
43.1477
39.2319
41.1961
42.2607
40.4132
40.9775
41.1961
41.5584
38.9093
42.3458
39.8973
40.9996
39.8618
40.4035
40.3822
39.2019
39.3532
39.4249
39.7673
40.2596
39.371
39.7879
39.9546
40.9355
39.5628
37.9365
38.9075
38.7411
39.4184
38.7845
38.8489
37.2812
39.2832
38.6915
38.3459
39.1261
37.5916
38.8818
38.0765
