119.587
119.598
119.667
119.499
119.573
119.408
119.369
119.678
119.57
119.462
119.578
119.546
119.298
119.596
119.689
119.549
119.531
119.287
119.488
119.443
119.663
119.329
119.575
119.584
119.564
119.617
119.575
119.563
119.338
119.582
119.574
119.559
119.471
119.696
119.34
119.332
119.594
119.531
119.06
119.559
119.587
118.938
119.574
119.437
119.391
119.454
119.288
119.097
119.604
119.325
119.617
119.321
119.384
119.336
119.033
119.576
119.3
119.588
119.633
119.323
118.446
119.065
118.658
118.862
119.334
118.799
119.222
118.686
118.452
118.45
118.618
118.511
118.089
118.521
119.101
118.339
117.502
119.389
117.885
118.047
117.702
118.721
117.841
119.217
119.319
119.016
118.128
115.392
118.218
117.264
117.576
117.966
118.325
118.462
117.357
116.841
116.896
117.301
117.952
115.754
116.63
117.418
117.239
117.236
114.687
117.76
117.262
117.275
115.798
117.169
117.246
115.322
116.849
115.894
118.26
118.365
117.342
116.408
116.408
114.96
116.456
115.914
116.867
117.207
117.324
114.011
117.458
116.701
116.796
116.812
116.171
115.707
117.261
116.721
115.369
116.872
116.366
115.616
117.068
116.179
115.255
116.455
117.566
115.196
115.861
117.479
116.376
117.101
115.518
116.101
118.19
114.901
114.425
118.218
115.573
115.578
118.088
117.93
116.313
116.5
115.424
115.643
116.294
115.892
113.168
115.931
114.869
115.66
116.174
115.596
115.606
115.363
116.913
114.935
115.078
115.544
115.569
116.219
115.49
117.454
116.455
115.197
116.951
116.515
115.958
115.054
116.135
113.563
116.305
114.23
116.269
114.515
116.011
116.525
118.709
114.626
115.752
116.156
115.747
116.869
