235.109
183.541
183.26
187.079
179.742
182.532
195.349
203.619
196.093
195.586
194.276
190.593
188.636
184.505
187.711
188.188
188.963
188.851
198.068
203.141
201.992
208.691
197.781
195.919
196.048
190.365
218.341
198.754
202.455
198.479
208.906
207.626
204.35
202.611
205.843
197.849
205.5
195.829
206.498
202.829
202.433
207.002
197.481
197.783
195.98
194.21
204.696
193.933
198.493
190.434
186.827
194.147
182.843
183.393
183.758
184.1
183.964
185.986
176.569
168.346
173.874
177.156
163.457
166.439
166.19
159.749
148.7
154.478
149.105
145.755
139.086
136.468
133.289
133.281
131.508
128.522
128.131
126.486
124.719
117.975
119.073
114.768
110.902
115.185
106.501
109.581
104.295
108.077
106.033
106.785
102.815
106.465
109.093
108.963
106.845
104.419
104.57
105.303
105.099
104.756
107.202
104.686
107.623
107.756
106.576
103.183
105.763
107.767
107.504
109.953
106.254
104.037
110.105
105.26
106.476
106.387
103.089
103.024
103.022
104.8
103.165
102.645
102.904
107.296
105.895
104.624
98.6474
101.806
101.257
106.807
103.023
104.458
101.653
104.39
102.403
100.101
100.127
101.284
105.611
100.201
98.8128
93.8141
95.9942
97.1335
95.3382
97.4491
96.8942
98.6297
95.0704
95.1146
94.0441
94.002
94.1241
93.0737
87.7947
86.5359
88.8959
89.6545
90.7931
89.5527
88.579
88.2267
87.8261
84.9145
87.2639
87.6402
85.537
84.4173
86.5371
86.5483
86.2021
83.7171
81.7111
82.6377
84.1709
85.9812
86.4026
83.0706
82.1313
84.4721
85.9191
86.0431
82.8099
84.24
79.7379
85.465
85.1307
82.68
82.9287
81.6716
83.1033
85.1867
83.2056
83.8278
82.7959
85.7496
78.1052
81.3587
80.744
82.308
