147.053
147.526
147.267
147.162
147.217
147.204
147.257
147.418
147.187
147.362
147.504
147.493
147.488
147.56
147.36
147.496
147.488
147.46
147.4
147.033
147.514
147.48
146.771
147.025
147.075
147.394
147.451
147.47
147.072
147.248
147.448
147.108
147.105
147.184
147.041
147.359
147.451
146.844
147.36
147.459
147.221
147.302
147.23
147.818
146.71
147.128
146.966
147.354
147.314
146.459
147.017
146.677
147.517
147.347
147.352
147.379
146.246
146.928
147.085
146.599
146.922
146.813
145.315
146.737
147.438
147.04
146.185
146.252
146.774
146.25
145.817
146.227
146.537
145.175
147.324
147.047
143.394
145.993
146.492
146.781
146.094
145.593
145.837
147.031
147.017
145.781
146.004
146.723
144.155
145.431
147.145
145.443
145.803
145.074
144.713
144.504
144.749
146.322
146.148
144.736
145.451
146.783
145.899
143.383
143.211
145.603
143.326
144.694
144.009
146.001
142.864
144.003
144.331
144.235
144.327
143.036
143.272
143.267
144.773
145.295
142.994
141.147
142.457
145.748
143.362
144.503
140.307
140.578
141.423
142.58
140.035
141.129
141.567
143.648
144.99
141.55
144.555
143.108
143.048
142.87
140.484
141.777
141.91
142.577
142.556
145.905
142.386
142.553
144.895
142.192
142.582
142.318
140.662
144.593
140.835
140.868
142.064
143.866
141.402
141.866
143.4
142.242
142.924
145.456
143.188
141.922
142.136
141.749
141.869
142.427
142.315
142.775
141.751
143.838
144.544
140.569
141.871
139.886
142.753
141.838
141.959
142.761
141.354
142.468
142.426
142.881
141.181
143.431
143.379
141.845
141.251
142.605
140.919
142.844
141.937
142.182
140.735
140.159
142.844
141.458
