112.561
112.714
112.856
112.868
112.702
113.081
112.793
112.74
113.251
112.689
113.09
112.725
113.023
112.665
112.905
113.034
112.916
112.656
112.765
112.925
112.714
113.133
113.058
112.687
112.768
113.103
112.465
112.986
113.144
112.842
112.863
112.431
113.021
112.59
113.127
113.254
113.042
112.611
112.389
112.715
112.952
112.65
112.607
112.347
112.882
112.8
112.209
112.818
112.424
112.79
112.502
112.685
113.206
112.674
112.231
112.226
113.144
111.943
112.055
111.433
112.159
111.861
112.362
111.193
112.472
110.589
111.826
111.624
111.782
111.129
110.663
111.233
111.09
111.533
111.179
111.178
111.125
111.003
112.508
111.827
109.408
109.334
111.805
111.639
110.809
110.66
109.483
110.715
107.91
109.616
107.692
110.676
109.996
107.63
109.448
109.83
112.75
109.566
107.496
110.818
108.588
108.294
108.861
110.313
110.991
111.736
110.798
110.316
110.885
110.135
110.69
110.861
111.643
111.576
111.846
110.572
111.338
110.479
111.072
110.557
109.128
108.932
109.403
109.605
110.592
109.977
111.44
110.075
108.241
109.819
110.632
110.636
108.946
107.76
110.252
111.929
110.022
112.226
109.712
112.389
109.009
111.646
109.741
110.12
109.466
111.466
109.511
108.161
110.12
108.476
110.636
109.346
109.103
109.324
107.823
109.972
110.349
108.425
109.981
109.585
109.772
107.397
107
109.842
107.624
111.133
105.767
110.504
110.179
108.886
108.504
109.206
109.327
108.175
107.196
108.207
109.065
106.274
108.626
110.129
106.77
107.92
108.168
106.336
109.462
107.86
108.932
107.655
107.738
108.533
111.528
110.349
107.778
109.664
109.872
107.787
109.375
110.362
108.218
105.635
