126.135
126.413
126.213
126.43
126.059
126.07
126.358
126.297
126.342
126.264
126.324
126.134
126.221
126.345
126.316
125.922
126.323
126.297
126.313
126.352
126.097
126.039
125.895
126.326
126.179
126.011
126.337
126.324
126.102
126.002
126.355
126.08
126.28
125.928
126.305
126.036
126.34
126.33
126.196
126.282
126.265
126.1
126.198
126.33
126.21
126.021
125.133
125.21
126.013
126.142
126.316
125.897
125.506
125.72
126.007
125.682
125.993
125.407
125.894
125.094
125.134
125.726
126.069
126.323
125.781
124.582
123.389
125.294
124.078
125.135
124.402
124.204
123.719
125.526
125.736
122.746
124.681
123.878
125.238
124.284
124.118
124.765
123.568
123.521
122.461
123.443
123.31
120.228
123.835
122.93
125.729
122.253
125.953
124.81
119.735
123.04
123.675
122.701
123.497
122.685
124.64
124.737
121.359
122.021
124.071
119.541
122.545
124.716
124.441
120.313
121.43
121.354
122.762
120.031
122.157
124.629
123.248
121.489
122.578
123.248
122.88
122.131
123.772
123.933
125.24
122.255
121.678
123.372
121.898
122.054
118.489
123.282
121.879
120.844
120.587
125.384
121.349
124.934
122.865
123.268
118.454
122.086
123.1
121.83
122.633
120.041
122.324
122.746
121.095
124.959
120.499
120.737
124.104
120.947
121.191
122.526
119.26
123.001
121.835
119.903
122.332
123.451
121.549
122.834
123.205
120.845
119.311
117.265
121.292
120.263
121.127
121.664
121.195
119.212
119.45
121.932
122.594
122.234
125.525
120.524
120.845
120.015
120.878
119.925
121.142
120.891
121.309
122.683
119.612
120.106
119.64
119.392
119.821
121.264
119.769
122.501
121.302
122.194
122.383
122.217
