1483.83
862.182
782.165
773.77
776.842
744.221
732.525
738.716
742.1
734.463
759.722
747.468
741.581
757.894
739.01
753.096
744.599
741.585
745.8
741.873
751.898
727.658
747.68
768.796
773.215
792.652
822.641
837.681
859.874
882.054
906.789
908.945
921.235
913.65
884.137
907.032
903.733
900.751
889.455
897.847
908.483
875.119
870.621
855.529
838.146
833.485
838.009
820.455
805.435
833.032
803.76
805.448
776.055
800.419
784.266
781.901
770.567
748.037
750.059
744.859
729.034
747.748
733.934
726.581
718.422
713.853
701.78
707.3
697.898
689.926
691.659
681.206
676.523
656.64
649.519
642.466
648.518
656.068
636.843
639.946
634.16
621.291
626.154
620.185
615.611
603.885
618.996
611.756
597.906
595.795
599.851
583.976
574.886
595.368
559.99
583.434
563.853
562.029
555.962
571.887
610.578
524.089
49.0413
49.0801
45.9674
46.3868
44.8919
40.2369
47.2597
48.3532
47.0378
46.6464
48.2447
48.1026
47.2116
46.0375
48.8361
44.9827
47.046
48.7233
47.8659
46.3921
46.34
45.8295
47.1163
47.4634
47.0454
47.8005
47.1223
47.1627
48.4372
48.493
48.4962
47.3856
47.4654
46.7151
48.227
49.0808
50.3343
47.4005
48.4361
46.381
45.9837
47.7032
47.6808
47.2226
47.1987
48.0189
45.3291
48.389
46.4109
47.7636
47.6681
47.1874
47.1266
47.9767
44.8259
46.6108
46.3008
44.9341
47.9877
46.7383
48.2037
45.6541
45.4267
47.5698
46.2976
45.8434
44.8766
46.2194
46.074
44.837
45.6722
46.2218
44.8527
43.3311
44.8112
45.4598
46.2905
47.7647
44.5791
45.324
43.6726
43.6483
44.8064
46.5477
43.5537
45.4202
42.7647
45.4451
43.6902
44.9515
43.0487
44.0898
44.4634
44.2889
44.0553
45.6798
45.4604
43.2988
