2.98125
2.58464
3.12499
3.09823
2.73101
2.86213
3.08714
2.94101
2.78773
2.67355
2.92208
3.07708
3.20911
3.07024
3.19171
3.1789
3.09798
2.98898
3.17571
3.11217
3.10785
3.19195
3.29368
3.31504
3.31096
3.16179
3.14938
3.16387
3.16249
3.19664
3.24398
3.35321
3.43584
3.07798
3.33937
3.28337
3.17936
3.19562
3.30725
3.33661
3.36618
3.46449
3.36746
3.76961
3.23688
3.56421
3.54286
3.48154
3.54493
3.43683
3.38563
4.03835
3.9357
3.66535
3.87085
3.74175
3.76328
3.69695
4.01671
3.72165
3.53451
4.01134
3.77212
3.74275
3.74069
4.07993
3.82669
3.86781
3.99464
3.69399
3.98468
3.92989
3.92681
3.97587
3.9927
3.96307
3.90203
4.06134
4.07208
4.04363
4.11753
3.90621
3.93133
3.96102
4.03268
4.07945
4.11942
4.12492
4.07295
4.05212
4.08347
4.16808
3.93501
4.01364
4.04161
4.10057
4.16298
4.09898
4.0372
4.01436
4.14221
4.08015
4.11379
4.12183
4.10879
3.9677
4.13759
4.11243
4.01885
4.08865
4.14291
4.13446
4.05372
4.16097
4.11137
4.13363
4.12764
4.1323
4.16243
4.08331
4.04586
4.13461
4.07692
4.13347
4.1399
4.12195
4.14335
4.16054
4.15014
4.14052
4.13468
4.15617
4.08814
4.1566
4.12778
4.10053
4.07084
4.11845
4.15084
4.18428
4.13324
4.15617
4.13169
4.13804
4.16323
4.16003
4.12324
4.13238
4.17055
4.17689
4.15075
4.08613
4.15617
4.1695
4.1575
4.15617
4.15617
4.15617
4.16074
4.15661
4.13178
4.13169
4.17754
4.15242
4.1695
4.13968
4.15677
4.15928
4.13033
4.148
4.17414
4.14154
4.13552
4.14896
4.15388
4.13588
4.15072
4.13796
4.17689
4.1797
4.15875
4.13569
4.13549
4.17257
4.17946
4.19481
4.1323
4.17341
4.1224
4.18698
4.1695
4.17167
4.1523
4.19481
4.17242
4.12195
4.15959
4.19481
4.17335
4.15861
