0.237188
0.241761
0.285299
0.337063
0.322714
0.330351
0.317456
0.335511
0.317744
0.29192
0.275518
0.247197
0.143481
0.11277
0.125442
0.125156
0.11768
0.13656
0.140618
0.128586
0.142036
0.144686
0.1382
0.142707
0.148921
0.144864
0.13202
0.150813
0.144042
0.145972
0.142551
0.135394
0.139987
0.142162
0.142442
0.141607
0.141985
0.142376
0.134824
0.143638
0.149906
0.147888
0.152674
0.138025
0.148795
0.138901
0.139432
0.146499
0.145139
0.145715
0.147268
0.138914
0.140057
0.145932
0.147603
0.143866
0.143899
0.139102
0.135539
0.13365
0.134124
0.126418
0.139871
0.131867
0.127862
0.13884
0.128872
0.125841
0.120651
0.130717
0.133312
0.12913
0.132931
0.130354
0.128221
0.130694
0.130996
0.12807
0.134698
0.127964
0.12427
0.135923
0.129242
0.128392
0.121864
0.112723
0.130104
0.129115
0.125185
0.133589
0.134402
0.12838
0.124136
0.127668
0.124793
0.12778
0.120954
0.111383
0.124631
0.125665
0.124048
0.127048
0.125075
0.128845
0.124082
0.120168
0.119864
0.115862
0.120051
0.118857
0.122821
0.125315
0.120906
0.119358
0.12089
0.117783
0.120753
0.121853
0.130571
0.12296
0.127167
0.120861
0.127584
0.121915
0.11823
0.120256
0.123829
0.11725
0.118596
0.117582
0.120232
0.122053
0.12282
0.117804
0.122281
0.114965
0.117674
0.111901
0.118061
0.116005
0.116645
0.114653
0.118584
0.111745
0.116319
0.112549
0.111295
0.112723
0.113332
0.107793
0.110694
0.111222
0.109938
0.108186
0.103672
0.104315
0.1074
0.10046
0.105471
0.103649
0.0958008
0.0962047
0.100737
0.104055
0.0997733
0.0995684
0.0970936
0.0993924
0.0932074
0.0997579
0.0945289
0.0980482
0.100304
0.0944683
0.0919423
0.090871
0.0942023
0.0964891
0.0906376
0.0877007
0.0890222
0.0909073
0.0909808
0.0943314
0.0922695
0.0907191
0.0934104
0.0860261
0.0857463
0.0910976
0.0848997
0.0842843
0.084486
0.0804672
0.0850252
0.0817545
0.0818204
0.0827954
0.0827603
0.078826
