0.0637229
0.0740065
0.0831348
0.0800727
0.0822998
0.119501
0.118965
0.105403
0.108053
0.142353
0.137675
0.128692
0.125292
0.132756
0.135984
0.131784
0.132163
0.134302
0.0609896
0.0136811
0.0131483
0.0123332
0.00564954
0.0021699
0.00211983
0.00240313
0.00274196
0.00356395
0.00408814
0.00389087
0.00351251
0.00362716
0.00259055
0.00253067
0.00283752
0.00276024
0.00273142
0.00265209
0.00282074
0.00246405
0.00268224
0.00233297
0.00248589
0.00248831
0.00264781
0.00248934
0.00263216
0.0025258
0.00267061
0.00301413
0.00242892
0.00275172
0.00268734
0.00276047
0.00273135
0.00293073
0.00274586
0.00282012
0.00290281
0.0028315
0.0030583
0.00295867
0.00291781
0.00286134
0.00299538
0.00308704
0.00298721
0.0030476
0.00309832
0.0032364
0.00315605
0.00338732
0.00318563
0.00311639
0.00322627
0.00345724
0.00325555
0.00331647
0.00339637
0.00336726
0.00343817
0.00350268
0.00349985
0.00343137
0.00363533
0.0035062
0.00350637
0.00352359
0.00332084
0.00370768
0.00337262
0.00336411
0.00348107
0.00344041
0.00338059
0.00346438
0.00348975
0.00347342
0.00333894
0.00341278
0.00341341
0.00375166
0.00348493
0.0033324
0.00352064
0.00338602
0.00345177
0.00351657
0.00348482
0.00347796
0.00345356
0.00345918
0.00327656
0.00335963
0.00323808
0.00338114
0.00324135
0.00307716
0.00334387
0.00321052
0.00316367
0.00324269
0.00315774
0.00309326
0.00319778
0.00340297
0.00327903
0.00322413
0.00338871
0.00317882
0.0033533
0.00340453
0.00313897
0.00328255
0.00319585
0.00335191
0.00318576
0.00313139
0.00329529
0.00322577
0.00318316
0.00321602
0.00303197
0.00302855
0.00315391
0.00313684
0.00324659
0.00311687
0.00322794
0.00313131
0.0031677
0.00320236
0.00325011
0.0032179
0.00315842
0.00308014
0.00314891
0.00337461
0.00322831
0.00316402
0.0032621
0.00317667
0.00312384
0.00313414
0.00320982
0.0032455
0.00328422
0.00319197
0.0031275
0.00325314
0.00321369
0.00327147
0.00308563
0.0030973
0.00323513
0.00318083
0.00307825
0.00319414
0.0031671
0.00322582
0.00315249
0.00312715
0.00319847
0.00305873
0.00307412
0.00314489
0.00327894
0.0031815
0.00313114
0.00301132
0.00306203
0.00302131
0.00312037
0.00310028
0.00303928
0.00295412
0.00310175
0.00315054
0.00297006
0.00292086
