0.659895
0.817831
0.841712
0.695205
0.3566
0.203119
0.187483
0.194692
0.198142
0.197829
0.19273
0.201839
0.208532
0.232976
0.23831
0.241223
0.263988
0.269974
0.28387
0.292504
0.300641
0.310265
0.310144
0.322303
0.316698
0.329435
0.316386
0.31088
0.316803
0.312572
0.31118
0.331795
0.316965
0.321603
0.31133
0.317445
0.325851
0.322215
0.316242
0.329374
0.319129
0.32479
0.32885
0.337491
0.329935
0.341715
0.343697
0.357761
0.341093
0.353704
0.363213
0.368214
0.378049
0.383224
0.383672
0.400918
0.399973
0.418643
0.4087
0.410704
0.428792
0.437704
0.441909
0.450111
0.450355
0.452413
0.454292
0.444236
0.465274
0.454406
0.466476
0.471997
0.464915
0.466656
0.465384
0.470355
0.472047
0.477331
0.468096
0.479046
0.47783
0.480579
0.478834
0.472279
0.477245
0.478695
0.468697
0.470278
0.465288
0.457555
0.48016
0.481988
0.471898
0.468362
0.465273
0.47121
0.47563
0.456134
0.463961
0.459705
