14.9778
16.9842
18.0535
17.2869
18.0179
17.3934
18.0588
18.0643
18.2168
18.44
17.8506
18.0287
18.4291
18.2144
18.1628
18.4045
18.1937
18.4615
18.1477
18.0112
18.5128
18.4957
18.5313
18.4366
18.3623
18.5127
18.462
18.3513
18.6088
18.3176
18.5309
18.5282
18.6088
18.4258
18.5814
18.5739
18.3413
18.431
18.6088
18.5518
18.5648
18.6088
18.4955
18.5518
18.392
18.4575
18.4251
18.5316
18.5313
18.4357
18.4804
18.4345
18.5518
18.565
18.5235
18.3376
18.4615
18.3241
18.3336
18.4804
18.2956
18.3407
18.3866
18.2956
18.4615
18.4149
18.3494
18.1837
18.3152
18.5313
18.5276
18.1837
18.462
18.3376
18.1002
18.3878
18.5276
18.1837
18.4615
18.4615
18.3376
18.3779
18.3201
18.3376
18.4615
18.141
18.1837
18.2709
18.4031
18.3376
18.3376
18.0049
18.4615
18.3376
18.3084
18.19
18.3152
18.0112
18.3376
18.0282
