1.85282
1.82475
1.84612
1.79209
1.80317
1.83515
1.73456
1.71455
1.84472
1.70953
1.84494
1.83532
1.80748
1.82724
1.75747
1.72615
1.84573
1.73633
1.83722
1.83319
1.79405
1.72904
1.76828
1.83506
1.78043
1.68461
1.74236
1.85162
1.63246
1.78132
1.83867
1.8374
1.82603
1.69648
1.79203
1.68038
1.77581
1.76438
1.848
1.651
1.77487
1.63983
1.81626
1.74499
1.71026
1.62909
1.74789
1.83004
1.70597
1.84527
1.54905
1.70567
1.71337
1.6002
1.43461
1.67254
1.36252
1.73137
1.72086
1.38332
1.64791
1.72379
1.44731
1.65112
1.34321
1.73065
1.63701
1.17045
1.8302
1.39155
1.80077
1.41818
1.22988
1.39944
1.72131
1.36443
1.63568
1.35089
1.13393
1.52064
1.41525
1.18582
1.22425
1.65236
1.46496
1.69603
1.69145
1.38081
1.19017
1.32873
1.30295
1.40825
1.32941
1.14091
1.26145
1.40366
1.76097
1.29921
1.38638
1.32158
1.25415
1.42431
1.22008
1.19316
1.15668
1.20016
1.19517
1.16099
1.21926
1.52845
1.56102
1.15748
1.4151
1.2301
1.35198
1.23391
1.27694
1.6111
1.23402
1.19465
1.42037
1.46454
1.21855
1.18908
1.27001
1.76372
1.77965
1.18446
1.18866
1.34843
1.20279
1.24303
1.20483
1.22403
1.22383
1.24496
1.31196
1.20485
1.25147
1.22991
1.19209
1.23432
1.23589
1.15772
1.47045
1.20162
1.18704
1.21465
1.46135
1.21514
1.21433
1.3528
1.19879
1.37316
1.17074
1.23634
1.2316
1.26171
1.31132
1.24129
1.17217
1.69689
1.30011
1.36506
1.24674
1.26909
1.38449
1.27382
1.20982
1.42785
1.17136
1.18673
1.22872
1.19378
1.17689
1.2295
1.23381
1.55259
1.24248
1.21745
1.19296
1.23728
1.1876
1.20249
1.25056
1.21089
1.15811
1.20055
1.18393
1.19713
1.74132
1.15703
1.3021
1.20682
1.21913
1.17796
1.22091
1.20609
1.17952
1.26717
