0.152184
0.115829
0.124726
0.113428
0.109584
0.107744
0.100844
0.0848935
0.102163
0.0740294
0.098302
0.076965
0.0741369
0.0778114
0.0153864
0.00958282
0.0182576
0.0305049
0.0149214
0.013467
0.0289537
0.0286321
0.031049
0.0132117
0.0359653
0.0169319
0.0192047
0.0199118
0.0275479
0.0333983
0.0412575
0.0246113
0.0330857
0.0271265
0.0268962
0.0359851
0.0386114
0.032036
0.040602
0.0374545
0.0348608
0.0337904
0.0412948
0.04314
0.0337736
0.0275064
0.0284273
0.0336365
0.0335847
0.0381458
0.0267573
0.0327503
0.0382855
0.026172
0.0389742
0.0381256
0.0293569
0.0373151
0.0325527
0.0263277
0.03637
0.034424
0.0484774
0.0437382
0.0373509
0.0441379
0.0330921
0.0353175
0.0488663
0.0389477
0.0431949
0.0458013
0.0432664
0.0479805
0.0478684
0.0361763
0.037287
0.0456896
0.0409944
0.0295055
0.034996
0.0325615
0.0391298
0.0356939
0.0275549
0.0273228
0.0277234
0.0333481
0.0281045
0.0232207
0.0271838
0.0189211
0.0232799
0.0277207
0.023513
0.0256802
0.0298212
0.0321114
0.0236419
0.0236918
