0.141383
0.121524
0.117782
0.120053
0.119548
0.120236
0.118343
0.11935
0.11692
0.117371
0.113713
0.116545
0.0839909
0.0206713
0.0206401
0.0202387
0.0203963
0.0198818
0.0214586
0.0208405
0.0212462
0.0219547
0.0209111
0.0210262
0.0219151
0.0208352
0.0212358
0.0214548
0.0203786
0.0216453
0.0204214
0.0219443
0.021491
0.0215683
0.0212081
0.0209904
0.0211804
0.0211583
0.0205899
0.0214766
0.0203534
0.0207868
0.0202437
0.0216547
0.0215846
0.0210402
0.0212753
0.0215542
0.0209892
0.0214878
0.0213729
0.0220448
0.0203589
0.0202193
0.0215119
0.0209602
0.0215661
0.0219283
0.0213048
0.0216102
0.0209164
0.02112
0.0200655
0.0213149
0.0198508
0.0217419
0.0212713
0.0214636
0.02046
0.0207499
0.021367
0.0216197
0.0208823
0.0211396
0.020695
0.0204852
0.0207679
0.0210063
0.0214185
0.0205781
0.0208818
0.0215197
0.0213833
0.0202953
0.0206132
0.0208094
0.0209935
0.0191788
0.0192605
0.019433
0.0184112
0.018424
0.0183353
0.0186235
0.0185896
0.0190957
0.0188783
0.0186506
0.0181552
0.019253
0.0176885
0.0185899
0.0188559
0.0187211
0.0180422
0.018372
0.017594
0.017401
0.0173392
0.0171604
0.0174477
0.0173106
0.0180426
0.0168279
0.0168305
0.0174081
0.0171637
0.0177279
0.0175677
0.0165841
0.0172045
0.0170383
0.0168848
0.0163842
0.0163467
0.0169429
0.0162496
0.0167282
0.0163501
0.0163716
0.0167055
0.0165801
0.0165305
0.0163241
0.0162211
0.0165561
0.016048
0.0152795
0.0161602
0.0161413
0.0159963
0.016282
0.0157457
0.0159335
0.0158001
0.0159887
0.0155442
0.0157795
0.0149549
0.0162861
0.0160946
0.015205
0.0152497
0.0158096
0.0153055
0.0152367
0.0153799
0.0148172
0.0146141
0.0149884
0.0149602
0.0152293
0.0153892
0.015457
0.0151187
0.0148655
0.0145699
0.0147536
0.0142962
0.0144054
0.014533
0.0150308
0.0146901
0.0151311
0.0146395
0.0145596
0.0148005
0.0149012
0.0148826
0.0152086
0.0143868
0.0150919
0.0140502
0.014581
0.0143965
0.0145619
0.014878
0.0141454
0.0137994
0.0149108
0.0149713
0.014718
0.0147693
0.0137623
0.014126
0.0144284
0.0143073
0.0142763
0.0141229
0.0141196
