16.4356
15.3968
16.9953
15.7229
16.3752
15.9661
15.9424
15.3538
14.4795
14.3527
15.8504
14.7167
17.399
16.0097
14.6475
15.5098
16.2036
15.7475
16.4272
16.1395
16.5324
15.9357
15.6382
17.3811
16.5403
17.6091
16.9063
16.3532
16.2404
16.7031
16.4017
15.7063
17.2134
17.4335
15.8823
16.6204
16.9728
16.5275
17.0512
17.2693
17.2829
17.2494
17.1912
17.4987
17.5254
16.476
17.7489
16.1408
17.4053
16.9563
17.0985
16.7164
16.9284
16.8515
17.107
16.946
16.4268
16.7662
16.6242
17.7316
16.6575
17.3828
17.276
16.5967
16.7632
17.2431
17.0507
16.7732
17.0233
16.5722
16.7081
16.8545
17.0323
16.8872
17.7316
16.3219
17.1891
16.8363
17.3432
16.4895
16.6815
16.9164
17.1065
17.5897
17.3248
16.3847
17.8068
16.9343
16.8818
16.9444
16.8246
16.6542
16.909
16.4469
16.8445
16.5726
16.7575
16.0164
16.4554
16.7127
