0.0186007
0.0376553
0.0558668
0.0752852
0.0933007
 0.112896
 0.130946
 0.150533
 0.168791
 0.188256
 0.206795
 0.226105
 0.244908
 0.264081
 0.283079
 0.302155
 0.321255
 0.340278
 0.359385
 0.378402
 0.397424
 0.416489
 0.435341
 0.454508
 0.473131
 0.492436
 0.510825
 0.530248
 0.548483
 0.567924
 0.586178
 0.605468
 0.623958
 0.642919
 0.661812
 0.680362
 0.699664
 0.717896
 0.737416
 0.755588
 0.775014
  0.79343
 0.812475
 0.831323
  0.84987
  0.86913
 0.887282
 0.906749
 0.924773
 0.944156
 0.962356
 0.981405
