0.0101634
0.0203482
 0.030576
0.0408682
0.0512464
0.0617323
0.0723476
 0.083114
0.0940534
 0.105187
 0.116538
 0.128125
 0.139972
 0.152097
 0.164521
 0.177261
 0.190336
 0.203761
  0.21755
 0.231713
 0.246261
 0.261197
 0.276526
 0.292247
 0.308354
  0.32484
 0.341694
 0.358901
 0.376442
 0.394297
 0.412443
 0.430856
 0.449508
 0.468373
 0.487423
 0.506629
 0.525965
 0.545403
 0.564916
  0.58448
  0.60407
 0.623663
 0.643238
 0.662777
 0.682262
 0.701679
 0.721014
 0.740259
 0.759405
 0.778447
 0.797383
 0.816212
 0.834937
 0.853562
 0.872093
 0.890537
 0.908905
 0.927206
 0.945453
 0.963659
 0.981836
