77.6068
77.6791
77.6874
77.8182
77.6346
77.6877
77.6307
77.5173
77.6141
77.6807
77.642
77.7453
77.602
77.7678
77.7375
77.5961
77.7229
77.7207
77.7084
77.7308
77.7476
77.7511
77.6217
77.6235
77.7638
77.7846
77.791
77.5185
77.6765
77.5937
77.6154
77.6791
77.6872
77.7174
77.7833
77.5417
77.6759
77.7352
77.6205
77.6679
77.5561
77.6719
77.4465
77.3621
77.6373
77.5754
77.461
77.5038
77.6134
77.5206
77.6345
77.4458
77.5731
77.8411
77.0745
77.4243
77.374
77.2755
77.1604
77.8218
77.496
77.2901
77.3961
77.1226
77.3546
77.6073
77.4936
76.8762
77.0519
77.6886
77.3809
77.3686
76.9454
77.0744
76.9625
76.8199
77.4359
77.334
77.5494
76.4455
77.2679
76.9335
77.3854
75.3411
74.1331
75.358
76.3074
76.7188
76.2564
76.6997
76.1333
76.4135
75.511
75.0775
76.7658
76.6498
76.8748
76.9967
77.0855
76.3717
77.2104
75.7898
75.8689
76.1452
76.2263
77.3074
76.9218
76.0819
76.4605
76.5813
75.3807
75.6459
76.7898
77.2634
75.6963
76.4074
76.059
76.3103
76.7887
74.7964
76.1955
75.9225
76.2525
76.561
76.5145
76.7179
77.3304
76.2298
76.9764
75.8021
76.1478
76.286
76.6944
76.6338
76.0566
74.645
74.9938
75.8024
76.5305
76.4166
75.5696
76.6654
76.3128
77.7329
76.3494
75.9338
76.1574
76.1232
76.4829
77.21
75.4482
75.2145
76.4767
75.3599
75.8303
77.4382
77.0475
76.192
75.0429
75.8935
75.8431
75.5307
76.5681
75.493
76.0725
76.3394
76.0679
75.5714
75.7546
75.5775
76.229
75.9372
75.5987
75.7249
75.5937
74.7408
75.7164
76.2892
76.2952
76.2985
75.4162
74.7297
75.626
75.8888
76.3029
75.9994
76.1874
75.1463
77.2824
75.6079
76.7577
74.8673
75.15
76.3558
75.5027
76.1489
75.2232
75.3775
76.0072
75.3543
