10.7305
10.1616
10.601
9.49414
10.6387
11.126
11.0269
10.7556
10.0473
11.029
9.8291
9.81299
10.4682
10.3772
10.3335
10.6326
11.091
9.84496
11.1941
10.3598
10.9564
10.3157
10.4716
10.5708
10.5781
10.677
10.974
11.2393
10.7229
10.6594
10.9317
10.7846
10.6865
10.6429
10.8181
11.2598
11.2329
10.7377
10.7995
10.7789
11.2514
10.8199
10.7447
10.7092
10.3185
11.1494
11.2294
10.8039
10.419
10.8423
11.0897
10.6414
10.3718
10.521
11.2337
10.7249
11.1812
11.1455
10.6989
11.1481
10.3969
11.1229
11.1936
10.7131
10.7097
10.7344
10.7533
10.9627
10.9996
10.724
11.2147
10.8998
10.6841
10.6561
10.5847
10.7149
10.8985
11.2282
10.703
10.4155
11.0613
11.0901
11.2881
10.9016
10.7352
10.5856
10.6414
10.47
11.0649
10.7434
11.1644
11.2806
10.6821
10.8049
11.1054
10.7367
10.9676
10.3599
11.2783
10.7836
10.8195
10.6819
11.3337
10.9659
10.8164
11.2517
10.9791
10.7437
11.2414
10.8626
10.934
10.6151
10.8439
10.3628
10.7401
10.8208
10.8087
10.7969
10.7305
10.7826
10.7605
10.7963
10.5845
10.6947
11.3473
11.2827
10.6842
10.8051
11.3322
10.7592
10.5912
11.0131
10.5694
10.7173
10.7232
10.7639
10.7125
10.5421
11.2547
11.2047
10.7872
10.8114
10.763
10.9062
11.2933
11.1978
11.1618
10.9786
10.7526
11.3583
11.1938
11.2921
11.3467
11.3908
11.0718
11.2464
11.2435
11.1489
10.7452
11.3475
10.779
10.7958
11.3209
10.7974
11.1699
10.8787
10.7493
10.9857
10.7267
11.3477
11.3075
11.1832
10.7594
10.9399
10.8379
10.6796
10.9662
10.8281
10.7125
10.7351
10.9502
10.9047
11.2976
10.7379
10.7412
11.0227
10.6671
10.8479
10.7681
10.7269
11.3
10.7365
10.8068
10.7073
11.2897
11.2538
11.365
11.1266
11.1358
10.9392
