0.13572
0.118344
0.128144
0.144666
0.139884
0.137226
0.0802365
0.0337863
0.0272986
0.0242762
0.0244729
0.0231524
0.0257786
0.0242941
0.0290901
0.0277291
0.0308611
0.0398773
0.0439845
0.0437852
0.0413572
0.124644
0.429644
0.17129
0.0341767
0.0741861
0.0412167
0.0314632
0.0295657
0.0317815
0.0290994
0.0283331
0.0293795
0.0307907
0.0324043
0.0340218
0.0363368
0.0386515
0.0367685
0.0383439
0.0342428
0.0331144
0.0357495
0.0338153
0.0370189
0.0378228
0.0368656
0.0380595
0.0425225
0.034
0.0353822
0.0412484
0.0388852
0.0372739
0.0381063
0.0397618
0.0432454
0.0421005
0.0421889
0.0402011
0.0419708
0.0447958
0.0435263
0.0435
0.0413131
0.0426778
0.0411822
0.0461172
0.0444544
0.043927
0.0411351
0.0434327
0.0450102
0.047834
0.046031
0.0463057
0.0451968
0.0443612
0.0458026
0.0464998
0.0459395
0.0454919
0.0459906
0.04373
0.0452707
0.045328
0.0450219
0.0467159
0.0480013
0.0460753
0.0472217
0.0439601
0.0436825
0.0463917
0.0456001
0.0468826
0.0487219
0.0469859
0.0458781
0.0447173
0.0461236
0.045517
0.0461932
0.0454288
0.0460126
0.0441499
0.0465286
0.0438934
0.0477138
0.0473335
0.045808
0.0470112
0.0458608
0.0462523
0.0459724
0.0466303
0.0443228
0.0497418
0.0449705
0.0469002
0.0482972
0.044263
0.0468547
0.0456069
0.0491394
0.0458172
0.0471836
0.0478116
0.0464598
0.047138
0.0474441
0.0462776
0.0477935
0.0477906
0.049656
0.0467954
0.0499554
0.046938
0.0493101
0.0485529
0.0487238
0.0491847
0.0473439
0.0475694
0.0468665
0.0478525
0.048945
0.0494216
0.0493635
0.0501157
0.0521888
0.0487066
0.048546
0.0498547
0.0495278
0.0490609
0.0510873
0.0511924
0.0525348
0.047942
0.0509736
0.049512
0.0506191
0.050124
0.0483222
0.0521423
0.0497762
0.0497464
0.0503378
0.0520536
0.0512938
0.0516866
0.0538149
0.054308
0.053469
0.0507075
0.053301
0.0507151
0.056144
0.0532586
0.0525779
0.0518729
0.0542148
0.0537759
0.0538908
0.0545626
0.0546923
0.0530643
0.0535842
0.0545327
0.0542101
0.0535446
0.0524339
0.0547841
0.0554784
0.0550908
0.0539404
0.0512486
0.0568363
0.0568885
