1143.02
1253.87
1189.18
1251.72
1317.51
1262.14
1277.2
1268.19
1264.5
1246.11
1257.04
1285.78
1266.28
1268.87
1272.67
1313.1
1243.67
1215.11
1217.71
1205.23
1255.91
1222.69
1180.42
1205.75
1175.15
1146.73
1163.13
1203.19
1167.91
1129.33
1182.02
1171.2
1171.4
1190.86
1137.43
1171.58
1139.94
1146.25
1112.97
1150.71
1127.63
1151.64
1131.38
1123.21
1166.49
1139.24
1162.49
1158.81
1148.02
1186.64
1171.95
1165.87
1182.8
1198.38
1214.13
1206.51
1184.25
1216.82
1189.45
1210.99
1192.8
1205.45
1179.15
1141.32
1143.55
1154.42
1153.97
1122.25
1130.97
1112.28
1104.43
1120.81
1097.42
1083.77
1097.38
1066.19
1053.96
1047.08
1032.21
1052.92
1033.17
1023.91
1018.75
1007.39
995.716
987.949
954.167
966.035
947.787
959.787
939.986
924.328
925.711
903.293
914.765
903.504
899.318
917.753
888.537
886.61
874.573
864.49
851.415
848.055
846.486
846.416
842.068
821.471
833.8
825.924
811.516
813.73
787.692
785.692
786.326
800.723
794.206
779.385
768.613
752.878
753.354
753.931
781.282
799.956
830.108
778.363
746.308
760.402
746.89
753.992
732.418
729.591
725.827
727.522
715.455
734.289
730.487
710.993
719.879
711.501
704.183
688.489
689.192
680.984
675.938
675.569
669.185
680.001
668.222
652.71
661.947
652.448
648.354
642.68
639.051
636.778
630.698
627.476
629.888
613.681
644.453
624.624
624.555
607.089
591.535
600.969
606.537
600.683
592.539
580.89
592.797
593.814
578.015
585.326
572.545
577.976
580.125
576.907
560.416
570.943
566.655
565.511
570.372
551.362
554.581
556.521
563.71
544.187
556.054
541.313
544.604
548.396
536.48
530.923
523.503
534.281
518.553
526.508
512.857
523.892
