126.421
126.563
126.512
126.351
126.497
126.52
126.255
126.596
126.618
126.071
126.549
126.562
126.329
126.593
126.534
126.505
126.614
126.571
126.602
126.334
126.227
126.56
126.673
126.691
126.309
126.41
126.269
126.348
126.338
126.504
126.317
126.323
126.567
125.842
126.29
126.548
126.316
125.789
126.406
126.493
126.647
126.015
126.549
126.339
126.339
125.374
125.782
126.162
125.095
126.274
124.819
125.071
126.334
123.88
125.655
125.351
125.576
126.052
123.609
125.112
122.804
125.013
125.298
124.727
123.282
124.581
125.314
124.345
125.358
122.296
123.575
123.921
123.633
125.744
123.737
122.141
122.495
124.041
125.281
124.674
124.277
124.024
124.994
124.49
123.663
124.76
123.712
121.817
121.843
123.591
123.167
121.503
122.997
124.346
121.908
123.327
122.524
122.776
120.615
122.586
125.489
123.192
122.72
119.392
120.582
124.089
119.368
121.118
122.425
120.399
123.457
122.417
119.949
120.591
119.882
121.085
121.132
123.233
122.982
119.696
118.357
120.408
119.431
120.182
119.5
120.252
121.618
117.386
119.696
118.847
121.245
124.007
120.352
118.601
125.033
123.528
119.779
121.268
119.873
119.558
119.305
123.002
118.704
121.762
120.515
126.454
120.916
119.256
118.095
122.378
119.445
119.717
118.982
118.453
121.793
119.264
120.227
125.221
117.761
121.172
121.212
118.434
119.066
122.238
123.134
118.261
124.421
123.167
126.5
124.091
118.321
124.89
119.176
118.35
119.116
115.834
122.497
117.045
125.278
125.93
123.049
121.725
118.859
120.096
122.055
119.64
122.626
124.652
122
120.642
124.366
122.126
123.624
122.84
126.276
121.887
122.316
123.772
123.011
122.131
