16.6109
16.5899
16.6286
16.6162
16.6514
16.6214
16.6446
16.6295
16.6246
16.6002
16.6347
16.6462
16.6158
16.6511
16.6472
16.548
16.5979
16.5742
16.5924
16.6628
16.6138
16.6393
16.5855
16.5377
16.5867
16.6082
16.5686
16.5914
16.5908
16.5527
16.5232
16.5925
16.483
16.5377
16.5862
16.6051
16.6397
16.621
16.5146
16.6004
16.6004
16.5954
16.6095
16.6057
16.6035
16.6434
16.6012
16.6314
16.6346
16.5443
16.6338
16.57
16.5942
16.5584
16.4637
16.5355
16.6332
16.4448
16.5783
16.636
16.4056
16.5285
16.5878
16.6191
16.522
16.6321
16.5993
16.6233
16.6223
16.4563
16.6012
16.6396
16.6379
16.6224
16.4888
16.4748
16.6181
16.6162
16.6346
16.5574
16.5781
16.5711
16.482
16.6063
16.4983
16.602
16.5315
16.4981
16.5876
16.4967
16.5032
16.6001
16.5981
16.5034
16.3702
16.3486
16.4887
16.4749
16.5372
16.5361
16.4937
16.6346
16.3096
16.5768
16.5057
16.4963
16.3908
16.537
16.5136
16.5611
16.4463
16.4391
16.5699
16.396
16.4845
16.6127
16.4228
16.4641
16.6288
16.3738
16.4576
16.3862
16.302
16.4522
16.4393
16.4438
16.6245
16.5263
16.5135
16.4283
16.3175
16.4265
16.4715
16.4865
16.4442
16.369
16.3301
16.6061
16.5354
16.4906
16.4263
16.4665
16.3174
16.373
16.5935
16.2706
16.5447
16.4556
16.4657
16.4014
16.479
16.5682
16.5153
16.3454
16.5387
16.272
16.4217
16.445
16.2991
16.4343
16.458
16.3515
16.4384
16.34
16.4828
16.4095
16.3974
16.5188
16.5578
16.2914
16.5386
16.3556
16.2595
16.3469
16.401
16.3794
16.4703
16.4798
16.4741
16.3663
16.5615
16.3484
16.5066
16.3814
16.2947
16.3252
16.4704
16.2803
16.0967
16.3776
16.4802
16.2951
16.2297
16.3836
16.3573
16.3322
16.5242
16.4615
16.5195
16.1941
