2.0395
0.221017
0.213444
0.201172
0.218178
0.212634
0.211507
0.21045
0.183888
0.176563
0.174927
0.169908
0.159454
0.169902
0.172471
0.16206
0.16756
0.168543
0.175256
0.187846
0.179124
0.192223
0.18683
0.211219
0.203752
0.211915
0.211287
0.206933
0.199852
0.204317
0.217539
0.199778
0.207977
0.216593
0.215645
0.214773
0.217448
0.224092
0.21021
0.215369
0.222717
0.214971
0.219537
0.216489
0.217773
0.225215
0.229173
0.232976
0.230715
0.233989
0.236428
0.233847
0.247887
0.240762
0.229181
0.247226
0.248577
0.250926
0.258986
0.258477
0.261687
0.268925
0.265869
0.259611
0.254101
0.271015
0.263814
0.263577
0.269418
0.268679
0.264239
0.255147
0.253463
0.259848
0.258474
0.252907
0.252096
0.254218
0.25341
0.254139
0.24951
0.257251
0.246057
0.25267
0.248341
0.261142
0.256637
0.240856
0.246595
0.247812
0.236818
0.236828
0.240571
0.233033
0.235082
0.240535
0.233337
0.231598
0.225051
0.217042
