12.4276
8.37277
9.25528
9.52227
9.30552
13.322
7.53319
10.1711
9.83734
9.08387
9.39119
10.4233
9.97736
10.0797
10.2479
12.3282
11.783
12.3403
11.9126
10.0162
17.7895
14.0877
13.6472
10.5728
13.3766
10.2522
10.5602
10.8773
13.0129
10.1451
10.4417
9.75055
12.169
10.864
10.7965
11.5008
11.3948
10.7378
12.3915
10.3601
10.0421
11.7587
12.6215
11.8347
10.7853
12.6761
11.247
11.1842
11.8147
10.8396
12.025
12.5421
12.0501
12.9363
13.0954
11.2205
12.3023
13.6799
13.7856
12.1213
14.673
13.9001
12.6258
12.3572
12.3791
12.0621
12.6432
12.7703
12.0425
13.1129
12.2696
12.9981
12.5091
12.6112
11.7369
11.5311
11.4356
11.4576
12.4327
13.5426
12.4514
13.1176
13.5682
12.0719
12.1802
12.5004
11.9238
12.2403
11.286
11.7292
12.3301
12.7712
12.2247
13.2794
11.886
13.0998
12.0959
11.8305
12.4818
11.9889
