0.0724154
0.0760658
0.0635106
0.0652873
0.0640496
0.0641266
0.0633962
0.0630525
0.0619843
0.0896089
0.101818
0.0869858
0.0948823
0.0904085
0.0911068
0.0859054
0.0827256
0.0820308
0.0343233
0.00374437
0.00437005
0.00411796
0.00463744
0.00423893
0.00420082
0.00404016
0.00368396
0.00268029
0.00265744
0.00296065
0.00302169
0.00323214
0.00293662
0.00312536
0.00312406
0.00316167
0.00333666
0.00331924
0.00323817
0.00312222
0.00308244
0.00322915
0.00314524
0.0031198
0.00322797
0.00325057
0.00336028
0.00324255
0.00329851
0.00338616
0.00340067
0.00328651
0.00325279
0.00347884
0.00339581
0.00335081
0.00322858
0.00322277
0.00322907
0.00339739
0.00330466
0.00348065
0.0033236
0.00329647
0.00343268
0.00355231
0.00349824
0.00350585
0.00317884
0.00345846
0.00317424
0.003479
0.00337726
0.00337759
0.00332451
0.00320622
0.00317429
0.00323987
0.0032977
0.00320423
0.00310361
0.00329955
0.0031769
0.00319395
0.00326055
0.00319273
0.00326131
0.00306598
0.00308187
0.0030721
0.00276137
0.00243235
0.00273432
0.00264118
0.00267109
0.00283277
0.00277747
0.00276466
0.00273889
0.00278706
0.00290241
0.00300014
0.00286625
0.00307323
0.00285213
0.00294919
0.00279377
0.00279319
0.00284191
0.0028727
0.00290636
0.00298279
0.002841
0.00276256
0.00275891
0.00288486
0.00282988
0.00276828
0.00288502
0.00289444
0.00286777
0.00282809
0.00286947
0.00286417
0.00271466
0.00273949
0.00307277
0.00281359
0.00305078
0.00287693
0.00286317
0.00299139
0.00288807
0.00309951
0.00288034
0.00291798
0.00271884
0.00281513
0.00284935
0.0030035
0.00285021
0.00278983
0.00297459
0.00284062
0.0028476
0.00279733
0.00277086
0.00290626
0.00289878
0.00294509
0.0028918
0.00284236
0.00287768
0.00274294
0.00278646
0.00286525
0.00279215
0.00277874
0.0028269
0.002718
0.00269695
0.00281541
0.00284372
0.00270299
0.0027406
0.00279896
0.00274608
0.00285901
0.00283536
0.00275587
0.00286497
0.00275651
0.00280933
0.00269329
0.00279099
0.00278066
0.00287549
0.0028105
0.00262855
0.00274908
0.00275579
0.00274519
0.00277507
0.00276543
0.00273859
0.00273672
0.00272162
0.00268426
0.00270229
0.00261613
0.00275695
0.00272165
0.00263146
0.00274068
0.00265388
0.00258624
0.00272978
0.00275995
0.0027096
0.00264032
