13.0637
11.0344
17.5273
12.8826
12.0418
10.4423
13.8474
10.2589
15.7952
13.4723
13.9207
11.4229
14.4113
13.466
11.5286
11.9738
15.042
12.7118
13.73
15.1483
14.2335
13.2372
12.1189
12.9368
11.9241
13.3151
12.3356
11.8386
12.2591
13.432
12.1982
13.4601
14.4201
13.2707
10.4319
12.4068
12.6851
11.6538
12.9472
12.49
15.478
12.5157
11.4915
12.057
12.0832
13.9898
13.1003
12.8787
12.3812
12.2955
12.5448
13.5249
12.6142
13.654
13.3898
13.699
13.4601
11.7802
14.5749
12.2578
12.9674
13.7185
14.8376
13.4697
13.8523
13.3076
15.7613
13.3463
13.4019
14.9598
14.8339
13.5799
12.8216
13.6676
12.2
14.5312
15.7817
13.0927
14.7354
15.6183
12.4961
14.8825
14.5712
13.5449
16.1812
14.4024
13.6282
13.6366
16.6965
13.3505
13.7862
14.1009
14.7347
14.1245
14.5186
15.6432
14.9137
13.6301
15.5647
14.7273
