1.46621
1.45764
1.42215
0.441143
0.201914
0.207216
0.207448
0.206681
0.208112
0.205364
0.207408
0.206638
0.205977
0.182726
0.129039
0.139964
0.0995194
0.094829
0.103442
0.102639
0.102427
0.105072
0.106267
0.0991678
0.102688
0.102449
0.100562
0.107564
0.0994522
0.0992349
0.0976568
0.0982739
0.0942151
0.102099
0.0950255
0.0953173
0.0809875
0.0751499
0.0719485
0.0659761
0.0751229
0.0806123
0.0816545
0.0772401
0.0825086
0.0784122
0.0803918
0.0780483
0.0833448
0.0842162
0.0852946
0.0840406
0.0768033
0.0815173
0.0854427
0.0909335
0.0846269
0.0846198
0.0850351
0.0863246
0.0860635
0.0857666
0.0896231
0.0864811
0.0874284
0.0877839
0.0867045
0.0865299
0.0854343
0.0853598
0.0909054
0.0869126
0.0871408
0.0895469
0.0927949
0.083588
0.0899392
0.0903058
0.0883819
0.0889039
0.0895546
0.0850209
0.0871788
0.090271
0.0907894
0.0879047
0.086814
0.0920789
0.0901473
0.094409
0.0887159
0.0947684
0.0911511
0.0920838
0.0917259
0.0857737
0.0903856
0.0884742
0.0888654
0.086959
0.0905171
0.0896133
0.0892668
0.0886673
0.0916961
0.0902763
0.0909891
0.0936394
0.0956487
0.0921705
0.0885216
0.0865848
0.0930451
0.0915367
0.0895164
0.0913787
0.0895132
0.0924966
0.0887281
0.0879618
0.088527
0.0883886
0.0862279
0.091663
0.088227
0.0909384
0.0898176
0.0929219
0.0881692
0.0902615
0.0897013
0.0890358
0.08821
0.091438
0.0899843
0.0913126
0.0882789
0.0909649
0.0898058
0.0902051
0.0922003
0.0937688
0.0907932
0.091361
0.087909
0.0887863
0.0886135
0.0894279
0.0859452
0.0902257
0.0916265
0.0876641
0.0895697
0.0954389
0.0906532
0.0865169
0.0906652
0.0927785
0.090933
0.094207
0.0928291
0.0886954
0.0875243
0.0913599
0.0893738
0.0897226
0.0884583
0.0920547
0.0903458
0.0885561
0.0889331
0.0898874
0.086702
0.0916069
0.0919265
0.0886427
0.0904642
0.0893673
0.0884789
0.0913069
0.0888728
0.0911615
0.0894833
0.0870928
0.0912787
0.0874181
0.087078
0.0910111
0.0921199
0.0903875
0.083413
0.088992
0.0891992
0.0901592
0.0872284
0.0883697
0.0905624
0.0860455
0.0895855
0.0888461
