4.98848
5.03164
5.0478
5.05576
5.022
5.0359
5.06084
4.98229
5.03627
5.03677
5.04754
5.05012
5.05216
4.99596
4.89706
5.03076
5.00066
4.98826
5.04371
5.01164
5.00085
5.04573
4.90313
4.94754
5.05509
4.99956
5.04569
5.02075
5.0255
4.99569
4.99966
4.93389
4.79186
5.00269
5.0152
4.99876
5.01335
5.0613
5.03781
5.02262
4.99788
5.05626
5.05292
5.03777
5.02383
5.00093
5.0531
4.99618
5.02636
5.0541
4.91922
5.0016
5.03051
5.05151
4.9061
5.05474
5.05218
4.90042
4.98342
4.89126
4.92421
4.98331
4.91822
5.0299
4.91001
4.97367
5.01835
4.96785
5.0568
4.91692
4.95097
4.97003
4.96902
5.0197
4.96839
4.87974
4.93957
4.90307
4.94235
4.8897
4.93665
4.76514
4.87439
4.96178
5.01202
4.84096
4.81759
4.89288
4.89592
4.94827
4.92573
4.81578
4.88423
4.95452
5.05283
4.79496
4.89296
4.74013
4.98356
4.80194
4.9568
4.88238
4.7779
4.78302
4.8289
4.7654
4.77014
4.80931
4.94605
4.80356
4.72976
4.90581
4.87758
4.92132
4.97206
4.9286
4.89947
5.00472
4.91005
4.9052
4.80251
4.88209
4.89022
4.83628
4.89738
4.90535
4.80406
4.83973
4.90402
4.84379
4.65423
4.78312
4.79248
4.77182
4.80435
4.86723
4.7087
4.75437
4.78236
4.77505
4.95541
4.75385
4.85158
4.96683
4.77474
4.79655
4.79204
4.8805
4.89606
4.80896
4.90728
4.94973
4.8164
4.92097
4.87025
4.75693
4.78564
4.95018
4.88633
4.93609
4.82898
4.86845
4.83841
4.89586
4.8975
4.78053
4.88896
4.97164
4.80404
5.00886
4.84286
4.78864
4.77303
4.93626
4.8266
4.79521
4.75369
4.89486
4.84502
4.82033
4.83856
4.64912
4.8674
4.90535
4.9014
4.83628
4.76969
4.85059
4.87563
4.94761
4.90081
4.74773
4.85339
4.70121
4.78602
4.80236
4.75634
4.76726
4.79999
4.84741
