0.155387
0.272935
0.322818
0.31136
0.274907
0.291219
0.271734
0.262509
0.258581
0.139201
0.149082
0.147362
0.146593
0.140871
0.0907931
0.0267451
0.0259841
0.0256573
0.0256746
0.0266288
0.0251334
0.0257175
0.0255938
0.0253395
0.0246887
0.024977
0.0244531
0.0253602
0.02604
0.0256109
0.0254943
0.0257457
0.0246413
0.02577
0.0254404
0.0251773
0.0246172
0.0184136
0.012995
0.0131818
0.0135185
0.0162461
0.0152325
0.015447
0.0148071
0.0151759
0.0140831
0.0155253
0.0152061
0.0140742
0.0139258
0.0135281
0.0139714
0.0131152
0.0137613
0.0133689
0.0140618
0.0139629
0.0131553
0.0134694
0.0126135
0.0129544
0.0127152
0.0123326
0.0127667
0.0122477
0.0122637
0.0124997
0.0123573
0.0116662
0.0119459
0.012367
0.0118676
0.0114008
0.0126127
0.0121292
0.0118329
0.0117141
0.0113528
0.01114
0.011528
0.0111304
0.0118547
0.011329
0.0113906
0.0109412
0.0114431
0.0113027
0.0106033
0.0112015
0.0110803
0.0108237
0.0106567
0.0111089
0.0108278
0.0110164
0.0108737
0.0108699
0.0105065
0.0100135
0.0104859
0.0106927
0.0100201
0.0103042
0.0101288
0.0103739
0.0103756
0.0104232
0.0104697
0.00993062
0.00972058
0.0100397
0.0100684
0.0102611
0.0101989
0.00922028
0.0100178
0.0094933
0.0101134
0.00975054
0.00957245
0.0096954
0.00920496
0.00969171
0.00926599
0.00950148
0.00954356
0.0093824
0.00944063
0.00911351
0.00916587
0.00922449
0.00946256
0.00956493
0.00925414
0.00936033
0.00924675
0.00957125
0.00949254
0.00915893
0.00912342
0.00948686
0.00850506
0.00878729
0.00913547
0.00882436
0.00939498
0.00856493
0.00903771
0.00927041
0.00936032
0.00925674
0.00873328
0.00921277
0.00913826
0.00885002
0.00904817
0.00872188
0.00887401
0.0087912
0.00864245
0.00886948
0.00876569
0.0084703
0.0082131
0.00916193
0.00883001
0.00879761
0.00863818
0.00830466
0.00892471
0.00842874
0.00827753
0.00874646
0.00834805
0.00834279
0.0081903
0.00872737
0.00857079
0.00861162
0.00841426
0.00790124
0.00845592
0.00828185
0.0083567
0.0080026
0.00809622
0.00862972
0.00826802
0.00801173
0.00821941
0.00793873
0.0080441
0.00832169
0.00802882
0.00820216
0.00809092
0.00755552
0.00783445
0.00830525
