10.0836
10.1394
10.1271
10.1315
10.1325
10.11
10.1044
10.1103
10.0569
10.0742
9.992
10.1374
10.0863
10.1087
10.1082
10.1125
10.0818
10.0754
10.076
10.1129
10.1236
10.0363
10.0417
10.038
10.0154
10.1301
10.0743
10.0886
9.91308
9.9946
10.0866
9.99018
9.93966
10.0228
10.0516
9.9694
9.96817
10.0304
10.0366
10.0018
10.1083
10.0165
10.1095
9.94601
10.0578
10.0366
9.99162
9.87173
10.0336
10.0518
10.0752
9.99983
9.89465
9.93994
10.0099
10.032
9.94435
9.95652
9.99453
9.99484
10.0342
10.014
9.97732
9.96983
9.91492
10.0773
10.1151
9.92102
9.95353
9.9399
9.98805
9.92964
9.90689
10.0108
9.94473
10.012
10.0499
10.0312
9.82696
9.9697
9.84338
9.93567
9.95322
9.90183
9.95712
9.93847
10.0803
10.0455
9.89328
9.98491
9.9468
10.1416
10.1129
9.9875
10.0376
9.86855
10.0841
9.96745
9.94297
9.9037
9.8765
10.0816
9.82542
9.95137
9.83612
9.8746
9.92669
10.0104
9.91799
9.88412
9.99008
10.1344
10.1036
10.081
10.0506
10.0732
9.97272
9.81276
10.0699
9.99796
10.0926
10.1322
10.0884
10.0831
10.05
10.1232
10.0057
10.0293
10.0675
9.98696
10.0015
10.1385
9.95616
10.0209
10.0892
10.0398
9.98691
10.0937
10.0269
10.0016
10.0681
10.0546
10.0975
10.1365
10.1069
10.0855
10.0302
10.0175
9.98424
10.124
9.98522
10.0543
9.96713
10.0899
10.1191
9.94028
10.0434
10.0441
9.992
9.82828
9.95133
10.1193
10.101
9.98318
10.1411
10.0738
9.88154
9.95026
10.043
10.013
10.1249
9.96001
10.0274
9.95601
10.1258
9.99948
10.0006
9.97995
9.99636
9.97606
9.97863
10.0172
9.902
10.0343
10.0314
9.89623
9.93331
9.81674
10.0745
9.96389
10.0634
9.86982
10.0758
9.97521
9.9742
10.1012
10.0773
10.0633
9.8856
10.0819
