16.6398
16.5895
16.6362
16.64
16.624
16.5969
16.5825
16.6198
16.6461
16.6567
16.6336
16.5341
16.6286
16.6389
16.588
16.6426
16.5934
16.6453
16.6316
16.6486
16.6403
16.636
16.6355
16.6326
16.6455
16.6553
16.6499
16.6437
16.6345
16.59
16.5928
16.6201
16.6419
16.6396
16.6063
16.6487
16.6473
16.6128
16.637
16.6349
16.6431
16.5949
16.6388
16.6479
16.6205
16.6098
16.63
16.6442
16.6441
16.5865
16.6042
16.6011
16.6311
16.6498
16.6392
16.6317
16.6459
16.6401
16.6254
16.6095
16.6377
16.603
16.5941
16.6379
16.6246
16.5757
16.6385
16.6192
16.6283
16.6423
16.6315
16.6005
16.603
16.6233
16.5444
16.5016
16.4919
16.6025
16.6106
16.6343
16.5648
16.6327
16.538
16.4792
16.4783
16.595
16.4348
16.5051
16.5585
16.5365
16.5507
16.5525
16.5072
16.4974
16.6215
16.5719
16.5726
16.518
16.6002
16.5154
16.4511
16.4701
16.5523
16.5601
16.5525
16.2478
16.5419
16.5601
16.4447
16.513
16.5527
16.4981
16.3807
16.5459
16.5136
16.4354
16.4929
16.5425
16.4675
16.5392
16.3982
16.4867
16.5609
16.4887
16.5997
16.53
16.4797
16.4784
16.5275
16.5612
16.5233
16.1005
16.4325
16.5932
16.5149
16.5403
16.6123
16.5435
16.5516
16.4367
16.5256
16.5712
16.5077
16.4107
16.4574
16.5753
16.4378
16.5354
16.428
16.4317
16.4967
16.526
16.3184
16.5333
16.3804
16.4955
16.4932
16.3668
16.5613
16.5778
16.4754
16.4939
16.5628
16.5444
16.3505
16.3706
16.3366
16.3957
16.2662
16.5601
16.4116
16.2271
16.5096
16.165
16.5755
16.546
16.5539
16.4969
16.5213
16.4412
16.4601
16.4564
16.5255
16.5176
16.4321
16.5506
16.5871
16.5908
16.5579
16.3864
16.4198
16.5618
16.5172
16.5518
16.5109
16.5674
16.1591
16.4445
16.3183
16.5612
