16.6782
16.5752
16.6286
16.5949
16.578
16.6883
16.5784
16.675
16.6391
16.5829
16.6332
16.6451
16.6086
16.6017
16.5464
16.5536
16.6475
16.6747
16.5795
16.5789
16.5827
16.6181
16.6241
16.6058
16.6591
16.6537
16.604
16.6006
16.6185
16.5563
16.5515
16.3345
16.6159
16.5474
16.5201
16.4293
16.5524
16.5265
16.5605
16.5505
16.4846
16.5972
16.4918
16.5053
16.3894
16.5464
16.4522
16.5218
16.4611
16.5925
16.4744
16.6156
16.5976
16.4777
16.6345
16.511
16.3852
16.4109
16.2702
16.4726
16.1625
16.3465
16.3038
16.2978
16.376
16.03
16.5298
16.5589
16.3964
16.2738
16.2773
16.2684
16.5173
16.3307
16.1573
16.464
16.3477
16.1873
16.3916
16.4118
16.2608
16.3719
16.2235
16.1404
16.4193
16.395
16.3211
16.5603
16.5443
16.3846
16.479
16.5297
16.2593
16.3288
16.4788
16.4077
16.61
16.4347
16.4659
16.403
16.4182
16.3274
16.3434
16.3225
16.3283
16.3025
16.5182
16.4869
16.5857
16.4437
16.3728
16.3685
16.525
16.3507
16.4244
16.5152
16.3798
16.3848
16.5595
16.4697
16.6279
16.3461
16.5166
16.5786
16.2329
16.504
16.2877
16.5785
16.4731
16.2521
16.3971
16.2542
16.483
16.4126
16.3889
16.0563
16.3364
16.2404
16.363
16.4152
16.3344
16.3723
16.5443
16.5195
16.447
16.37
16.5824
16.4356
16.5592
16.3435
16.3902
16.4038
16.4166
16.3481
16.2609
16.4736
16.4755
16.3567
16.1501
16.2508
16.332
16.2803
16.3031
16.2443
16.5507
16.3159
16.401
16.3193
16.5288
16.2191
16.2974
16.4982
16.4434
16.5329
16.289
16.4666
16.3713
16.3672
16.3605
16.2971
16.247
16.3165
16.2627
16.0283
16.4342
16.2204
16.3938
16.1967
16.282
16.2623
16.331
16.2868
16.4198
16.2797
16.4287
16.0079
16.2786
16.2608
16.1552
16.449
