0.128519
0.0843556
0.0662612
0.067153
0.0684795
0.011575
0.00955785
0.0100453
0.0099186
0.0104196
0.00970318
0.0055207
0.00538403
0.00539971
0.00446375
0.00373381
0.0046731
0.0039545
0.00384342
0.00400895
0.00438491
0.00409952
0.00392315
0.00384593
0.00375652
0.00407672
0.00427611
0.00369613
0.00342854
0.00343295
0.0036017
0.00369501
0.00403828
0.00384884
0.00403358
0.00406202
0.00353604
0.00357731
0.00348905
0.00369788
0.00371467
0.00365146
0.00375069
0.00347511
0.00383429
0.00367174
0.00388834
0.00351364
0.00372789
0.0037337
0.00390241
0.00358421
0.00348818
0.00403006
0.00405571
0.00384086
0.00359188
0.00366866
0.00338168
0.00372889
0.00380692
0.00362245
0.00358752
0.00365709
0.00358389
0.00364966
0.00364908
0.00369672
0.00374826
0.00359097
0.00369357
0.00384538
0.00392916
0.00377627
0.00378459
0.00379109
0.00376531
0.00381562
0.00364162
0.00370072
0.00372365
0.00376637
0.00365194
0.00370349
0.00358963
0.00362716
0.00376211
0.00396032
0.00384387
0.00369865
0.00394079
0.0038062
0.00372078
0.0037998
0.00392809
0.00399778
0.0038697
0.00377223
0.00396636
0.0037895
0.00378908
0.00384443
0.00388524
0.00361183
0.0033347
0.00335582
0.00290647
0.00321388
0.00340827
0.0034326
0.00345784
0.00344795
0.00342144
0.00360913
0.00328242
0.0032757
0.00334297
0.0033091
0.00326778
0.00329457
0.0033869
0.00320235
0.00338293
0.00320428
0.00337862
0.00324876
0.00325043
0.00331262
0.00320686
0.00323944
0.00338289
0.00321569
0.00330824
0.00328711
0.00331782
0.003279
0.00327888
0.00342257
0.00320178
0.00333561
0.00319535
0.00328143
0.00330182
0.00328508
0.00323217
0.00331394
0.00333139
0.00315753
0.00323739
0.00329226
0.00316575
0.00327844
0.00331586
0.00308096
0.00335419
0.00311839
0.00306717
0.00322812
0.00325227
0.00338675
0.00326243
0.00320946
0.00332331
0.00305666
0.00326555
0.00301393
0.0032059
0.00312561
0.00317428
0.00328511
0.00324279
0.00318841
0.00309671
0.00328712
0.00314169
0.00305133
0.00316551
0.00321486
0.00324569
0.00318005
0.00310164
0.00317485
0.0030904
0.00313243
0.00313802
0.00315854
0.00292986
0.00312284
0.00308439
0.00300634
0.00319796
0.00308015
0.00321395
0.00313224
0.00305452
0.00312981
0.0031204
0.0031321
0.00302845
0.00304342
