1.03639
1.03703
1.03671
1.03611
1.03673
1.03534
1.03646
1.03647
1.03637
1.03646
1.03667
1.03692
1.03662
1.03517
1.03344
1.0349
1.03617
1.03671
1.03286
1.03221
1.03629
1.03611
1.03662
1.02917
1.03493
1.03666
1.03642
1.03545
1.03303
1.03117
1.03334
1.02929
1.03414
1.03118
1.03675
1.03244
1.03476
1.02845
1.03572
1.02887
1.02123
1.03232
1.02383
1.02531
1.02558
1.03626
1.0308
1.02465
1.02967
1.02725
1.03298
1.02534
1.02466
1.02415
1.02865
1.02883
1.0256
1.02147
1.02812
1.0191
1.02495
1.02504
1.02411
1.02049
1.02339
1.02148
1.02485
1.03425
1.02614
1.02016
1.01757
1.01465
1.0172
1.01888
1.02339
1.02111
1.01901
1.02035
1.01951
1.01628
1.02291
1.0148
1.01583
1.01724
1.01974
1.01469
1.02002
1.0219
1.01366
1.02227
1.01999
1.02354
1.01498
1.01314
1.02121
1.00947
1.01631
1.01055
1.01552
1.0346
1.02811
1.01527
1.01588
1.01417
1.00494
1.02142
1.03269
1.0294
1.02612
1.01038
1.00849
1.02269
1.01682
1.01319
1.02806
1.01696
1.02152
1.02265
1.02556
1.0193
1.0129
1.02175
1.02208
1.02368
1.03028
1.02401
1.02268
1.02095
1.02313
1.03214
1.02241
1.02601
1.01527
1.02748
1.01311
1.01776
1.01963
1.02376
1.01998
1.02159
1.03171
1.01535
1.03017
1.02296
1.01817
1.01957
1.02825
1.02515
1.0255
1.02897
1.02013
1.0255
1.01857
1.01769
1.02942
1.02201
1.02761
1.02862
1.01773
1.02979
1.01987
1.01263
1.02202
1.02127
1.01748
1.01744
1.02176
1.01795
1.01567
1.02485
1.02044
1.02153
1.03196
1.03529
1.02512
1.01656
1.02642
1.02495
1.01253
1.01951
1.02206
1.02182
1.01042
1.02199
1.02564
1.02885
1.02034
1.02437
1.01254
1.0115
1.0053
1.0137
1.02055
1.0263
1.01603
1.02051
1.0304
1.0175
1.02054
1.01272
