2.59546
2.77139
2.67142
2.65261
2.48707
2.69727
3.49989
3.57532
2.89021
2.96922
2.4889
3.00302
2.65987
2.9053
2.69082
2.53005
2.83186
3.10444
3.13771
3.11127
3.15007
3.05652
3.05286
3.09743
3.10463
3.42066
2.99237
3.15896
3.16573
3.30426
3.18944
3.21462
3.20933
3.48939
3.68385
3.94238
3.71256
3.3896
3.51977
3.51486
3.42723
3.63247
3.6677
3.47388
3.74093
3.70027
3.93166
3.46411
3.55068
3.55055
3.61322
4.00558
3.73963
3.78024
3.87421
4.08536
3.75567
3.77217
3.77348
3.7014
3.97365
4.03096
4.09318
3.87582
3.93713
4.02627
3.81564
3.91282
4.00077
3.97979
3.97458
3.9721
4.05814
4.01685
4.04156
4.00225
3.98903
3.92701
4.00717
3.88587
4.05137
4.1419
4.08298
3.96831
3.9819
4.16803
4.09593
4.08668
4.14705
4.04925
4.07105
4.11864
4.03225
4.1088
4.09174
4.12233
4.17225
4.01476
4.14025
4.12734
4.0843
4.10586
4.09171
4.17289
4.15023
4.17371
4.1111
4.16671
4.13572
4.07844
4.11036
4.13557
4.1247
4.14832
4.09638
4.08743
4.19481
4.149
4.15804
4.18152
4.14894
4.13614
4.14107
4.14762
4.16393
4.09734
4.10802
4.11157
4.12526
4.13671
4.15323
4.12277
4.15787
4.10712
4.1249
4.18277
4.17982
4.11459
4.12529
4.13887
4.18293
4.15926
4.16439
4.1221
4.17287
4.15037
4.15257
4.14427
4.16602
4.12721
4.14991
4.17502
4.21625
4.11943
4.2075
4.14743
4.1476
4.15456
4.18629
4.1695
4.15217
4.17142
4.16928
4.2075
4.14889
4.15724
4.17882
4.14228
4.17287
4.14654
4.2075
4.18879
4.17287
4.15274
4.14882
4.18879
4.18879
4.18879
4.1411
4.18879
4.15983
4.16635
4.18629
4.1651
4.18879
4.13953
4.15252
4.14977
4.15198
4.16824
4.15365
4.18879
4.14863
4.16784
4.17283
4.2075
4.15617
4.15421
4.19481
4.17399
