0.0222924
0.00482005
0.00310712
0.00272831
0.00210777
0.00221117
0.00202065
0.00191791
0.00212223
0.00231553
0.0020113
0.00203982
0.00185415
0.0018289
0.00151963
0.00155232
0.00144913
0.00148519
0.00154228
0.00148917
0.00119564
0.00130319
0.00131611
0.00121695
0.00120807
0.00109731
0.000984099
0.00110004
0.00111007
0.00103484
0.000919338
0.00112855
0.00102278
0.000996077
0.00096998
0.0010423
0.000975414
0.00119793
0.00106865
0.000904822
0.00106711
0.000890032
0.000994741
0.000876088
0.00100182
0.000892421
0.000965637
0.00106114
0.00112805
0.000993191
0.00097656
0.000815758
0.000895906
0.000979161
0.000736665
0.000850065
0.000909005
0.000792387
0.000898779
0.000883541
0.000825549
0.000881517
0.000781515
0.000905055
0.000806935
0.000828712
0.000964609
0.000815399
0.000772377
0.000790534
0.000892743
0.00082529
0.000865573
0.000824618
0.000908894
0.00093179
0.000867854
0.000728718
0.000739264
0.000759198
0.000843714
0.000852477
0.000932822
0.000978397
0.000990627
0.00106587
0.000985426
0.000967819
0.0010144
0.00092982
0.000770089
0.00079051
0.00094892
0.000784864
0.000743309
0.000927923
0.00102041
0.00074181
0.000929469
0.000852262
0.000913887
0.000796093
0.000828875
0.000713947
0.000810998
0.000800415
0.000804212
0.000694545
0.000690537
0.000958937
0.000807508
0.000640258
0.000746288
0.000768494
0.000746874
0.000776254
0.000659055
0.00093539
0.000751291
0.000680958
0.000797247
0.000667103
0.000898759
0.000940996
0.000795685
0.00055471
0.000711909
0.000756324
0.000509008
0.000845529
0.000850851
0.000572148
0.000731063
0.000703315
0.0007207
0.000660613
0.000692916
0.00077972
0.000699843
0.000764652
0.000644515
0.000654695
0.000643184
0.000742403
0.000488731
0.000666398
0.000577482
0.000620994
0.000538122
0.000596795
0.000482092
0.000696953
0.000743347
0.000633446
0.000650697
0.000564247
0.000560697
0.000566736
0.000469752
0.00062155
0.000546372
0.000595611
0.00073324
0.000577444
0.000632916
0.000635892
0.000623992
0.00052796
0.000694748
0.000676893
0.000746847
0.000671579
0.000510497
0.000583578
0.000672182
0.00046924
0.000594644
0.000605467
0.000632469
0.000622879
0.000756874
0.000585005
0.000548441
0.000498526
0.000537554
0.000472008
0.000476305
0.000408298
0.000509711
0.000404215
0.000482873
0.000456941
0.000547598
0.000543352
0.000489387
0.000592275
0.000554628
0.000439076
0.000351175
0.000530372
