935.722
919.49
842.655
841.766
843.095
829.438
832.107
840.961
860.692
839.088
822.445
823.279
818.075
813.723
811.412
804.568
816.423
790.836
794.775
816.437
805.666
787.385
801.433
773.129
768.136
782.193
766.864
772.865
778.341
760.04
767.906
769.337
779.858
753.057
757.838
753.325
765.116
754.982
798.91
783.189
814.516
836.981
870.401
922.206
936.609
939.103
976.857
942.854
920.899
939.537
926.147
917.767
920.253
917.397
916.297
894.98
900.244
901.869
873.104
884.849
878.575
878.386
853.036
833.214
832.595
825.713
812.849
798.338
814.903
807.596
781.929
751.151
772.893
763.514
751.603
752.814
747.95
734.005
743.974
744.942
726.085
709.438
718.433
722.34
712.87
706.215
705.245
678.324
705.92
714.959
786.654
721.849
690.292
677.143
680.539
683.794
670.354
668.33
690.989
666.626
656.209
657.271
643.229
629.902
633.539
639.709
600.188
619.862
625.313
617.325
620.378
621.37
598.095
609.957
599.13
590.548
596.094
608.889
571.101
577.162
572.376
571.974
573.525
581.564
582.432
558.368
549.727
561.331
541.466
541.737
546.281
538.628
531.431
524.264
535.692
541.869
519.966
524.942
529.588
501.382
521.1
510.659
510.093
494.339
490.529
496.762
501.099
496.25
490.033
487.3
476.897
474.012
476.119
478.283
483.24
480.11
474.48
465.878
475.257
456.461
469.358
464.976
461.666
451.333
451.707
445.744
447.658
443.648
452.859
442.185
447.796
447.852
438.293
435.181
437.932
430.901
442.739
430.359
431.553
437.125
416.947
420.409
415.355
425.994
409.146
407.555
406.445
401.05
407.389
400.701
399.843
400.858
393.259
394.07
384.532
399.445
399.11
379.518
394.547
382.585
