1.87417
1.95596
2.20556
2.34604
2.58295
2.58364
2.63164
2.64089
2.6795
2.72937
2.72821
2.64969
2.64974
2.62781
2.68729
2.55039
2.58397
2.57731
2.45436
2.32
2.27571
1.72798
1.47899
1.16685
1.10506
1.00692
1.08949
1.31569
1.42847
1.33717
1.50499
1.57663
1.56929
1.56672
1.616
1.6601
1.48765
1.60737
1.59938
1.64883
1.57356
1.63541
1.70566
1.76584
1.71487
1.74627
1.69154
1.80577
1.74105
1.70363
1.75409
1.78747
1.74347
1.81108
1.71267
1.75864
1.67862
1.71734
1.70586
1.73515
1.67802
1.63613
1.72773
1.65877
1.64073
1.54829
1.57107
1.56875
1.63222
1.59133
1.60329
1.55149
1.62197
1.50574
1.56811
1.59207
1.59381
1.57619
1.52612
1.53147
1.55388
1.56303
1.5351
1.55362
1.66887
1.52683
1.59295
1.56129
1.57962
1.60449
1.6102
1.56262
1.58832
1.58483
1.54276
1.59914
1.52859
1.53783
1.50329
1.54901
1.48708
1.57088
1.61894
1.56955
1.55373
1.54271
1.57416
1.50637
1.51032
1.54678
1.53099
1.51842
1.53353
1.47535
1.53148
1.57515
1.55915
1.5825
1.50467
1.55392
1.57062
1.48861
1.47127
1.51452
1.58947
1.58273
1.54586
1.51876
1.48795
1.51726
1.54354
1.54168
1.55398
1.5418
1.54987
1.46523
1.46647
1.4696
1.47964
1.48484
1.48342
1.43062
1.45316
1.4425
1.48649
1.40575
1.47441
1.51809
1.51348
1.43197
1.45018
1.45859
1.44398
1.47819
1.49054
1.47272
1.52907
1.47265
1.44903
1.42203
1.40912
1.44801
1.48566
1.42286
1.45489
1.46984
1.413
1.4379
1.45122
1.43949
1.49191
1.45514
1.46162
1.40779
1.39153
1.4168
1.44605
1.46451
1.42168
1.37422
1.40985
1.39653
1.38936
1.44711
1.41763
1.42488
1.43567
1.40767
1.3903
1.35432
1.31243
1.42219
1.37095
1.33394
1.41067
1.4203
1.36746
1.34334
1.39275
1.382
