1.63853
1.6633
1.66963
1.65583
1.75428
1.69999
1.66782
1.6203
1.75593
1.56416
1.64842
1.75647
1.58009
1.75794
1.66827
1.76005
1.72179
1.67711
1.74637
1.66719
1.75921
1.61096
1.65762
1.72884
1.73555
1.52827
1.76162
1.56729
1.64529
1.75881
1.63795
1.76005
1.64219
1.72082
1.61004
1.6034
1.5403
1.60982
1.62973
1.65901
1.75511
1.59782
1.61958
1.51405
1.44645
1.58482
1.5381
1.23162
1.34558
1.26733
1.44079
1.33257
1.43045
1.62105
1.26668
1.50706
1.58534
1.34752
1.55967
1.60044
1.30727
1.35702
1.20695
1.28464
1.35887
1.34321
1.35087
1.28873
1.2892
1.28461
1.31564
1.3293
1.31264
1.66597
1.29467
1.29235
1.31818
1.3444
1.31419
1.39855
1.3635
1.3909
1.35052
1.28677
1.40622
1.26139
1.36611
1.34498
1.30642
1.35403
1.31413
1.32128
1.27012
1.31453
1.31599
1.40608
1.26475
1.3086
1.36663
1.32271
1.38945
1.30287
1.3903
1.38278
1.39627
1.29324
1.27352
1.36965
1.3459
1.35844
1.35996
1.37786
1.39905
1.38774
1.33207
1.38784
1.40243
1.32583
1.33347
1.32627
1.23764
1.37066
1.28873
1.36112
1.36282
1.35206
1.3834
1.28999
1.39823
1.43003
1.31309
1.33832
1.42489
1.33656
1.43347
1.38462
1.42916
1.34713
1.30949
1.29795
1.36192
1.37976
1.31002
1.31614
1.35171
1.3788
1.17132
1.38678
1.3505
1.37189
1.36405
1.39091
1.37705
1.21808
1.35448
1.33156
1.26738
1.43259
1.36287
1.21646
1.30233
1.35699
1.32273
1.26046
1.33796
1.31958
1.36974
1.36083
1.2714
1.39103
1.43256
1.40372
1.37285
1.32148
1.42913
1.43072
1.32726
1.3756
1.28465
1.41823
1.3314
1.42405
1.29154
1.43724
1.44019
1.31109
1.46271
1.39793
1.42728
1.35866
1.35561
1.39302
1.43508
1.43997
1.38994
1.34735
1.37214
1.40544
1.45331
1.4129
