2.97646
0.526951
0.564086
0.554521
0.649515
0.664402
0.626481
0.621255
0.64057
0.589367
0.578073
0.577624
0.546633
0.541148
0.534093
0.543744
0.526035
0.484624
0.486249
0.46963
0.482466
0.474129
0.47136
0.466632
0.458331
0.468543
0.454574
0.453861
0.457331
0.446084
0.425682
0.432462
0.417699
0.410332
0.428557
0.43193
0.436208
0.423747
0.425416
0.425737
0.420842
0.417525
0.438388
0.436794
0.431485
0.42876
0.43245
0.424472
0.430524
0.448322
0.43527
0.438614
0.438576
0.436175
0.436466
0.428439
0.442645
0.445614
0.44014
0.44741
0.447263
0.449
0.443254
0.450417
0.451888
0.448878
0.457706
0.453814
0.465656
0.459038
0.460594
0.461714
0.461272
0.46591
0.470441
0.477907
0.472083
0.469216
0.46682
0.45782
0.465709
0.478837
0.468731
0.458655
0.458639
0.457046
0.448811
0.45155
0.455598
0.447243
0.439997
0.445953
0.44607
0.443971
0.434358
0.434505
0.434476
0.427949
0.434172
0.415352
