0.0186936
0.0374518
0.0561419
0.0749114
0.0937285
 0.112426
 0.131445
 0.150079
 0.169245
 0.187941
 0.207101
 0.226002
 0.245026
 0.264169
 0.283041
 0.302332
 0.321138
 0.340429
 0.359269
 0.378451
 0.397365
 0.416415
 0.435369
 0.454332
 0.473259
 0.492198
 0.511047
 0.530013
 0.548764
  0.56778
 0.586444
 0.605515
 0.624112
 0.643229
 0.661781
 0.680927
 0.699457
 0.718606
 0.737137
 0.756252
 0.774815
  0.79385
 0.812477
 0.831392
 0.850103
 0.868884
 0.887674
 0.906346
 0.925175
 0.943802
 0.962609
 0.981266
