1.36195
1.24549
1.24664
1.35999
1.27399
1.26313
1.26215
1.27025
1.26658
1.26259
1.40631
1.40763
1.30047
1.40401
1.40822
1.40961
1.34525
1.40744
1.31269
1.33033
1.35251
1.30813
1.31113
1.39977
1.39219
1.40779
1.41993
1.33793
1.41198
1.35263
1.34932
1.40103
1.33703
1.3279
1.40758
1.42126
1.39985
1.40327
1.34606
1.41657
1.40532
1.35893
1.36032
1.33529
1.3991
1.4133
1.3361
1.40784
1.41494
1.38674
1.40989
1.34825
1.39234
1.41171
1.3973
1.41953
1.43889
1.41831
1.41672
1.35812
1.41326
1.35858
1.41613
1.41989
1.42365
1.40161
1.42852
1.4119
1.44436
1.42372
1.4138
1.41566
1.38684
1.40954
1.3979
1.40524
1.42374
1.41203
1.3973
1.42683
1.42759
1.41415
1.44995
1.42582
1.41153
1.42047
1.43126
1.43404
1.3981
1.41801
1.42201
1.3994
1.41474
1.41816
1.41384
1.42888
1.42846
1.40732
1.41999
1.43197
1.41854
1.41222
1.40681
1.41095
1.40762
1.43501
1.43637
1.40552
1.43995
1.40588
1.42726
1.44225
1.42136
1.40161
1.40619
1.41188
1.40669
1.4162
1.43106
1.43345
1.41733
1.41997
1.42031
1.43214
1.42583
1.41594
1.42663
1.43697
1.434
1.39325
1.40469
1.41315
1.44651
1.42746
1.42759
1.41206
1.43334
1.39667
1.43088
1.43194
1.43596
1.40287
1.42161
1.42212
1.44694
1.44499
1.40037
1.43229
1.43227
1.43205
1.43518
1.44143
1.41556
1.41384
1.41451
1.40974
1.42458
1.41852
1.41901
1.41762
1.4233
1.43077
1.42087
1.39822
1.4217
1.44809
1.42546
1.426
1.41023
1.39905
1.40342
1.41559
1.43018
1.43248
1.4089
1.42342
1.41405
1.42938
1.40782
1.4567
1.4216
1.42763
1.43981
1.42433
1.4199
1.4342
1.43583
1.41668
1.44334
1.4372
1.36439
1.42412
1.41884
1.42988
1.41727
1.40148
1.40067
1.42678
1.4274
1.4398
