0.0302178
0.0100292
0.0100552
0.0105155
0.0102334
0.0106481
0.0105154
0.0099797
0.010308
0.00998367
0.0101822
0.0102803
0.0104385
0.00960566
0.00360206
0.00449288
0.00509935
0.00448786
0.00517248
0.00449284
0.00492125
0.0036106
0.00381423
0.00400335
0.00415363
0.00378068
0.00382323
0.00372993
0.00378242
0.00374978
0.00344692
0.00352135
0.0033409
0.00386249
0.00359215
0.00375334
0.00397039
0.0037861
0.00379028
0.00334549
0.00332244
0.0033072
0.003341
0.00277935
0.00305472
0.00286094
0.00295311
0.00292828
0.00298503
0.00259831
0.00257448
0.00268023
0.0023647
0.00292593
0.00259881
0.00305921
0.00285912
0.0029411
0.0028155
0.00301901
0.00277191
0.00286769
0.00293618
0.00278393
0.00275513
0.00297668
0.00287072
0.0029454
0.00286748
0.00312524
0.0029053
0.00306488
0.00284283
0.00274625
0.00281309
0.00298392
0.00294352
0.00295052
0.00294149
0.00286011
0.00302995
0.00298942
0.0029234
0.00290193
0.00287376
0.00295507
0.00291297
0.00296489
0.00295033
0.00292924
0.00300179
0.00294722
0.00289752
0.00284083
0.00302288
0.0030012
0.002828
0.0029684
0.00306918
0.00282769
0.00284956
0.00296333
0.00303257
0.00295376
0.00284689
0.00305132
0.00297226
0.00313493
0.00296194
0.00311394
0.00281267
0.00294927
0.00298142
0.00302922
0.00297302
0.00291553
0.00292234
0.00289329
0.00301323
0.00298498
0.00301404
0.00301295
0.00297296
0.00294214
0.00289975
0.00293067
0.00279462
0.00292692
0.00295569
0.00298385
0.00286687
0.00291344
0.00293991
0.00292463
0.00309091
0.00291501
0.00287847
0.00296068
0.00302051
0.00302049
0.00293245
0.00296859
0.00282134
0.0029391
0.0028911
0.00295365
0.00302117
0.0029201
0.00284856
0.00294272
0.00282764
0.00295869
0.00290909
0.00294647
0.00287331
0.00294968
0.00302963
0.00287955
0.00297187
0.00290919
0.00278649
0.00287398
0.00290601
0.00295962
0.0028566
0.00298042
0.00290658
0.00280198
0.00290402
0.00284035
0.00279183
0.0028541
0.00287954
0.00280245
0.00294518
0.00279565
0.00290775
0.00278796
0.00282916
0.00274645
0.00293235
0.00280029
0.00278414
0.00289662
0.00287087
0.00272527
0.00282412
0.00286862
0.00289977
0.0027748
0.002811
0.00273206
0.00287414
0.00292486
0.00274676
0.00288325
0.00277422
0.00275322
0.00284352
0.00267863
