0.0943259
0.0798145
0.0834405
0.0827896
0.0867381
0.123788
0.10442
0.112385
0.120189
0.108099
0.121515
0.146577
0.130443
0.122921
0.125789
0.124049
0.115562
0.11307
0.118126
0.119816
0.114406
0.117749
0.116759
0.119459
0.1214
0.116066
0.114038
0.118006
0.114389
0.107977
0.112475
0.109944
0.113432
0.110656
0.111612
0.108582
0.108671
0.108536
0.111207
0.106757
0.106615
0.102083
0.100559
0.0967112
0.101264
0.0999762
0.0973111
0.096268
0.0965784
0.0965439
0.0963747
0.0940258
0.0937313
0.0917772
0.0920792
0.0896358
0.094176
0.0909538
0.0881079
0.0872324
0.0887072
0.0843995
0.0856585
0.0828797
0.085796
0.0820756
0.0829919
0.0822022
0.0813611
0.079279
0.0799955
0.0786194
0.0765068
0.0800208
0.0759257
0.0787441
0.0796158
0.0763603
0.0771283
0.0744828
0.0727698
0.0743094
0.0737761
0.0731868
0.0721173
0.0727633
0.0715536
0.0699978
0.070019
0.0691428
0.0698844
0.0702586
0.0684077
0.0689085
0.0657578
0.0662182
0.0666976
0.0655095
0.0663732
0.0645928
0.0646259
0.0659589
0.0638655
0.0643381
0.0643804
0.0607563
0.0630808
0.0624369
0.0443257
0.0100678
0.00885496
0.00589348
0.00590993
0.00620993
0.00631721
0.00626882
0.00639945
0.00649113
0.00627025
0.00621141
0.00599704
0.0060672
0.00649963
0.00635037
0.006415
0.00647856
0.00647851
0.00670191
0.00653196
0.00629267
0.00656028
0.00621134
0.00620032
0.00638981
0.00647239
0.00633838
0.00658091
0.00651206
0.00669154
0.00662782
0.00640127
0.00658538
0.00631757
0.00642849
0.00654181
0.0068882
0.00628403
0.00655103
0.00671104
0.0066443
0.00640024
0.00648003
0.00674317
0.00628577
0.00641151
0.00659154
0.00639789
0.00627236
0.00673397
0.00656136
0.0061189
0.00650255
0.00627767
0.00602184
0.00624616
0.00630396
0.00640211
0.00647694
0.00642415
0.00625046
0.00613078
0.00623399
0.00656715
0.00612812
0.00597846
0.00585317
0.00595703
0.00576948
0.00573234
0.00573683
0.00584577
0.00542425
0.00586555
0.00551205
0.00547226
0.00526963
0.00530264
0.0052144
0.00545611
0.00524832
0.0051143
0.00552729
0.00551352
0.00545159
0.00541924
0.00533276
0.00539808
0.00520331
0.00529129
0.00538431
