2.8589
0.754044
0.621795
0.601471
0.612204
0.604578
0.606447
0.630637
0.645525
0.644347
0.618007
0.630336
0.607475
0.567933
0.525832
0.511664
0.515912
0.501353
0.505102
0.495584
0.464656
0.469185
0.470596
0.477943
0.474211
0.454622
0.445271
0.454031
0.450058
0.457754
0.449356
0.442961
0.454326
0.444261
0.450123
0.45306
0.454845
0.454236
0.452597
0.462786
0.444313
0.470322
0.471257
0.462827
0.462806
0.460683
0.459891
0.459442
0.458312
0.465171
0.448684
0.458728
0.460202
0.453222
0.460331
0.45252
0.463031
0.474029
0.461013
0.463136
0.469388
0.474292
0.480376
0.466112
0.468851
0.483664
0.474375
0.48408
0.486371
0.487898
0.481988
0.477419
0.467597
0.467136
0.470678
0.465854
0.467246
0.471062
0.474368
0.477482
0.483729
0.468406
0.468526
0.459282
0.465266
0.459951
0.465275
0.462442
0.461004
0.458003
0.455837
0.450476
0.449741
0.454297
0.45283
0.462815
0.449137
0.442815
0.444289
0.443275
