3.19867
1.73769
1.66346
1.41029
1.17298
1.14405
0.982164
0.820527
0.73384
0.686156
0.65293
0.607793
0.643304
0.769256
0.825546
0.854039
0.803898
0.927205
0.9421
0.910575
0.91313
0.935635
0.93832
0.901562
0.889153
0.843883
0.869215
0.820288
0.776317
0.771193
0.773603
0.766441
0.725559
0.691892
0.695946
0.672059
0.648612
0.665238
0.648182
0.662122
0.659889
0.64409
0.659813
0.651051
0.633313
0.631705
0.652588
0.628167
0.625907
0.63431
0.620053
0.620788
0.62632
0.625107
0.633968
0.645119
0.63898
0.638453
0.618071
0.613569
0.602883
0.612659
0.598024
0.56845
0.578953
0.561483
0.5509
0.552945
0.525436
0.517954
0.521613
0.512297
0.492906
0.493501
0.477432
0.469162
0.469173
0.471857
0.455948
0.451385
0.44081
0.437165
0.435841
0.437057
0.431764
0.43009
0.422871
0.40457
0.407324
0.406683
0.388376
0.393539
0.401007
0.369158
0.372425
0.379696
0.37246
0.374636
0.366613
0.362208
