6.67449
6.51488
6.64243
6.62156
6.60193
6.59603
6.47141
6.6139
6.63649
6.75133
6.68602
6.42752
6.4419
6.58962
6.42517
6.20103
6.36316
6.56771
6.52759
6.45794
6.19115
6.41811
6.25028
6.07781
6.67799
6.60877
6.00959
6.50008
6.24575
6.29695
6.51733
6.60194
6.05482
6.23782
6.48908
6.48364
6.41294
6.16097
6.57229
6.00601
6.68005
6.15668
6.51937
6.58925
6.59435
6.50497
6.00991
6.75329
5.74331
6.04388
6.28784
6.34614
6.15843
6.40869
5.91165
6.12598
5.55887
5.77808
6.59617
6.08327
6.58517
6.22281
5.58449
6.10283
6.40058
5.71731
5.48694
6.21524
5.75237
5.54089
5.95481
6.43054
6.14381
5.41456
6.22242
6.35131
5.9362
6.07911
6.1452
6.20385
5.6687
5.74614
5.94798
5.45425
6.35314
5.38704
6.05585
5.63482
5.68198
5.62912
6.37494
5.76398
5.64846
6.19359
5.58738
5.40439
5.85961
5.83684
6.10235
5.83205
6.1329
5.65174
6.13131
5.69725
5.71453
5.38241
5.7467
5.38095
5.48884
5.639
5.94317
5.05676
5.67781
6.10102
5.61173
5.61166
5.71318
5.68391
5.47232
5.76649
6.08017
5.38423
6.16393
5.67236
5.77962
5.64078
5.39566
5.28373
5.61122
5.32053
5.66054
5.56314
5.51442
5.59379
5.45485
5.66097
5.8708
5.7686
5.61998
5.86436
6.07361
5.50663
5.40822
5.35158
5.34002
5.67506
6.16448
5.8549
6.14635
5.52842
6.20618
5.65684
5.74517
5.77677
5.48611
5.75162
5.49072
5.60807
5.44944
5.51812
5.55644
6.05851
6.15001
5.42951
5.52626
5.62148
5.78136
5.89905
5.68085
5.78104
5.86691
5.25234
6.09796
6.25191
5.77542
6.08393
5.42684
5.71794
5.86616
5.77061
5.5911
5.42482
5.67101
5.78329
5.69327
5.96611
5.696
5.94379
5.34096
5.80902
5.16333
6.46553
6.00548
5.71864
5.26609
5.71185
5.77136
5.46005
5.64454
5.91058
