0.326506
0.583509
0.602145
0.596768
0.634279
0.652445
0.626419
0.614809
0.603001
0.615206
0.623299
0.55437
0.393421
0.212732
0.180387
0.138162
0.138851
0.161068
0.1842
0.208445
0.20911
0.223136
0.226416
0.233025
0.244792
0.252833
0.24413
0.257243
0.251219
0.256952
0.270439
0.283778
0.292176
0.281926
0.281353
0.275148
0.293677
0.272965
0.280181
0.274054
0.255611
0.274533
0.267818
0.27264
0.260864
0.260736
0.259273
0.260734
0.261602
0.254302
0.265062
0.264512
0.271207
0.278813
0.2743
0.277635
0.289027
0.277941
0.289582
0.291744
0.285663
0.293278
0.295759
0.296089
0.292482
0.303688
0.297493
0.293327
0.293834
0.278442
0.298059
0.293949
0.310078
0.305742
0.315999
0.287865
0.295833
0.295365
0.315278
0.308166
0.310143
0.320605
0.316309
0.315258
0.32995
0.317838
0.326331
0.321072
0.332198
0.316488
0.319657
0.330579
0.332556
0.320829
0.335736
0.333192
0.342946
0.327349
0.33154
0.34496
0.35042
0.337011
0.350148
0.337316
0.348031
0.347571
0.348666
0.346595
0.347743
0.34745
0.344574
0.350032
0.349701
0.360719
0.358305
0.365424
0.37089
0.369779
0.374423
0.385659
0.380229
0.378097
0.397638
0.387024
0.397245
0.403334
0.395088
0.390553
0.388906
0.392473
0.402896
0.379592
0.383072
0.411906
0.389317
0.409488
0.407872
0.411624
0.389014
0.39913
0.401239
0.429891
0.417973
0.415859
0.426718
0.428331
0.43878
0.432045
0.437354
0.434806
0.421271
0.435543
0.457287
0.440158
0.432383
0.453514
0.450446
0.44954
0.442661
0.459162
0.442653
0.463647
0.453589
0.439248
0.434853
0.460031
0.466473
0.465689
0.453658
0.472337
0.459008
0.456358
0.462754
0.487019
0.483406
0.46099
0.456315
0.488406
0.475305
0.469445
0.47854
0.469534
0.494568
0.483472
0.488548
0.47456
0.472837
0.474664
0.481238
0.48489
0.49736
0.487065
0.507015
0.495346
0.490769
0.491381
0.476247
0.503641
0.493399
0.486354
