10.1084
10.9789
11.0113
11.9941
11.8004
9.86318
11.7369
10.077
12.0127
10.0919
10.9463
11.5917
11.8509
11.2969
11.7481
11.9611
11.5349
12.1241
12.1621
12.2698
11.6755
11.8775
11.8777
12.2955
12.0387
10.1947
12.23
11.6895
12.321
11.8511
11.8462
11.0138
12.0103
11.9432
11.2392
11.9853
11.8535
11.8122
11.707
11.7325
11.0906
11.9095
11.5564
12.2144
12.1794
11.7771
11.9468
11.6599
11.5059
12.2933
12.0676
12.2552
11.756
12.1842
12.1237
11.9956
12.3964
12.1759
12.3574
12.272
12.105
12.2308
12.3785
12.4346
12.2967
12.0983
12.3009
12.0502
12.3594
12.1491
12.3213
12.2737
12.3589
12.2156
12.2987
12.3601
12.3263
12.2968
12.0598
12.252
12.4392
12.1242
12.2322
12.0986
12.3435
12.2343
12.2615
12.2392
12.2415
12.329
12.388
12.1737
12.3976
12.3213
12.2476
12.2497
12.3413
12.3467
12.2788
12.3777
12.3509
12.4312
12.2244
12.2915
12.4006
12.2903
12.5527
12.3669
12.1158
12.1226
12.347
12.091
12.421
12.4178
12.3576
12.2095
12.219
12.3185
12.2362
12.1035
12.1799
12.4133
12.084
12.2262
11.7027
12.3326
12.2094
12.306
12.3686
12.4425
12.1126
12.1084
12.2359
12.276
12.288
12.4851
11.9691
12.3324
12.273
12.2287
12.3968
12.2146
12.1474
11.7955
12.2872
12.1156
12.2738
12.1374
12.1082
12.4795
12.2749
12.2292
12.2475
12.243
12.0885
11.7815
12.428
12.493
12.1298
12.3573
11.5277
12.2343
11.9534
12.5969
12.2137
12.3344
12.3199
12.4602
12.4676
12.2811
12.1138
12.5005
12.0351
12.4377
11.5329
12.3694
12.1643
12.1059
12.2814
12.0409
12.2958
12.3991
12.1877
12.2246
12.0411
12.1609
12.1568
11.9091
12.3215
12.2291
12.2708
12.5176
12.3469
11.871
11.7777
12.2197
12.1728
12.155
12.2585
11.8455
