2.75044
2.71555
3.02837
3.02322
3.03082
1.5938
0.620561
0.561519
0.578022
0.539703
0.557816
0.549978
0.527933
0.540993
0.540301
0.526317
0.537004
0.527031
0.539188
0.521666
0.524581
0.532734
0.535174
0.527287
0.505354
0.509654
0.493895
0.506213
0.504116
0.486102
0.489921
0.487263
0.475828
0.474419
0.476405
0.45936
0.469549
0.473176
0.467299
0.46629
0.461519
0.453392
0.465899
0.452389
0.453113
0.457945
0.469597
0.454369
0.449746
0.435977
0.438799
0.443808
0.442964
0.432579
0.446145
0.448084
0.443949
0.444888
0.433402
0.439754
0.446434
0.432921
0.444283
0.435005
0.4314
0.43304
0.437577
0.434655
0.450284
0.438227
0.45411
0.445842
0.452879
0.453038
0.467838
0.456001
0.461037
0.459948
0.475004
0.464592
0.459261
0.472114
0.478263
0.483072
0.467284
0.481158
0.480911
0.483194
0.467283
0.474045
0.486189
0.477771
0.493637
0.468898
0.481121
0.484824
0.488879
0.480089
0.493492
0.469197
