0.00980879
0.00838358
0.00812097
0.0083457
0.00860386
0.00865831
0.00884213
0.00694761
0.00517108
0.0043288
0.0035258
0.00376092
0.00361356
0.00372091
0.00380284
0.00376872
0.00362409
0.0038345
0.00376489
0.00365387
0.00375674
0.00351283
0.00371372
0.00361585
0.00346739
0.00341998
0.00351114
0.00349466
0.00353328
0.00355823
0.00356399
0.00346708
0.00370765
0.003733
0.00365757
0.00374285
0.00356809
0.00372417
0.00367161
0.00358708
0.00360939
0.00370981
0.00368456
0.0037539
0.00360125
0.00375385
0.00384017
0.00373504
0.00358655
0.00388347
0.00367769
0.0035541
0.00349066
0.00340991
0.00335965
0.00319373
0.00307648
0.00300466
0.00299638
0.00287096
0.0028551
0.00271577
0.00275707
0.0025977
0.0026371
0.00254977
0.00252762
0.00248482
0.00246543
0.00240444
0.00231292
0.00238479
0.00231011
0.00221789
0.00227595
0.00223318
0.00227901
0.00225373
0.00216943
0.00217247
0.00216322
0.00203721
0.00209716
0.00203293
0.00200402
0.00195598
0.0019402
0.00194217
0.00193321
0.00193872
0.00189151
0.00188821
0.00176239
0.00171599
0.00179619
0.0017679
0.00178344
0.00174103
0.00171066
0.00163907
