18.2252
17.5897
17.7017
18.0254
18.1805
17.8626
17.3454
17.7223
18.3171
17.4906
18.121
18.2089
18.1009
18.3201
17.7631
17.4166
18.6618
18.436
18.2653
18.4401
17.8915
17.775
18.2474
18.493
18.0446
18.6252
17.6299
18.1761
17.1625
17.946
17.684
17.6794
17.7285
17.982
18.0043
16.8249
17.9041
17.2502
18.2782
18.3833
16.567
17.6378
17.5987
17.3833
18.1974
17.4615
17.7401
18.1019
17.8988
17.4434
16.6816
17.9312
18.4053
16.489
16.4867
15.8247
17.7104
15.8766
17.2198
15.71
17.2733
16.19
17.354
17.2249
16.1722
17.4403
15.7794
17.3495
16.2315
15.7756
15.8628
17.154
15.0029
18.4128
15.565
18.4058
14.8489
15.9233
15.6151
15.908
15.5271
15.8683
15.9029
15.8857
17.8369
16.8401
15.654
18.2281
15.9594
15.4417
16.3343
15.9291
17.8678
15.4797
15.6481
17.2625
16.6732
15.5612
15.8414
15.4886
15.4585
15.2325
15.3693
15.9539
17.2544
17.1765
17.8606
17.7846
15.0798
15.953
15.0673
17.9993
15.662
17.3731
15.2547
14.4864
15.7492
16.9273
15.3805
16.3319
15.8576
17.7536
16.0063
16.5937
14.9129
15.5343
14.6849
15.5018
15.3033
16.1804
15.5633
15.9389
15.0344
15.2988
15.4228
15.9168
15.209
14.4288
17.6386
15.1331
14.6341
15.3495
15.5176
15.9349
17.1609
16.787
14.4968
14.8069
14.428
15.4708
15.6693
14.743
16.5685
15.4377
17.5646
15.6551
15.3935
16.5699
16.4866
16.1272
14.8907
15.1075
17.1884
17.7357
15.4311
17.6231
14.9704
15.6517
16.0722
14.9416
14.9918
14.9368
15.8955
15.7553
14.9885
15.994
16.225
13.0194
15.9036
13.7451
15.9463
15.7026
14.9444
16.1386
16.2764
15.1326
15.5089
15.1005
14.844
14.6079
15.2832
14.0928
14.786
16.3423
16.2171
15.6784
15.8144
18.3557
14.9342
15.4897
