19.5875
18.479
21.3873
21.1842
24.5507
25.3937
28.3166
28.9434
29.6937
29.7133
29.0455
28.6571
28.8861
28.7915
29.2543
30.3549
30.6113
29.676
29.4508
29.5211
29.744
29.1057
29.1638
29.1722
29.5221
31.295
28.4224
28.7607
28.2733
28.3099
28.9991
28.2499
28.1496
28.5826
26.4638
27.9937
26.5641
26.684
26.8177
25.7307
26.9489
26.0667
25.5754
23.7457
23.1456
22.5428
21.2529
20.1861
18.7548
19.2441
18.9724
18.7866
17.9852
17.1378
16.7373
16.3938
16.7586
16.4686
15.5968
16.1545
15.5301
15.3049
15.7014
14.793
14.9024
14.9575
14.9304
15.171
14.3644
14.3575
14.5974
14.6026
15.1361
15.2014
15.4696
14.6322
14.7224
14.1448
14.2398
15.1374
14.3673
14.9248
15.0537
14.5018
14.5445
14.9307
14.5825
14.8354
14.3837
14.6116
14.8967
14.887
14.0885
14.9329
14.6629
13.987
15.0909
14.7053
14.276
13.4137
13.3166
10.6978
10.8057
11.8028
11.684
12.7515
12.5769
12.2716
12.6824
12.4166
12.451
13.1255
13.4105
12.5509
12.9293
12.8886
13.4969
12.4931
12.5973
12.848
13.2204
12.8545
13.0896
13.1223
13.0686
13.0162
13.0335
13.5094
13.1501
13.2607
13.1863
13.2071
13.4399
13.0648
13.3132
12.7497
12.7721
13.2746
13.37
12.3722
13.0882
13.132
12.9403
12.4376
12.6497
12.9471
12.623
12.7387
12.8229
12.6847
12.1397
12.5103
12.4923
13.1
13.3382
12.5343
12.5452
12.2727
12.2233
12.5309
12.6681
12.2093
12.5923
12.6288
12.2825
12.0762
13.0485
12.835
11.9053
12.2243
12.3451
12.3054
12.374
12.2099
12.209
11.9544
12.0621
11.9644
12.3177
12.4281
12.3413
12.6404
12.1888
12.4929
11.9048
11.8201
12.0449
12.4159
11.7495
11.9457
11.588
12.0698
12.1282
11.9365
12.2803
12.325
11.9509
11.9005
11.8738
11.575
