56.9611
57.1674
57.1298
56.8328
56.9425
57.0264
57.1453
57.1444
57.3087
56.9219
56.9504
56.9064
57.1961
56.8349
57.0898
56.9002
57.0286
56.9107
57.0202
57.121
57.0017
57.1041
57.0543
57.1207
57.1193
57.2149
57.2781
57.3491
56.9367
57.2157
56.4677
57.0224
56.7565
56.5562
57.1428
56.9842
56.8865
57.2749
57.0937
56.5094
56.8689
57.1544
56.727
57.1967
56.801
56.1163
56.8365
56.6262
56.2315
56.9024
56.7565
56.6906
56.1841
56.3606
56.1302
56.5501
55.8971
56.3322
57.0535
55.6306
56.3671
56.6203
55.6333
56.1162
56.8105
55.8788
55.2253
56.193
56.0151
55.9187
56.877
55.8212
56.3666
55.7342
55.4734
56.4016
55.697
56.2955
56.1309
53.1506
55.1388
54.8667
54.5256
54.807
55.1217
55.1933
55.1236
55.4744
55.6615
54.2388
54.7887
54.7821
55.6645
55.6629
54.7278
54.7076
54.8215
56.3737
55.7371
55.981
55.9837
54.8068
55.8606
56.8427
55.8126
56.4747
56.7063
55.2378
55.2138
55.6813
56.3025
55.6698
55.2248
53.6461
56.4716
55.9927
56.3169
55.2767
54.6968
56.4851
55.4784
55.2056
55.8471
55.5624
54.4122
54.2273
54.9422
56.3765
54.5616
54.354
55.0896
56.0488
55.5463
56.5055
56.2562
56.3423
55.559
55.9896
55.7324
55.9405
55.5128
55.6062
54.6336
55.4964
54.8017
55.6951
55.2397
55.2303
55.559
55.1574
55.9918
55.2288
56.5021
54.6682
54.888
55.0258
55.8778
55.3312
54.8558
55.0422
55.4761
54.9935
54.0135
55.274
55.4207
53.8354
55.6349
55.1637
55.1809
54.154
54.833
55.6544
54.2509
53.6402
53.9333
54.3713
53.8201
54.9821
54.518
55.482
54.8693
55.8726
55.5592
53.1972
54.1303
55.2781
54.4334
54.6849
55.4908
55.6648
54.531
52.9504
55.8274
52.7875
55.1552
55.1853
55.6211
54.7028
53.2532
54.2124
