133.362
133.382
133.311
133.244
133.45
133.279
133.634
133.512
133.672
133.63
133.083
133.153
133.566
133.224
132.79
133.782
131.62
133.199
132.702
132.441
133.446
132.735
133.692
133.553
133.573
133.545
132.089
133.382
132.806
133.587
132.574
133.024
132.726
133.296
133.615
132.867
132.957
133.516
132.528
133.097
132.734
132.331
132.864
133.292
131.907
132.031
132.352
132.822
131.477
132.974
131.85
133.067
132.974
132.053
132.916
132.007
132.612
132.215
131.466
132.398
133.635
132.475
131.501
133.123
131.619
129.937
131.861
130.15
130.852
130.776
131.594
129.431
131.224
132.419
132.201
128.217
131.438
131.539
130.421
130.648
128.033
129.689
130.457
129.689
128.299
131.008
130.272
130.108
129.297
129.163
128.77
129.571
128.163
132.126
127.107
127.436
126.839
128.563
127.098
128.166
125.398
126.278
126.789
129.473
128.184
127.09
126.686
128.757
129.235
132.737
127.023
129.112
128.224
131.671
124.894
127.78
125.492
126.276
125.054
127.367
127.085
128.383
130.116
126.933
127.265
129.819
127.501
129.596
127.472
127.545
130.479
128.252
126.178
126.096
128.8
126.177
128.265
130.236
129.476
127.424
127.005
128.831
126.824
126.546
125.792
126.258
124.407
126.031
130.029
127.592
127.186
127.059
125.054
128.044
126.242
128.591
125.863
124.138
127.124
127.915
128.603
126.619
126.513
125.887
123.147
125.814
128.711
123.328
127.234
126.128
130.854
125.241
126.98
124.647
126.814
124.507
122.618
125.641
125.162
128.277
128.148
130.53
127.937
128.438
127.228
124.932
126.213
129.105
125.861
127.499
125.933
125.797
124.982
127.547
124.703
126.274
127.951
128.616
125.103
125.849
