1905.33
2095.23
2011.08
1979.18
1954.87
1970.55
2001.72
1909.32
1936.99
1969.57
1885.9
1874.55
1899.2
1847.64
1839.52
1848.19
1781.83
1757.47
1710.79
1776.47
1731.58
1790.62
1745.11
1724.44
1773.69
1746.67
1774.88
1708.94
1760.07
1647.2
1688.4
1664.55
1680.87
1736.99
1635.64
1719.28
1691.47
1812.89
1810.46
1814.19
1917.2
1975.15
1976.17
2100.5
2127.02
2138.23
2167.15
2146.67
2151.73
2156.03
2084.94
2047.92
2050.13
2060.56
2029.79
1994.39
1962.41
1960.91
1913.99
1896.31
1842.93
1867.81
1858.86
1842.03
1816.6
1806.54
1796.53
1763.36
1796.92
1754.64
1712.13
1691.91
1697.27
1666.87
1705.63
1676.46
1625.93
1627.53
1617.24
1626.17
1571.81
1601.29
1581.8
1545.14
1532.55
1535.64
1504.03
1482.83
1526.08
1431.65
1488.29
1459.38
1476.3
1440.44
1463.43
1391.17
1420.03
1409.4
1402.67
1412.24
1381.73
1395.75
1353.94
1347.12
1339.07
1345.72
1285.26
1330.58
1316.39
1320.7
1311.73
1317.13
1284.52
1289.02
1290.46
1275.82
1252.45
1204.75
1225.64
1226.47
1201.69
1192.01
1167.78
950.293
652.564
652.983
638.375
638.948
635.699
628.011
666.442
636.37
641.862
624.583
633.648
616.987
616.909
609.745
607.112
599.021
590.72
603.55
601.349
579.871
575.014
579.032
554.548
565.128
571.521
570.29
579.141
570.015
550.084
555.613
566.347
560.335
553.955
530.324
545.987
556.894
533.235
543.197
531.747
531.507
533.768
521.803
527.031
534.689
510.915
518.226
519.879
511.518
509.695
515.961
505.35
490.791
501.504
500.675
508.177
497.594
493.383
496.559
500.754
484.916
494.399
478.643
477.829
471.883
467.868
466.284
473.228
472.629
482.719
469.555
472.317
454.396
471.059
465.276
458.114
460.83
