132.999
133.081
133.073
132.929
132.854
133.106
132.845
132.579
133.076
132.935
133.081
133.063
132.831
132.898
132.693
132.462
132.632
132.683
132.83
132.914
132.894
132.55
132.775
132.586
132.329
132.858
132.964
132.883
132.886
132.725
132.479
132.82
133.001
133.12
131.599
132.418
132.77
132.682
132.2
133.149
133.018
132.194
132.61
131.595
131.641
133.069
132.172
132.194
131.55
132.446
131.41
131.174
131.98
131.523
131.867
132.362
132.262
131.215
131.539
130.665
132.397
131.885
131.21
131.584
131.92
131.933
131.213
130.596
129.026
130.005
130.958
130.047
132.619
128.921
130.493
131.455
127.489
130.786
129.739
132.213
131.789
126.977
127.858
129.418
126.936
127.124
127.543
129.528
127.581
131.477
126.239
129.53
130.404
126.316
125.274
129.942
129.8
130.044
128.355
126.409
129.578
128.377
129.893
128.137
130.196
128.259
125.083
126.533
129.708
127.583
122.035
124.321
127.382
126.948
128.881
126.74
123.617
128.163
125.046
126.455
123.815
124.966
122.727
128.138
123.215
124.501
126.017
127.963
123.794
125.863
124.77
125.459
124.199
128.616
125.573
128.108
126.421
128.253
128.816
124.732
125.572
125.539
129.684
127.209
130.904
125.966
123.694
128.063
125.414
126.844
125.013
129.855
125.895
127.947
123.643
127.697
125.76
125.149
123.62
122.197
124.516
121.656
124.772
130.83
127.532
125.685
123.102
125.169
123.07
125.328
126.336
122.419
122.344
125.366
123.367
123.235
121.898
125.425
119.997
122.867
123.078
121.107
123.864
123.315
122.352
121.942
125.142
124.754
121.214
123.487
123.829
128.211
122.943
124.518
126
126.8
128.17
120.204
124.326
126.206
