3.29287
4.72761
8.69495
8.88352
7.37242
0.662415
0.616447
0.452705
0.239959
0.188325
0.200537
0.194358
0.193566
0.205483
0.199221
0.20845
0.213093
0.219368
0.210098
0.218205
0.208962
0.204123
0.203485
0.207924
0.212745
0.214389
0.203968
0.191335
0.199882
0.193559
0.188118
0.193172
0.194039
0.197721
0.200214
0.195532
0.194062
0.187336
0.191682
0.195813
0.196576
0.187091
0.19762
0.196234
0.185813
0.194467
0.20368
0.197098
0.196153
0.202287
0.208343
0.200357
0.202634
0.196706
0.206492
0.207015
0.211168
0.211824
0.216041
0.205943
0.209064
0.219899
0.22171
0.214067
0.222856
0.232322
0.235197
0.219461
0.23488
0.236039
0.241257
0.225768
0.22574
0.242851
0.233019
0.245697
0.239127
0.245392
0.244147
0.252544
0.254143
0.248427
0.237936
0.251477
0.251637
0.243171
0.255658
0.250137
0.261387
0.268741
0.262207
0.256699
0.252931
0.261381
0.267576
0.248272
0.255497
0.257311
0.247675
0.270233
0.268975
0.251651
0.259373
0.27284
0.259699
0.260999
0.271261
0.263585
0.264726
0.262193
0.258568
0.257731
0.26452
0.261646
0.268415
0.263941
0.268606
0.271362
0.26178
0.259078
0.263869
0.252083
0.252579
0.272347
0.261763
0.260102
0.257876
0.259415
0.243211
0.24234
0.263365
0.261667
0.252031
0.251737
0.252904
0.251612
0.248549
0.264553
0.249477
0.251249
0.246744
0.241369
0.24934
0.231013
0.229433
0.233491
0.237367
0.245024
0.23803
0.226747
0.224868
0.230149
0.228335
0.227147
0.228798
0.218673
0.234095
0.233892
0.239952
0.220454
0.223318
0.22668
0.239234
0.22343
0.222804
0.226572
0.225567
0.225315
0.225099
0.223512
0.22656
0.213068
0.216099
0.216482
0.211565
0.223883
0.204534
0.206898
0.19362
0.198238
0.198326
0.201178
0.205069
0.196467
0.194887
0.203416
0.200324
0.204528
0.190624
0.189513
0.181655
0.186803
0.18637
0.193699
0.190397
0.179432
0.187181
0.186075
0.188076
0.175555
