1.60126
1.58787
1.51884
1.58263
1.58596
1.5549
1.55385
1.60931
1.5569
1.52296
1.61355
1.52737
1.58575
1.59147
1.52498
1.55315
1.69386
1.49457
1.59265
1.50296
1.57
1.5475
1.55639
1.53995
1.49397
1.52605
1.5979
1.56352
1.66406
1.51212
1.59452
1.4708
1.53497
1.65783
1.58441
1.63827
1.60269
1.66016
1.61351
1.64023
1.54308
1.64738
1.66914
1.69987
1.6976
1.7603
1.67788
1.73033
1.61631
1.78482
1.64365
1.64202
1.75958
1.81534
1.78525
1.78587
1.80111
1.76508
1.81196
1.78587
1.80099
1.76428
1.8171
1.80328
1.805
1.81557
1.81373
1.81121
1.8121
1.81737
1.78681
1.81613
1.81719
1.81806
1.80989
1.81577
1.81724
1.81699
1.81538
1.81726
1.81732
1.81739
1.81621
1.81567
1.81323
1.81549
1.81494
1.81559
1.81302
1.81778
1.82153
1.81701
1.8193
1.81735
1.81692
1.81693
1.81872
1.8143
1.81976
1.81773
1.81724
1.81274
1.81644
1.81757
1.81883
1.81737
1.81825
1.82096
1.81835
1.82182
1.81785
1.81774
1.8123
1.81831
1.81236
1.8179
1.81774
1.81735
1.81966
1.81644
1.81787
1.81816
1.81814
1.81636
1.81739
1.81749
1.8173
1.81546
1.81976
1.80738
1.81756
1.81875
1.81749
1.81826
1.81948
1.81478
1.81865
1.81785
1.81817
1.82068
1.81747
1.81724
1.82193
1.81741
1.8219
1.81762
1.81706
1.81771
1.82062
1.81852
1.82106
1.81818
1.817
1.81787
1.81729
1.81464
1.81966
1.81295
1.81735
1.81508
1.81544
1.82116
1.81768
1.81845
1.81688
1.82196
1.81463
1.81965
1.81797
1.81738
1.81745
1.81976
1.81504
1.82184
1.81908
1.81732
1.81695
1.81836
1.81793
1.81903
1.81768
1.81886
1.8217
1.82064
1.81979
1.8192
1.82143
1.81895
1.81762
1.82178
1.81719
1.81977
1.81656
1.81777
1.81969
1.81983
1.81757
1.82222
1.8177
1.82188
