70.9581
70.7812
70.9612
70.8243
70.8616
70.9936
70.8669
70.946
70.9811
70.9219
70.9433
70.9585
70.962
70.9534
70.9643
70.9187
70.954
70.969
70.9106
70.9473
70.9111
70.8602
70.9977
70.9762
71.0085
70.965
70.9676
71.0021
70.8304
70.9608
70.9204
70.8535
70.9328
70.8714
71.0845
70.8297
70.867
70.9176
70.941
70.9893
70.9502
70.9288
70.9184
70.9344
70.8665
70.8815
70.7805
70.9342
70.8245
70.952
70.7522
70.8007
70.9626
70.9525
70.7085
70.7867
70.8091
70.9313
70.5163
70.6294
70.6927
70.8914
70.6474
70.8273
69.4437
70.0192
69.8471
70.0481
70.2104
70.0648
70.4275
70.65
69.9709
69.9548
70.3387
69.8452
69.8624
69.3744
69.7182
70.5415
69.7743
69.452
70.6569
69.3784
70.1984
70.5028
68.7456
69.7649
70.4174
69.2506
68.6354
70.338
68.3446
68.7109
68.4955
69.1381
69.2046
70.0503
70.8055
69.2812
70.0994
70.1477
69.2117
70.5682
69.5618
67.6605
68.6358
69.6359
68.9546
70.0282
69.0418
69.9071
69.025
68.805
67.8428
68.1933
69.0375
68.7801
70.4521
68.9556
68.4924
69.3892
67.7378
66.7304
67.0234
67.7994
69.6221
70.565
68.3941
70.5312
67.6368
68.7966
69.3498
69.3256
69.641
68.9092
69.0859
69.1328
68.5294
68.9597
68.4724
69.5689
69.9177
68.87
70.4877
70.0996
68.5042
69.4645
68.9603
68.731
69.4246
68.162
69.8262
70.4001
69.239
68.5342
69.9399
70.0543
69.5759
69.2788
68.832
69.2481
65.7413
68.8151
69.4843
69.0495
68.3518
67.7668
69.4354
68.6306
68.7714
70.7577
67.6454
69.107
69.7625
68.8674
69.4958
69.3632
67.948
69.3908
70.5904
70.265
69.8896
68.8831
69.0391
69.5658
70.926
69.7708
68.8088
70.0928
69.3791
69.7531
69.4611
68.3918
68.174
69.1584
68.536
68.4931
70.4039
69.5076
