119.584
119.376
119.589
119.332
119.358
119.461
119.577
119.576
119.37
119.537
119.6
119.595
119.597
119.448
119.58
119.294
119.341
119.592
119.515
119.601
119.438
119.458
119.594
119.444
119.433
119.567
119.709
119.475
119.473
119.399
119.59
119.506
119.593
119.428
119.5
119.587
119.47
119.493
119.327
119.034
119.533
119.225
119.38
119.529
119.334
119.434
119.583
119.188
119.572
119.55
119.623
119.341
119.314
119.347
119.414
118.691
119.316
119.286
119.302
119.179
119.556
119.343
119.09
119.095
119.208
118.576
118.81
119.18
119.078
118.465
118.77
118.53
118.781
118.529
118.524
119.286
119.572
117.4
119.142
119.206
117.995
117.668
119.332
119.325
117.194
117.938
118.09
118.067
117.639
119.258
118.72
117.957
118.489
118.001
116.225
116.823
115.842
116.554
116.623
117.656
114.856
119.276
118.487
118.162
118.221
117.223
116.903
117.158
116.742
116.23
117.746
116.588
118.765
117.409
117.274
117.092
117.025
118.167
115.252
116.303
116.924
115.925
115.744
118.34
116.796
116.437
118.728
118.194
118.077
114.812
116.234
116.525
116.256
116.424
115.853
115.541
116.996
116.28
116.301
115.907
116.333
118.067
116.428
115.15
115.433
118.647
119.112
116.294
116.788
113.697
116.982
114.818
115.422
115.521
116.126
115.801
116.409
115.189
115.976
116.777
115.964
115.831
115.008
118.174
117.516
118.936
114.55
115.212
117.735
116.37
115.905
116.005
116.398
115.216
116.569
114.681
117.184
115.584
114.81
116.676
115.435
114.564
114.861
115.81
115.712
115.354
114.969
115.011
117.426
115.5
117.374
118.855
117.571
116.864
116.923
116.052
115.911
113.748
115.148
117.133
