0.0636192
0.0717916
0.0775359
0.0908655
0.0995976
0.0940388
0.0962213
0.101502
0.0987828
0.0918615
0.103138
0.0991508
0.0975618
0.103343
0.103842
0.10718
0.111113
0.102922
0.111846
0.114547
0.121117
0.128698
0.130747
0.128404
0.122681
0.134339
0.135995
0.137555
0.133013
0.137628
0.134821
0.138185
0.135747
0.132953
0.141439
0.135157
0.137831
0.14218
0.140087
0.13848
0.146145
0.141883
0.145469
0.142934
0.150519
0.143736
0.151185
0.152751
0.146858
0.152573
0.153811
0.151621
0.152138
0.153519
0.152725
0.158312
0.163022
0.160914
0.159936
0.164562
0.159158
0.169415
0.167877
0.163748
0.164318
0.172788
0.177233
0.1721
0.174977
0.166982
0.177389
0.175146
0.172053
0.179863
0.176329
0.17477
0.181276
0.182931
0.172541
0.180623
0.181026
0.183479
0.179867
0.178553
0.184291
0.182177
0.179752
0.181063
0.187707
0.188406
0.180418
0.177788
0.18912
0.18636
0.196174
0.191821
0.193941
0.196503
0.195234
0.201566
