0.0966188
0.0795283
0.111505
0.09367
0.0399168
0.0274372
0.036152
0.0447087
0.0362769
0.0213753
0.0437773
0.0347268
0.0350835
0.0275796
0.026406
0.0301084
0.0369426
0.0339811
0.0282566
0.0239313
0.0218695
0.0246917
0.0159452
0.0228735
0.0303297
0.0259864
0.022471
0.0161468
0.0244402
0.0276387
0.0138181
0.0177729
0.0207078
0.0239025
0.019826
0.0134623
0.0182774
0.0261118
0.0146244
0.0234646
0.017053
0.0221867
0.0150283
0.0226285
0.0162622
0.0155141
0.0240706
0.023157
0.0246597
0.0209597
0.0137418
0.0153499
0.0125432
0.015104
0.0167786
0.0135108
0.0201473
0.02027
0.0291732
0.0287534
0.0145162
0.0263031
0.01875
0.017889
0.0132591
0.0157936
0.0163179
0.0134135
0.00850559
0.0136244
0.0167827
0.0186892
0.0103661
0.0173561
0.0261029
0.0323971
0.0175186
0.0289824
0.0147735
0.0317154
0.0405452
0.0409927
0.0430056
0.0352135
0.0548371
0.0460961
0.0509784
0.0702855
0.0361139
0.0782697
0.0677995
0.0742387
0.0516825
0.0595279
0.0573076
0.058948
0.0706779
0.0828389
0.0903139
0.0749165
