19.0416
19.0334
19.627
19.9739
19.5304
19.6017
19.9275
19.4984
20.0123
18.9893
19.887
19.5059
19.6825
19.5522
19.5058
19.5994
19.8766
19.9798
19.9371
19.909
19.6695
19.5468
19.7297
19.8463
19.929
19.6651
19.7574
19.304
19.5414
19.6247
19.4294
19.7974
19.6543
19.6846
19.7358
19.3239
19.5751
19.3174
19.4658
19.5482
19.4462
19.3664
19.3548
19.43
19.3106
19.434
19.3567
19.5953
19.1966
19.5746
19.3004
19.4297
19.271
19.3747
19.5068
19.4627
19.1247
19.3366
19.2711
19.5861
19.0882
19.109
19.4754
19.5738
19.0977
19.3602
19.0599
19.3714
19.9382
19.363
19.3842
19.1992
19.1408
19.1355
19.0655
18.6235
19.4636
19.5356
19.6419
18.8984
18.9506
19.8667
18.7929
19.2547
19.3304
19.4628
18.9588
19.0158
19.1722
19.1809
19.2247
19.2621
19.0993
18.672
19.2546
19.5213
19.1633
19.3127
19.4072
19.0803
