147.216
145.482
145.788
146.076
146.912
146.38
146.509
146.072
146.829
146.172
146.678
146.149
146.169
147.153
146.572
146.474
147.175
146.783
147.015
146.753
146.872
146.944
146.119
147.177
145.654
146.095
146.36
145.48
147.469
146.248
146.411
146.423
146.434
147.938
147.476
147.096
146.915
146.846
146.25
147.168
146.356
146.752
146.616
147.42
146.637
146.514
146.595
146.237
145.842
145.081
145.608
147.231
145.818
145.812
145.518
146.55
144.682
145.46
146.117
146.458
145.549
144.567
146.072
145.269
147.086
144.772
146.295
145.792
146.206
146.065
145.543
145.285
145.24
144.921
146.106
145.598
143.916
146.32
144.481
144.6
144.71
144.813
147.262
146.458
145.264
145.798
146.259
145.044
145.305
144.247
143.026
144.551
144.405
144.964
143.578
144.911
142.916
143.312
144.888
145.211
143.837
144.249
145.399
143.206
144.391
143.945
140.915
143.833
143.646
141.096
144.957
146.007
144.301
143.67
143.469
142.542
143.882
144.399
144.046
142.39
145.874
144.755
144.184
145.856
143.154
140.737
143.642
145.945
142.956
144.743
144.649
143.326
143.003
144.218
144.12
145.029
143.102
145.165
143.766
142.232
144.695
142.306
144.342
141.936
143.458
143.131
142.517
141.535
143.003
140.616
140.508
143.587
142.713
141.603
141.79
141.971
141.792
139.9
143.224
142.204
141.875
143.351
143.502
142.698
140.822
142.49
140.593
143.194
142.74
143.004
142.826
143.375
144.25
143.434
141.274
143.518
142.744
143.616
144.214
140.53
141.765
141.617
141.112
142.179
140.563
141.393
142.009
141.701
143.812
143.562
142.965
141.538
142.228
140.782
141.214
142.087
140.453
143.129
143.858
142.153
