12.8237
11.308
11.1436
10.2658
10.0611
10.1649
10.2667
10.6115
10.7379
10.7632
10.8584
11.1007
11.5353
12.9178
14.5297
16.3306
15.3529
15.3339
14.8895
14.6628
14.8487
14.5826
14.6514
13.9825
14.1215
13.0515
13.5072
14.2083
14.2488
13.9415
13.6187
13.5616
2.06262
1.35317
0.955179
0.646192
0.514104
0.452605
0.499094
0.495117
0.55721
0.572512
0.597477
0.556096
0.541518
0.486931
0.428895
0.503144
0.502727
0.500629
0.500866
0.52996
0.506015
0.510005
0.56744
0.544814
0.543509
0.551741
0.521248
0.550539
0.531685
0.51508
0.534115
0.551731
0.536951
0.538561
0.545142
0.538629
0.511232
0.530478
0.539479
0.538011
0.533316
0.516755
0.586876
0.542734
0.549291
0.572588
0.587998
0.57724
0.561138
0.572904
0.577764
0.577875
0.573347
0.565525
0.5841
0.56732
0.533243
0.566644
0.569203
0.600943
0.593711
0.560677
0.587411
0.579074
0.573397
0.591343
0.579426
0.557538
0.58697
0.58333
0.604882
0.571165
0.59985
0.610088
0.602568
0.592158
0.584017
0.595705
0.600431
0.587156
0.614099
0.586701
0.609666
0.599882
0.610352
0.595883
0.619695
0.629136
0.608656
0.619326
0.646587
0.614126
0.633117
0.6174
0.636898
0.635886
0.623179
0.637747
0.62343
0.659619
0.631902
0.639671
0.631971
0.644943
0.662118
0.656196
0.649672
0.633577
0.642257
0.653925
0.631458
0.632834
0.63764
0.655954
0.641322
0.637517
0.645009
0.613614
0.640721
0.620411
0.629577
0.650602
0.618939
0.634105
0.606829
0.61771
0.624016
0.620503
0.63305
0.639379
0.626832
0.607539
0.619567
0.609185
0.596731
0.604185
0.593548
0.643369
0.631297
0.643774
0.616722
0.640005
0.617404
0.635331
0.612903
0.613016
0.612906
0.595863
0.600069
0.599698
0.598316
0.596686
0.60719
0.589597
0.605577
0.603907
0.622916
0.59504
0.608359
0.589871
0.613598
0.581211
0.618053
0.600242
0.609394
0.608211
0.594518
0.604438
