15.5874
9.13125
8.67004
8.21949
9.86442
10.566
9.00838
11.8392
16.2768
8.40714
10.7825
10.7761
8.3132
9.73022
11.0817
9.92134
12.1659
10.6333
9.37923
11.4398
9.30575
9.56135
10.3452
10.8724
13.8353
9.58503
11.0564
10.158
8.78013
10.2365
10.0405
11.9156
10.3016
9.10017
9.43361
9.50113
9.20455
8.66502
8.40507
9.61076
10.0872
11.2126
9.86489
9.61585
10.2991
10.116
9.04049
9.26814
10.1272
10.1781
8.72098
9.86505
9.83216
9.59585
10.5515
9.92161
11.3835
9.32611
10.333
9.16713
10.293
10.1558
11.9143
10.0208
10.1967
11.0619
9.82508
10.7953
10.7404
10.4355
11.8815
10.9597
11.2696
9.84452
13.2798
10.9394
11.0479
10.9885
10.5312
10.6071
10.447
10.4958
10.8779
12.4853
10.6767
11.2747
11.6626
10.8666
11.1105
11.7819
11.569
11.5064
11.5527
11.3722
11.7287
11.9046
12.5879
11.6396
13.0002
11.029
