6.63681
6.72892
6.90235
6.85169
8.28268
7.01827
7.97269
7.12448
7.05058
8.38159
7.11604
6.98844
8.39358
8.36753
6.98867
7.08358
7.06675
8.31048
6.87674
6.90875
7.08855
6.72746
6.80563
7.28717
8.34904
6.83325
6.99934
7.14354
6.64333
6.46718
6.97711
6.87977
7.18185
6.86581
6.88763
7.17663
6.78415
7.13672
7.45995
6.8385
7.11483
7.32657
6.98126
7.05579
6.94601
7.2454
6.7321
9.46692
7.14349
7.12201
7.17708
7.1426
7.14798
7.32957
7.06425
7.02041
6.94752
7.32102
7.44402
7.38163
7.11249
7.17369
7.14929
7.08827
7.33962
7.05469
7.69491
6.87818
6.79367
7.23055
7.14122
7.13477
7.30285
7.24886
7.45628
7.62557
6.98755
8.78759
7.69902
7.37826
9.45903
7.08535
7.12205
7.15885
7.13499
8.71828
7.18119
7.15773
7.01905
7.19465
7.30037
7.31321
7.13447
7.26175
7.19302
7.56603
7.25672
8.36461
7.50394
7.27283
8.01083
7.25517
8.54742
7.18062
8.3484
7.33427
7.28958
7.20938
7.30514
9.47573
7.14236
7.44462
7.66421
7.15492
8.39453
7.74816
7.51233
7.81007
7.57248
9.02501
7.53527
8.96522
8.75469
8.551
7.67216
8.19917
8.62841
8.75587
8.74881
8.1781
8.18124
8.67052
8.26324
8.11452
8.48059
9.02598
8.97491
8.64487
8.0402
8.35133
8.99528
8.21548
8.3438
8.84488
8.74112
8.7254
9.14092
8.32223
8.60456
8.50033
8.70868
9.12558
9.11847
8.76079
8.62162
8.76223
9.02038
8.77059
8.75849
9.45319
8.73663
9.05223
8.98728
8.88402
9.62644
9.16285
9.03161
9.55731
9.45059
9.53294
9.05014
9.41886
9.21829
9.50874
9.57637
9.55827
9.53512
9.52307
9.54729
9.60193
9.6129
9.60901
9.62357
9.58609
9.59114
9.57107
9.56638
9.52848
9.57547
9.52425
9.62488
9.4201
9.5474
9.50619
9.60662
9.60444
9.57017
9.61735
9.59528
9.6325
