17.7873
18.9669
19.1429
19.199
19.235
19.5764
18.5913
18.1083
19.6762
18.9143
18.826
18.9205
18.032
18.5828
18.4258
17.9787
17.1818
17.2697
19.475
17.8884
18.8424
17.496
17.9587
17.5109
18.6731
17.5173
19.6244
19.9116
18.3673
18.4481
17.9176
17.9728
17.5642
18.2275
19.4321
18.3304
18.0097
17.7388
18.4273
19.9031
17.0839
18.189
16.9376
17.2649
17.4962
17.8395
17.1272
17.0225
18.4053
17.6941
17.6101
17.2536
17.1488
17.2354
18.3517
17.6903
17.3315
17.9249
17.3165
17.682
17.1456
17.2846
18.6756
17.5001
17.9586
17.9867
17.7425
18.1494
17.3682
18.017
17.6551
18.1752
17.8444
17.2796
17.4499
17.5652
18.1931
18.0146
17.7423
18.3207
18.0165
17.9087
18.3733
18.9298
17.3261
18.2331
17.663
18.1447
18.2022
18.1809
18.0034
17.416
18.4474
17.769
17.6685
18.5385
18.3856
17.4367
18.2803
18.1893
