0.366204
0.414151
0.431154
0.447332
0.452561
0.441756
0.456903
0.454074
0.452282
0.435795
0.451808
0.458335
0.435246
0.439503
0.464645
0.450107
0.456914
0.447528
0.464149
0.452299
0.457584
0.45566
0.467843
0.46796
0.478471
0.469741
0.47412
0.463839
0.451654
0.472771
0.466793
0.455926
0.468617
0.482848
0.48211
0.48849
0.468345
0.489489
0.470105
0.908165
1.41607
0.494111
0.487105
0.483213
0.474434
0.477995
0.481604
0.477251
0.477484
0.490284
0.486905
0.49514
0.490641
0.500968
0.500165
0.500137
0.494701
0.503343
0.508309
0.500152
0.505007
0.506258
0.512959
0.516278
0.510073
0.502482
0.512535
0.519156
0.526791
0.511524
0.521715
0.52612
0.534236
0.523187
0.523759
0.515123
0.524929
0.53521
0.522315
0.523743
0.519836
0.524107
0.525327
0.520677
0.516877
0.51016
0.511373
0.512945
0.496877
0.51704
0.506977
0.493357
0.521484
0.506244
0.524593
0.508448
0.496817
0.5077
0.487115
0.502655
