12.6077
13.2213
10.672
14.7002
14.0823
15.3285
13.7282
15.6884
15.8719
14.5647
16.5054
17.5067
14.501
16.7947
15.0174
15.3376
16.2554
15.491
15.7953
14.5625
16.0224
15.5833
16.59
14.9751
15.4328
14.6007
15.6131
15.0679
14.8391
16.2966
16.5558
14.9646
16.0157
16.8152
16.481
15.6651
15.6445
16.7962
15.5823
15.0176
15.9552
16.0164
16.3779
16.1052
16.8559
16.0491
16.6234
15.5629
17.3035
16.0268
16.3488
16.1872
16.1044
17.437
16.4686
15.9873
17.3233
16.5357
15.6629
16.3278
15.7728
16.4278
16.8821
16.2151
16.8162
16.3962
15.5707
16.445
15.9313
15.8415
15.6956
14.9892
15.5574
16.3218
15.2981
16.0699
16.3011
15.0568
15.2881
15.5763
15.5733
16.3622
16.7166
14.4849
15.2642
15.7591
14.7957
14.5593
15.0495
16.4563
14.6501
14.3426
14.7734
15.2948
14.5984
14.9946
15.1652
15.0235
15.27
19.2729
