0.138569
0.169533
0.11245
0.0587916
0.0771759
0.120517
0.0767791
0.0439542
0.0727352
0.0408724
0.0473639
0.0487813
0.0483288
0.0478362
0.0390487
0.0205238
0.0413941
0.0343898
0.0471126
0.0297718
0.0247438
0.0398101
0.0236552
0.0390785
0.0244038
0.0276427
0.0289156
0.0328106
0.0507243
0.0373551
0.0434237
0.0600949
0.0548308
0.0363984
0.045966
0.0331615
0.0297672
0.0333188
0.0331988
0.029601
0.0262115
0.0345688
0.026183
0.0457939
0.0279528
0.0289518
0.0392938
0.0233273
0.0294252
0.0267861
0.0155735
0.0212228
0.0323558
0.0274873
0.0226541
0.0306528
0.0289977
0.0176156
0.0259424
0.037738
0.0296724
0.034877
0.031815
0.0293982
0.0442289
0.025501
0.038474
0.0232947
0.0345388
0.0303025
0.0368283
0.0299719
0.0322862
0.0267715
0.0391431
0.0305172
0.0274581
0.030475
0.0251216
0.035184
0.0268262
0.0247517
0.0301878
0.0256966
0.0397522
0.0184723
0.0254731
0.0340007
0.0352267
0.030111
0.0254495
0.0267356
0.0237043
0.0331309
0.0392499
0.0352709
0.0236736
0.0314138
0.0331023
0.0283546
