4.87404
3.25257
3.83802
7.30794
7.79414
8.57647
3.65871
3.25892
5.25106
7.38349
4.29184
5.66875
3.46311
4.54757
5.28747
6.96375
4.21556
3.47265
4.43038
4.37113
4.75525
5.09187
4.37067
3.87771
3.98407
4.21304
5.53413
3.79784
4.64774
4.33488
4.03255
4.06193
3.52386
4.82331
3.44306
5.62423
3.34041
5.17335
4.32604
4.27345
5.7317
4.90549
3.70273
3.69156
4.61726
4.11032
5.03588
3.81669
5.58792
3.47892
3.44475
3.43704
3.49849
3.48515
5.56654
4.43633
3.43856
4.87201
5.62869
3.92652
7.28188
4.40451
3.46732
5.84456
5.90313
3.55798
3.53635
4.72982
5.5157
4.67722
4.43475
4.44743
5.56995
4.75846
3.63767
5.09484
3.47773
5.23963
4.78767
5.24309
3.46576
5.43054
5.60407
5.54625
5.60579
5.60407
4.87445
6.37581
4.88189
5.60407
5.60407
5.60407
5.60407
7.18527
5.64564
6.49205
5.63184
5.70965
5.6056
6.80156
