0.0134399
0.00968868
0.00943951
0.00913038
0.00988681
0.0104873
0.0106454
0.0102193
0.00518407
0.00429421
0.00280668
0.00138669
0.00271055
0.00143499
0.00186767
0.00130307
0.00152362
0.00220942
0.00194277
0.00171758
0.00190494
0.00198689
0.00201175
0.0016527
0.00185498
0.00187188
0.00175442
0.0015925
0.00164089
0.00158886
0.00176245
0.00170423
0.00162939
0.00160901
0.00159936
0.0016433
0.00152137
0.00159075
0.0018012
0.00187143
0.00179733
0.00207587
0.001808
0.00202312
0.00179052
0.00184352
0.00222627
0.00210463
0.00227008
0.00208419
0.00239731
0.00209416
0.00238884
0.00244582
0.00246313
0.00253522
0.00259435
0.00249657
0.00257276
0.00255352
0.00260103
0.00251158
0.0025031
0.00274359
0.00269328
0.00262862
0.0025835
0.00263477
0.00254874
0.00250138
0.00259117
0.00254501
0.00246199
0.00228042
0.00234176
0.00232904
0.00234966
0.00232448
0.00252455
0.00257627
0.00232677
0.00243924
0.00238135
0.00229194
0.00248503
0.0024025
0.00227317
0.00233066
0.0024972
0.00233319
0.00240676
0.00241117
0.00240189
0.00249902
0.00247923
0.00250918
0.00250451
0.00237522
0.00251305
0.00236774
0.00256374
0.00269417
0.00271747
0.00262921
0.00270287
0.00254797
0.00265676
0.00273047
0.00259429
0.00261289
0.00260313
0.00261491
0.00269141
0.00265666
0.00266837
0.00281444
0.00266775
0.00270307
0.00278502
0.0027786
0.00278266
0.00285143
0.00286287
0.0028148
0.00288738
0.00288096
0.00298981
0.00289628
0.00285039
0.00289008
0.00281317
0.0028606
0.0030339
0.00297084
0.00286641
0.00294459
0.00304881
0.00309405
0.00304854
0.00303113
0.00294969
0.00303767
0.00292218
0.00315916
0.00303927
0.00305958
0.00317296
0.00320789
0.0030642
0.00314041
0.00301946
0.00309772
0.00306343
0.00308459
0.00307418
0.00312711
0.00337555
0.00326711
0.00314708
0.00327329
0.00321668
0.00323874
0.00312122
0.00321335
0.00308057
0.00311888
0.00315714
0.00305461
0.00310231
0.00323016
0.00316309
0.00312264
0.00319246
0.00321856
0.00318646
0.00309454
0.00311613
0.00337852
0.00317746
0.00321308
0.00312027
0.00324454
0.00317872
0.00319643
0.00318636
0.00317159
0.00325405
0.00322737
0.00330339
0.00328206
0.00322538
0.0032287
0.00332172
0.00335815
0.0032051
0.00321297
0.00322899
0.00324396
0.00318636
0.00334371
