1.25291
1.44308
1.3162
1.3929
1.47173
1.39897
1.45772
1.43495
1.47539
1.36228
1.4785
1.41242
1.47669
1.38934
1.4315
1.41062
1.32574
1.46653
1.41179
1.39429
1.31604
1.33405
1.39265
1.47551
1.4805
1.41208
1.40485
1.32391
1.40858
1.31662
1.36511
1.46092
1.40575
1.44979
1.45361
1.4345
1.24054
1.4569
1.42248
1.47902
1.48564
1.48176
1.40514
1.3528
1.47719
1.38664
1.45426
1.4184
1.41079
1.50892
1.35139
1.43025
1.4587
1.32498
1.31745
1.43647
1.38633
1.35394
1.44661
1.39131
1.45388
1.2931
1.226
1.37716
1.44756
1.31194
1.2792
1.46187
1.31363
1.29037
1.28645
1.46231
1.39446
1.41075
1.26627
1.40832
1.36162
1.37032
1.45657
1.30929
1.41554
1.42618
1.28137
1.42952
1.25406
1.46153
1.26754
1.44532
1.46124
1.50311
1.27546
1.40898
1.4678
1.47426
1.31658
1.2778
1.42711
1.33579
1.39463
1.47798
1.38513
1.27013
1.2599
1.30171
1.43249
1.43791
1.19203
1.44987
1.2628
1.31998
1.2208
1.12992
1.28709
1.41632
1.18289
1.25471
1.34895
1.45447
1.39206
1.46225
1.3552
1.38947
1.36015
1.43196
1.41811
1.40319
1.48876
1.49105
1.37706
1.48613
1.35885
1.33399
1.35625
1.38089
1.45114
1.40973
1.32681
1.35342
1.39634
1.3923
1.32838
1.36474
1.32526
1.50055
1.38791
1.49657
1.35823
1.40722
1.359
1.28085
1.36813
1.24516
1.35942
1.4319
1.37219
1.3279
1.42139
1.27514
1.36646
1.43522
1.44036
1.41827
1.39361
1.42754
1.22835
1.45132
1.3837
1.32812
1.43431
1.31322
1.33249
1.3736
1.44774
1.36074
1.37632
1.26051
1.1868
1.37997
1.22285
1.32939
1.38908
1.42516
1.39182
1.37302
1.42134
1.30886
1.2675
1.32452
1.2423
1.26238
1.20046
1.36195
1.38477
1.40895
1.37175
1.40821
1.27721
1.12158
1.35939
1.25552
