6.54218
5.99848
4.82466
4.98478
4.87813
4.94331
5.40894
5.31095
6.98617
4.8652
4.95976
5.00545
5.55726
5.27231
4.99137
6.01158
5.24579
4.81193
5.41579
6.9156
5.931
8.7986
5.13438
6.38001
8.08162
6.83771
7.06053
5.92207
6.18166
7.18455
7.05614
9.24756
8.43496
8.11909
8.88022
7.07316
7.13991
8.57105
6.80758
7.64845
8.77478
7.91952
8.07443
8.77784
8.69715
8.79151
8.78729
8.30932
8.42763
8.28109
8.60865
8.58139
6.9982
8.85738
8.78663
8.76411
7.97289
7.29029
8.88106
8.55475
8.35732
7.69735
8.43517
8.91626
8.80751
9.01898
9.04971
9.17453
9.19545
9.01685
9.0593
8.94802
9.14728
9.09216
9.16398
9.2663
8.81139
8.97172
9.10888
8.94558
9.10087
9.16425
9.2873
8.90287
9.02186
9.05964
9.35406
9.27592
9.22015
9.04989
9.10492
9.04819
9.23902
9.17523
9.36819
9.25596
9.11642
9.20438
9.47448
9.08038
9.13125
9.27909
9.1278
9.09986
9.26937
9.11439
9.10587
9.05279
9.14282
9.12898
8.9839
9.11372
9.06611
9.13415
9.17866
9.17985
9.26048
9.20449
9.34792
9.142
9.11911
9.17188
9.41382
9.18846
9.03867
9.2001
9.03625
9.34695
9.19456
9.13747
9.27894
9.33034
9.40624
9.22354
9.19572
9.07625
9.15041
8.99012
9.08774
9.1559
9.12257
9.21176
9.24157
9.20344
9.00737
9.28498
9.31514
9.05009
9.26774
9.42966
9.26574
9.20815
9.1399
9.12175
9.19569
9.1681
9.13363
9.11422
9.2445
9.39957
9.31304
9.41778
9.1348
9.10536
9.46296
9.05002
9.22586
9.40306
9.2456
9.16817
9.28465
9.17728
9.29795
9.21636
9.02441
9.18871
9.29795
9.237
9.15931
9.32919
9.25416
9.32563
9.2445
9.08408
9.2277
9.21895
9.18098
9.27633
9.34908
9.1185
9.32216
9.27722
9.18707
9.48103
9.14049
9.2984
9.09781
9.27124
9.37461
9.13216
