0.0361492
0.00882777
0.00879749
0.00873805
0.00879773
0.00887572
0.00881556
0.00892542
0.00918124
0.00915042
0.00905349
0.00903328
0.00926825
0.0091866
0.00941654
0.00924928
0.00933162
0.00926131
0.00923286
0.00933399
0.00934679
0.00954178
0.00949686
0.0093802
0.009535
0.00939775
0.00951417
0.00935677
0.00939588
0.00939217
0.00944435
0.00945026
0.00953037
0.00967382
0.00939932
0.00957658
0.00955626
0.00971478
0.00959952
0.00961252
0.00986442
0.00977953
0.00958935
0.00969286
0.00964081
0.00976346
0.00994719
0.00965948
0.00992862
0.00993588
0.0100839
0.00997781
0.0101451
0.00997051
0.0100391
0.00996957
0.00994295
0.0100768
0.0101263
0.00995086
0.0102063
0.00980603
0.0100384
0.00983686
0.00997276
0.00994129
0.0101624
0.0101715
0.0100764
0.0101002
0.0100539
0.0100699
0.0101991
0.00991827
0.00987652
0.0101825
0.0102095
0.0101979
0.00984226
0.0101365
0.01002
0.00995004
0.0100063
0.0100208
0.0100338
0.00999698
0.0101265
0.00991343
0.0102054
0.010213
0.00999079
0.0101439
0.0100398
0.0102782
0.0102309
0.00986393
0.0101472
0.00990457
0.0099602
0.0100772
