32.6622
21.1105
33.9514
34.2688
40.5092
39.0713
39.4436
38.3293
39.1873
38.7773
37.2746
35.6085
34.0267
35.6147
35.6155
36.5959
37.0087
36.8649
36.0609
37.1136
37.5468
37.3989
37.8391
37.0737
36.8855
33.8874
34.5586
33.275
29.4076
26.4552
21.8767
19.1523
15.312
13.7573
12.2816
11.9151
12.6851
13.5006
13.4476
13.3139
13.5969
14.0287
14.4713
13.9466
13.6633
14.7181
15.0869
14.2931
13.7249
14.2698
14.0055
14.5586
13.8415
14.3981
14.9415
14.8962
15.3234
15.8495
14.5171
15.7629
15.2635
15.8345
15.5295
16.0297
15.5085
16.1646
15.8923
15.6341
14.9547
15.5608
16.0754
15.6354
15.1455
15.8893
15.706
15.1246
15.7263
15.5525
14.6947
14.6142
14.3586
11.8535
12.8803
14.3836
15.1621
14.4643
15.1825
14.772
14.2106
14.5427
15.3676
14.6702
15.0689
15.2996
15.7773
14.8628
15.4109
15.4121
14.725
15.2546
14.7446
15.0146
14.635
14.7125
15.4701
15.2472
14.8185
15.5676
14.6785
15.3172
14.8321
14.7519
14.878
14.4741
14.2706
15.5872
15.2564
15.3301
16.407
14.8085
15.2084
14.6496
15.4023
15.3368
14.9607
15.5396
14.9072
15.0482
15.6907
15.3356
14.908
15.0344
15.3236
15.211
15.6868
14.7535
14.8036
15.5403
14.7551
14.9104
14.8941
14.9043
15.1762
14.9144
14.5223
15.4231
14.9963
14.466
14.934
15.2241
14.3432
14.8165
15.1833
14.9341
14.3937
14.4163
14.4749
15.2202
14.6823
14.3403
15.2136
14.5721
14.4169
14.5895
13.9886
15.0143
14.1198
14.4291
14.6817
14.3497
14.5219
14.7305
13.7417
14.2471
13.2759
13.9624
14.8909
14.2554
13.9611
14.0471
13.7526
13.3995
14.0367
14.3319
13.9476
14.1354
13.4179
14.3229
13.9745
13.849
14.1369
13.9708
13.5511
13.7165
13.4667
13.5025
14.1599
13.6309
14.1736
13.5917
