5.85865
5.3482
8.19396
4.72666
3.63884
4.76016
5.83079
5.83575
4.48512
5.14452
6.98628
3.73972
5.78052
4.45669
4.86655
5.24141
5.49236
5.01452
5.09604
5.18073
5.16855
6.91964
4.14064
5.29639
4.56137
4.44159
5.2001
6.11999
4.50243
5.13884
6.02929
5.56759
5.19438
5.17459
5.18007
5.17465
6.66412
6.59243
5.28483
6.68531
5.48098
5.88415
5.15454
5.63363
6.09326
5.19671
5.79048
6.73847
6.7605
6.81937
6.74996
9.09062
6.64974
10.0811
6.76143
6.75023
7.17376
8.33595
7.54581
8.79313
9.80705
9.76212
9.82794
7.97629
9.82719
7.70063
7.60956
7.70825
7.71127
9.8183
9.82022
9.8183
9.81369
7.55375
8.27664
7.6052
9.8352
8.41801
9.27663
9.8183
9.81767
9.81149
9.8183
9.82353
9.81149
9.61119
9.81149
9.54538
9.82316
9.81767
9.82294
9.9573
9.82794
9.85534
10.2313
9.82794
9.8352
9.85534
9.8352
9.83202
