20.903
21.7478
22.2483
21.3656
22.5679
21.9322
21.9419
23.8162
24.2147
23.6062
23.4975
21.7815
22.4929
23.2172
22.0632
22.0874
22.6008
20.9587
21.3209
21.3886
20.7425
21.5058
20.8646
21.3724
21.0458
21.1481
21.0711
21.4363
21.1037
21.0941
20.583
20.5999
20.4133
19.6943
19.9252
19.2592
19.3917
19.2377
19.6402
19.6129
19.6347
18.9612
19.2967
18.9854
19.4384
18.8603
18.3593
19.1046
18.5873
17.6686
17.5286
17.8792
17.8402
17.8802
18.5046
18.2137
18.52
18.0892
17.6594
17.8042
17.1719
17.5536
17.1933
16.8101
16.4682
17.2251
16.9829
16.4906
16.3513
16.9427
16.5026
16.9527
16.5175
16.2739
16.6706
16.342
16.7794
15.8269
15.8555
16.0739
15.8267
15.3122
15.35
15.537
15.0891
15.687
14.8286
15.2608
15.7498
15.0932
15.285
14.6626
14.8417
14.6382
14.8094
14.8167
14.7237
14.7527
14.4056
14.4847
14.0476
14.7718
14.5728
14.17
14.675
14.1126
13.5942
13.5284
14.0403
14.1759
13.9741
13.6225
13.4508
13.8942
13.7737
13.7389
13.8159
13.2951
13.4104
13.674
13.6081
13.6071
13.3076
13.3428
13.4954
13.3494
13.1552
13.2486
13.2584
13.139
13.2375
13.4255
13.1337
12.6935
12.9545
12.6782
13.2837
12.8436
12.6194
13.0054
12.8695
12.7828
13.2812
13.261
12.491
12.0111
12.1947
12.5841
12.9018
12.2892
12.6693
12.5841
12.5061
12.7782
12.7909
12.4959
12.4039
12.2001
12.1307
12.7898
12.17
12.1181
12.2446
12.2153
12.1612
12.1558
12.4513
12.3013
12.4439
12.408
12.1138
12.1751
12.3487
12.027
12.0769
12.6282
12.039
12.4161
12.1807
12.1428
12.1265
12.1843
11.8479
11.9453
12.1844
12.2597
12.0475
11.9015
11.8886
11.8354
11.8916
11.9938
12.3459
11.8577
12.0974
11.9674
11.8142
12.3144
11.9815
12.0057
