19.3845
19.6328
19.0896
18.7207
18.9123
19.5905
19.6583
19.4142
19.2549
18.8663
19.3383
18.8029
19.277
18.8319
19.7256
19.1651
19.1606
18.8233
18.3939
19.4012
19.6206
19.1547
19.656
19.5305
19.5018
19.8016
19.2707
19.2703
18.5418
18.7918
19.5418
19.0225
19.0846
18.7894
19.2382
18.9112
17.8374
18.1318
18.6955
19.1838
18.673
19.632
18.9559
18.6431
18.3672
16.4981
17.6077
17.8672
17.7256
16.732
18.8232
14.3222
14.6632
13.8937
18.5589
18.3614
13.7252
13.4114
18.0518
18.5761
18.5481
13.7476
12.8981
16.1786
18.7503
17.4891
14.2548
15.0259
14.3547
18.4112
18.8434
13.1771
18.4823
13.0739
17.3425
13.316
12.9999
14.1003
13.1184
13.4785
16.5013
17.6406
14.2109
15.1189
17.7924
13.2973
13.2156
14.6449
18.3168
13.39
17.8294
13.4196
15.0839
13.5198
16.4148
14.112
15.3566
13.7171
18.3808
13.3982
12.9702
13.2336
18.6918
15.1757
13.7389
15.5613
14.0216
13.2767
17.2936
13.2021
14.014
14.3264
16.5616
13.7448
13.6372
13.7746
13.9522
13.9517
15.9928
13.6688
15.1917
14.9779
13.7012
13.3093
18.1368
14.4153
16.4798
13.8893
15.2079
13.6781
13.5227
13.1503
13.14
13.8892
13.9749
18.9377
18.2751
13.2793
17.1482
15.6413
14.6134
14.4899
13.6084
13.4784
13.8101
16.5416
13.6984
13.2955
15.4256
13.6993
16.8838
14.3881
13.0547
13.9457
13.5107
15.2301
13.4421
13.4876
14.5631
14.6439
15.3616
18.9995
18.8258
17.0032
14.3183
16.1766
13.5544
13.6845
16.1317
13.3869
16.202
16.2482
13.0354
16.6131
14.8624
16.6925
13.3349
17.0773
15.834
15.8979
17.676
17.8927
16.0689
16.3709
18.649
18.162
15.596
16.1224
19.382
19.0239
18.5819
17.1416
18.0083
16.3835
19.0486
16.832
18.4817
16.8492
16.4237
15.1038
