0.0178994
0.0358438
0.0538781
0.0720465
0.0903925
 0.108958
 0.127784
 0.146909
 0.166367
 0.186191
 0.206406
 0.227034
 0.248088
 0.269573
 0.291485
 0.313807
 0.336512
  0.35956
 0.382896
 0.406454
 0.430156
 0.453914
 0.477633
 0.501213
 0.524553
 0.547557
 0.570131
 0.592194
 0.613673
 0.634512
 0.654666
 0.674104
 0.692809
 0.710776
  0.72801
 0.744526
 0.760346
 0.775498
 0.790012
 0.803925
 0.817271
 0.830089
 0.842416
  0.85429
 0.865747
 0.876822
 0.887551
 0.897964
 0.908096
 0.917975
 0.927631
 0.937092
 0.946384
 0.955534
 0.964566
 0.973505
 0.982375
 0.991199
