112.557
112.973
112.687
112.404
112.295
112.505
113.039
112.476
112.699
112.791
112.588
112.716
112.654
112.401
112.767
112.622
112.83
112.501
112.399
112.631
112.686
112.247
112.404
112.86
112.527
112.744
112.463
112.671
112.807
112.535
112.625
112.837
112.632
112.682
112.832
112.682
112.276
113.06
112.687
112.375
112.523
112.764
112.328
112.679
112.925
112.379
112.45
112.275
112.172
112.54
112.587
112.576
112.524
112.45
111.569
112.594
112.521
111.506
112.447
111.828
112.377
112.423
112.359
112.353
112.15
111.383
110.79
111.659
112.691
112.306
111.712
111.855
112.622
112.305
111.013
111.457
112.852
111.329
110.723
112.447
111.491
110.368
111.6
110.853
112.163
110.508
110.67
111.483
110.841
111
111.323
110.528
110.592
110.484
111.397
110.732
111.196
110.908
110.618
109.022
110.497
110.269
110.615
109.444
111.431
111.022
110.913
108.899
107.071
109.166
110.094
109.159
110.371
109.448
110.88
110.475
110.584
111.185
110.809
110.475
111.289
109.315
111.165
109.931
110.059
108.984
108.999
107.376
110.3
109.564
109.244
108.727
110.654
111.698
110.712
109.158
111.592
110.381
108.991
110.704
109.192
110.535
110.755
109.483
109.673
108.214
109.245
109.78
109.58
110.033
109.726
109.596
107.674
109.077
108.643
109.06
110.854
109.107
108.328
109.412
109.717
109.965
108.642
107.734
109.539
110.141
109.794
108.391
110.429
109.461
109.551
109.63
108.446
109.793
110.021
110.31
110.122
108.545
109.164
109.644
108.542
109.222
109.548
109.117
110.261
109.317
109.88
108.793
110.493
110.256
109.328
108.644
109.397
109.236
110.39
109.697
108.658
109.483
109.508
109.511
