0.0637977
0.0609683
0.071998
0.0740611
0.069587
0.0709131
0.0694972
0.074195
0.080019
0.0811611
0.0808369
0.0675956
0.0721293
0.073061
0.0211298
0.0146753
0.013189
0.0083986
0.00696709
0.00554742
0.0204767
0.00991448
0.0115859
0.0210116
0.0204866
0.0169613
0.020775
0.0138812
0.0292945
0.0176265
0.0318275
0.0273537
0.0269967
0.0332323
0.0416551
0.0410084
0.0439786
0.0372906
0.032572
0.0373259
0.0264646
0.0364536
0.0248927
0.0367997
0.03919
0.0505873
0.0370135
0.0466742
0.0424452
0.0452325
0.0287731
0.0463075
0.049294
0.0387996
0.0380253
0.0528643
0.0384576
0.0441217
0.0457449
0.0433015
0.0494094
0.0271305
0.0451203
0.0392833
0.0444229
0.0431331
0.0382507
0.0361456
0.0481456
0.0482111
0.0405915
0.0445232
0.0474394
0.0513908
0.0460117
0.0330038
0.0432735
0.0392533
0.0403642
0.0454828
0.0407096
0.0285845
0.0318543
0.0387531
0.0296159
0.0334464
0.0279577
0.0339125
0.0276741
0.0264316
0.0322915
0.0365947
0.0245871
0.0239138
0.0288211
0.0277265
0.0380763
0.0349093
0.0329592
0.0349058
