2.296
2.48349
2.76458
2.50013
2.46267
2.63379
2.50342
2.68374
2.5115
2.56658
2.58464
2.60149
2.63563
2.64205
2.66335
2.75365
2.72064
2.79043
2.78686
2.80345
2.8107
2.81818
2.82632
2.82632
2.8225
2.82345
2.82449
2.82279
2.82297
2.82105
2.82769
2.8264
2.82632
2.82716
2.82716
2.82216
2.82632
2.82254
2.82265
2.82632
2.82329
2.8269
2.82481
2.82535
2.82397
2.82069
2.81748
2.82769
2.82627
2.82356
2.82397
2.82769
2.82632
2.82069
2.82632
2.82126
2.81094
2.82673
2.82056
2.81705
2.8248
2.82223
2.82397
2.82329
2.82329
2.82069
2.81825
2.82619
2.82147
2.80508
2.82632
2.82468
2.80662
2.8272
2.82354
2.81825
2.81856
2.82397
2.82177
2.82397
2.80803
2.81569
2.80479
2.8137
2.81825
2.82632
2.81564
2.81215
2.82632
2.80953
2.81679
2.81354
2.81132
2.81067
2.77837
2.82339
2.82478
2.79907
2.8249
2.80818
