0.229468
0.216264
0.21863
0.220565
0.210222
0.214426
0.204289
0.200909
0.195398
0.193185
0.206894
0.221504
0.233872
0.235796
0.228018
0.306384
0.250177
0.246751
0.239524
0.260064
0.257407
0.259122
0.243871
0.239395
0.23906
0.24033
0.237274
0.234133
0.233362
0.231091
0.218569
0.225251
0.222933
0.218579
0.224622
0.217648
0.217489
0.215929
0.211228
0.207177
0.207242
0.212979
0.203987
0.20706
0.206941
0.197331
0.195563
0.203676
0.199848
0.199222
0.190801
0.192912
0.191903
0.189836
0.182364
0.181255
0.180777
0.181319
0.178849
0.179582
0.174188
0.173611
0.172798
0.17288
0.171191
0.166624
0.172338
0.170583
0.161008
0.16784
0.16381
0.161264
0.159975
0.157707
0.164582
0.15545
0.157895
0.157138
0.155093
0.154414
0.149734
0.154169
0.149755
0.150813
0.146338
0.148907
0.146392
0.146243
0.14426
0.146072
0.141492
0.145846
0.139483
0.137608
0.141346
0.14074
0.137113
0.144809
0.137696
0.135928
0.133103
0.135951
0.132975
0.133691
0.130063
0.131686
0.129663
0.130745
0.132153
0.130658
0.130594
0.128768
0.124761
0.126675
0.123711
0.126463
0.124652
0.123221
0.12112
0.123759
0.119785
0.120257
0.1183
0.11727
0.120555
0.11741
0.119298
0.116756
0.115269
0.112976
0.11161
0.116139
0.114173
0.11268
0.11181
0.111841
0.111137
0.110453
0.109863
0.107626
0.110988
0.108339
0.108444
0.109161
0.108349
0.105636
0.106005
0.105047
0.107719
0.106613
0.104974
0.105388
0.10569
0.107397
0.105267
0.104203
0.101318
0.10502
0.101358
0.102117
0.105453
0.102669
0.102529
0.102076
0.101879
0.0981839
0.0995653
0.0998308
0.097706
0.100045
0.0981288
0.0971636
0.10157
0.0977735
0.0989045
0.0968416
0.0961049
0.0992392
0.0946262
0.0965776
0.0985653
0.0934837
0.0939817
0.0954514
0.0956457
0.0926013
0.0912044
0.0961834
0.0948044
0.0946161
0.0910891
0.0901196
0.091176
0.0923358
0.0526173
0.016104
0.0163815
0.0149657
0.0152347
0.0153371
