8.58772
8.35075
7.93577
6.84668
6.58746
6.5335
6.55672
6.27232
6.00715
6.17374
6.04815
6.17635
5.96433
6.18802
6.17137
6.53243
6.94252
7.41985
7.74477
8.62528
9.46615
8.81045
8.55204
8.40576
8.45787
7.83024
7.69675
7.62255
7.68872
7.68339
7.42481
7.35377
8.28896
8.44407
7.6386
7.44939
7.5559
7.42153
7.29295
7.26225
7.15488
7.03005
7.01801
6.80946
6.86113
6.87717
6.67765
6.63766
6.71363
6.68014
6.50185
6.44871
6.17056
6.27819
6.33321
6.13687
6.29818
5.89987
6.1328
5.9253
6.02418
5.73936
5.95488
5.9392
5.92964
5.82616
5.58035
5.60235
5.68086
5.59686
5.43681
5.5791
5.52062
5.38552
5.36029
5.2454
5.16404
5.39909
5.25432
5.25753
1.23708
0.396105
0.387792
0.385724
0.377198
0.391556
0.375092
0.375186
0.372607
0.395411
0.373001
0.39303
0.369063
0.39215
0.38192
0.378157
0.388727
0.384104
0.373896
0.365946
0.358776
0.368618
0.358695
0.36223
0.367341
0.376516
0.34597
0.360597
0.357773
0.367939
0.366152
0.36737
0.34633
0.361619
0.350825
0.37354
0.355905
0.363114
0.355101
0.350994
0.34169
0.337653
0.35023
0.340303
0.332461
0.355922
0.350542
0.34733
0.344925
0.332451
0.340727
0.333073
0.350138
0.326816
0.351883
0.339105
0.336802
0.337326
0.326219
0.330855
0.334749
0.33393
0.315887
0.330862
0.33067
0.333996
0.319603
0.330592
0.330157
0.316432
0.334272
0.332985
0.321181
0.316827
0.325351
0.32296
0.317243
0.326737
0.331326
0.330241
0.310651
0.325367
0.308067
0.31867
0.322364
0.305622
0.317608
0.310792
0.299048
0.308892
0.322034
0.311505
0.316903
0.305571
0.312201
0.311626
0.318839
0.312407
0.318393
0.319719
0.307521
0.321845
0.318595
0.307377
0.309847
0.317769
0.294614
0.320114
0.31633
0.304572
0.300359
0.324118
0.309987
0.304606
0.292995
0.323338
0.302625
0.30673
0.310792
0.299619
