1.89216
2.14151
1.94765
1.86166
1.92559
1.98534
2.05102
2.08077
2.11027
2.21522
2.17727
2.23939
2.22177
2.24467
2.22784
2.25359
2.21566
2.18185
2.27294
2.23806
2.21613
2.19094
2.34172
2.22214
2.23037
2.25525
2.25501
2.16924
2.1978
2.15589
2.25104
2.28116
2.25509
2.13262
2.16469
2.17371
2.14312
2.11188
2.1671
2.16854
2.17184
2.07935
2.14485
2.21707
2.12217
2.22424
2.20717
2.13948
2.10528
2.13374
2.1489
2.0878
2.09169
2.00229
2.11962
2.0647
1.89765
1.90739
2.03763
2.01906
1.97602
1.85446
1.83704
1.63489
1.63952
1.70314
1.80119
1.71532
1.73783
1.74914
1.66473
1.67877
1.6419
1.70384
1.7217
1.61375
1.60168
1.65263
1.64987
1.60471
1.61526
1.62547
1.55172
1.55214
1.68218
1.63828
1.52293
1.54243
1.53664
1.52422
1.48671
1.49952
1.50154
1.51975
1.48409
1.45782
1.51298
1.49304
1.47346
1.37717
1.44334
1.45592
1.40297
1.32564
1.38554
1.43004
1.43327
1.37764
1.47468
1.42363
1.32714
1.32387
1.4145
1.37877
1.34838
1.36844
1.38153
1.34212
1.34417
1.33542
1.3292
1.3559
1.416
1.39758
1.39748
1.33266
1.30531
1.306
1.30316
1.29973
1.22843
1.24575
1.25354
1.20527
1.25702
1.25793
1.25177
1.17835
1.17811
1.15964
1.19217
1.15652
1.23491
1.15738
1.14972
1.18018
1.16814
1.13103
1.20619
1.17239
1.2243
1.14272
1.14337
1.19193
1.11709
1.13339
1.12349
1.09389
1.10006
1.15408
1.1252
1.17153
1.11454
1.07394
1.12419
1.12223
1.19399
1.08416
1.08025
1.11397
1.16029
1.08244
1.0841
1.07647
1.05678
1.09348
1.05995
1.06914
1.0369
1.0077
1.07651
1.01783
1.11444
1.03083
1.05763
1.05647
1.06349
0.992754
1.00524
1.00623
0.993141
1.02484
1.01803
0.99973
1.02886
0.987198
0.943452
1.01313
0.941609
1.02856
