11.9027
8.40448
11.0036
10.7768
16.3941
17.0147
9.89741
10.8187
21.4084
17.7557
20.752
11.2097
12.0625
24.2987
15.3653
20.1982
57.843
42.0745
66.4961
57.5631
66.9144
70.8169
130.112
95.9507
94.8022
130.112
111.548
144.773
91.1707
117.276
85.3003
130.302
128.149
129.171
117.88
143.89
120.039
115.052
141.737
148.44
141.181
156.768
130.112
141.181
149.835
149.79
141.349
156.768
135.076
149.79
161.525
156.768
129.162
133.847
150.294
147.213
141.181
156.768
149.79
154.026
141.181
139.937
146.85
139.612
149.79
141.181
149.79
141.181
149.79
161.525
156.454
161.525
141.181
149.79
141.181
163.619
156.768
141.181
161.525
147.344
141.181
156.768
141.181
161.525
142.363
141.181
148.484
148.527
149.79
141.181
162.852
149.79
149.79
161.525
150.122
156.768
162.021
148.484
183.125
164.866
