0.172189
0.128599
0.0890518
0.108915
0.131382
0.134849
0.14961
0.148275
0.155831
0.107618
0.0935966
0.096166
0.0927621
0.0806633
0.0836057
0.0905683
0.0838549
0.0892546
0.0787034
0.0665235
0.0771359
0.0883942
0.0843487
0.095781
0.0769219
0.0712975
0.0673946
0.0721572
0.0681753
0.0576963
0.0666272
0.0617013
0.0730134
0.0622501
0.0596443
0.0800587
0.0593484
0.063436
0.0708536
0.0768084
0.0603505
0.0531783
0.0562826
0.0815716
0.0761843
0.0633079
0.055043
0.0634712
0.0668499
0.0705206
0.060268
0.058727
0.0801018
0.0781898
0.0400937
0.0248182
0.0369923
0.0319123
0.0312345
0.025609
0.018073
0.0240708
0.0357848
0.043591
0.0368003
0.027352
0.0310108
0.0298248
0.0365922
0.0292144
0.0365564
0.0414751
0.0316211
0.0485488
0.0354057
0.0419356
0.0478896
0.054512
0.0435312
0.0482367
0.0367857
0.061736
0.0399882
0.0462819
0.0402824
0.0559003
0.0536225
0.0358145
0.027026
0.0428386
0.0399951
0.047473
0.0419508
0.0344051
0.025036
0.0442527
0.043478
0.0533119
0.0441867
0.0334776
