5.53883
5.93077
7.23229
8.24717
7.22084
8.10365
7.41631
7.6855
8.0432
8.24795
8.25947
8.01191
7.58465
7.25636
2.10168
0.919034
0.903029
0.848564
0.870302
0.838356
0.785508
0.754141
0.722377
0.709451
0.712731
0.718713
0.694652
0.694914
0.69566
0.693149
0.665584
0.665169
0.656237
0.672558
0.664428
0.672583
0.657009
0.671663
0.647658
0.656976
0.627644
0.64312
0.631738
0.633214
0.625763
0.634899
0.611312
0.637476
0.625232
0.618891
0.616858
0.629787
0.612103
0.588076
0.613421
0.592328
0.599481
0.58467
0.571131
0.584617
0.574608
0.594079
0.563532
0.579061
0.541055
0.536987
0.551129
0.524028
0.542455
0.513562
0.519001
0.491965
0.497861
0.513479
0.496658
0.489702
0.507999
0.493763
0.49474
0.490691
0.468115
0.481404
0.489497
0.483905
0.482308
0.473035
0.510051
0.4852
0.476502
0.488753
0.46568
0.469803
0.47238
0.475951
0.464769
0.456915
0.478587
0.468529
0.450293
0.4436
