6.1938
6.96652
5.39385
6.70866
7.44468
6.52931
8.90398
5.01429
10.5061
5.93641
8.05711
8.34339
7.24051
8.58444
5.61147
6.38527
6.70003
9.96613
8.32101
6.91486
7.82647
8.47537
8.18007
6.70308
7.05617
7.48107
7.47312
9.56682
5.94344
8.77617
8.20724
9.07974
7.43775
7.70115
6.95906
11.643
7.17026
7.34863
8.65015
7.14993
7.16215
6.83621
7.73908
8.07438
5.86323
7.27029
5.64714
7.08651
8.43616
6.64334
6.12947
5.6566
7.85857
7.97749
7.28081
6.61287
7.28188
8.02149
5.90713
8.82639
9.95309
7.28188
7.2819
7.28488
6.07764
6.77662
7.17065
7.28188
7.81134
7.28287
7.10689
7.28338
7.83895
8.9439
8.52194
7.56184
7.72712
7.62209
10.0629
10.2897
8.31214
7.81354
7.68694
7.69765
4.65924
9.94074
8.30376
10.8967
5.71802
10.4584
8.00693
6.99376
7.10522
7.46017
7.5365
7.69011
9.8963
10.6695
10.5187
7.2045
