0.970183
0.863639
0.805763
0.174951
0.0444181
0.0453682
0.0481176
0.0485877
0.0425683
0.0126615
0.0113612
0.00956118
0.00962332
0.00841307
0.00721721
0.00588683
0.00557193
0.00569941
0.00342022
0.00128519
0.000479651
0.000452165
0.000462536
0.000429913
0.000514269
0.000808797
0.000947048
0.000862784
0.000753102
0.00120076
0.00130432
0.00129385
0.00115974
0.00139267
0.00137474
0.00163434
0.00140491
0.00151216
0.0013239
0.0013063
0.00129416
0.00112173
0.00112735
0.00123753
0.00113771
0.00114579
0.00131029
0.00136254
0.00123063
0.00130829
0.00131609
0.00126486
0.00124325
0.00142776
0.0013711
0.00136849
0.00133034
0.00141789
0.00140925
0.00141289
0.00156232
0.00153064
0.00149053
0.00159132
0.00166063
0.00167238
0.00162351
0.00159647
0.00156446
0.00150263
0.00163969
0.00160416
0.00170904
0.00166491
0.00169691
0.00161254
0.00184203
0.00182943
0.00175073
0.00179923
0.00171092
0.0017532
0.00171926
0.00166548
0.00182447
0.00163004
0.00171246
0.00195867
0.00179514
0.00188093
0.00181035
0.00177601
0.00172072
0.00176956
0.0018259
0.00180182
0.00178551
0.00174738
0.00179237
0.00207362
0.00178976
0.00194488
0.00202506
0.00213478
0.00208866
0.0021802
0.00205867
0.00209147
0.00229107
0.00244635
0.00224754
0.00229085
0.00227815
0.00209372
0.00234148
0.00229206
0.00245182
0.00225874
0.00244475
0.00255091
0.00251271
0.00247909
0.00250329
0.0023898
0.00248663
0.0023529
0.00266694
0.00277392
0.00262648
0.00270389
0.00256732
0.00273754
0.0027537
0.00285564
0.00285694
0.00270596
0.0027962
0.00296903
0.00281119
0.00284498
0.00304388
0.00278367
0.00279785
0.00310286
0.00296315
0.00293226
0.00291689
0.0029838
0.00280044
0.00289593
0.00308187
0.00312861
0.00297058
0.00321104
0.00319505
0.00302607
0.00323667
0.00313033
0.00306711
0.00308538
0.00309651
0.00316318
0.00320963
0.00326885
0.00309884
0.00340618
0.00348226
0.0030441
0.00320235
0.00350686
0.00326613
0.00315161
0.00324871
0.00335176
0.00355325
0.00335186
0.00324693
0.00337051
0.00336366
0.00335571
0.00347633
0.00357055
0.00357472
0.00348905
0.00375751
0.00336214
0.00349707
0.00349998
0.00366064
0.00360007
0.00357864
0.00376775
0.00336997
0.00375372
0.00365301
0.00374808
0.00372409
0.00362739
0.0036479
0.00375944
