15.665
15.5612
17.654
16.6116
17.2056
14.2613
16.8859
16.612
15.5991
14.2199
15.5347
15.5974
20.1893
14.6832
16.0494
17.2564
15.0157
15.7251
15.3017
15.7761
17.3925
18.2827
16.5608
15.0821
16.3158
16.0224
14.6888
15.4651
17.2754
14.4674
16.286
16.5744
16.1573
15.3086
18.2042
16
17.2189
15.8492
18.5196
17.877
16.119
15.1446
16.6105
16.8996
17.7863
16.3553
16.8494
16.1136
18.0472
17.2186
17.6222
16.3673
16.894
18.318
17.0229
17.6086
17.9567
18.7896
16.5745
16.2486
16.1874
16.2983
16.8557
17.5921
16.8501
18.1596
16.0661
17.1735
16.2623
17.5545
16.7053
16.4554
16.5457
16.2912
16.8939
16.5781
16.5765
16.1977
16.4853
16.6541
17.0034
16.6103
16.7372
16.3081
16.9138
16.7976
17.3173
17.1916
17.1518
17.9585
16.7974
18.193
17.7709
17.1987
17.9192
17.125
16.9082
16.8163
18.2631
17.4243
