140.466
139.704
139.467
139.814
139.89
140.576
140.035
139.74
139.315
139.236
139.984
140.069
139.422
139.917
139.837
139.897
139.819
139.672
140.128
140.318
139.383
139.991
140.256
139.826
139.616
139.92
139.997
138.837
140.796
139.392
139.609
139.526
138.959
139.913
139.254
140.162
139.462
139.948
139.309
139.994
139.254
139.181
139.608
139.545
140.311
140.546
139.257
139.742
139.204
139.826
139.079
139.831
138.972
139.506
138.852
139.122
138.979
139.697
139.415
139.192
140.024
138.759
139.708
139.553
139.571
138.87
138.202
138.69
139.556
138.695
139.669
138.191
138.563
137.559
139.639
139.352
138.018
138.626
137.29
139.118
137.069
139.73
137.98
139.724
137.958
137.639
137.071
136.599
137.332
139.763
137.458
136.934
138.311
138.44
137.441
137.027
137.725
137.551
138.503
137.906
137.385
138.589
138.779
136.335
136.676
137.62
136.885
138.965
137.828
136.404
136.595
136.353
135.564
139.834
137.628
136.469
136.338
137.579
136.668
136.834
137.011
137.128
135.744
135.093
136.922
136.339
136.469
134.251
138.006
136.443
137.94
135.864
135.272
134.374
133.683
135.201
137.104
137.27
134.258
135.799
136.345
136.684
136.601
136.234
135.557
136.604
135.686
135.075
134.76
136.81
136.087
135.281
135.88
136.496
136.651
134.897
135.858
136.96
136.915
133.967
135.317
136.369
134.681
135.355
135.497
135.537
135.78
135.711
136.442
136.118
135.395
136.738
135.024
134.399
134.43
135.786
135.641
136.78
137.314
136.25
137.365
134.213
135.248
135.397
134.121
135.143
136.367
135.477
133.593
135.289
134.843
136.197
135.075
135.144
135.954
135.359
134.243
135.019
135.52
135.717
