0.0148769
0.0301656
0.0447346
0.0603449
0.0748538
0.0906161
   0.1053
 0.121112
 0.136088
 0.151961
 0.167236
 0.183244
 0.198774
 0.214989
 0.230729
 0.247183
 0.263123
  0.27977
 0.295984
  0.31266
 0.329316
 0.345815
 0.362942
 0.379402
 0.396526
 0.413551
 0.430169
  0.44769
 0.464436
 0.481481
 0.498996
 0.515613
   0.5331
 0.550225
 0.567087
 0.584627
 0.601316
 0.618648
 0.635548
 0.652461
 0.669488
 0.686062
 0.703032
 0.719341
 0.736145
 0.752202
 0.768783
 0.784614
 0.800883
 0.816604
 0.832391
 0.848213
  0.86337
 0.879362
 0.894095
 0.909845
 0.924818
 0.939735
 0.955351
 0.969656
 0.985256
