0.474552
0.292701
0.302352
0.303794
0.317935
0.342615
0.354773
0.34416
0.337305
0.331883
0.331817
0.312412
0.249365
0.243156
0.18563
0.17833
0.200428
0.22748
0.207767
0.215533
0.215846
0.228201
0.231233
0.240268
0.234971
0.231859
0.230248
0.219957
0.22746
0.229545
0.237707
0.224225
0.224992
0.226541
0.230728
0.232943
0.220285
0.232261
0.228263
0.227988
0.218695
0.224878
0.221788
0.226568
0.217442
0.228517
0.222728
0.222388
0.230044
0.225888
0.213347
0.224396
0.217699
0.221458
0.209821
0.219772
0.217839
0.21242
0.214225
0.212547
0.21297
0.21959
0.219508
0.213393
0.217792
0.21319
0.215474
0.217532
0.220937
0.215619
0.212944
0.210348
0.215735
0.211048
0.212496
0.220075
0.212078
0.210953
0.215561
0.203442
0.205989
0.212482
0.213039
0.208576
0.212047
0.207186
0.210319
0.206522
0.21353
0.204798
0.206387
0.204041
0.203807
0.209917
0.200714
0.20399
0.205471
0.202268
0.199908
0.20613
0.191226
0.202966
0.197872
0.203597
0.207617
0.201197
0.201494
0.203991
0.201145
0.199839
0.191241
0.207289
0.198383
0.195701
0.196664
0.192293
0.200428
0.196198
0.196937
0.190168
0.198818
0.200233
0.19557
0.196823
0.190863
0.194397
0.202521
0.200589
0.194713
0.186894
0.191049
0.185808
0.181288
0.196498
0.197219
0.187094
0.19174
0.193781
0.187179
0.1888
0.188409
0.19603
0.189039
0.193039
0.188773
0.189415
0.185347
0.187378
0.181503
0.192436
0.187464
0.183011
0.182491
0.180609
0.17981
0.178706
0.186908
0.184554
0.180088
0.179088
0.180577
0.174203
0.179241
0.176694
0.170201
0.176833
0.183333
0.176419
0.180518
0.180681
0.185023
0.184384
0.177838
0.178002
0.171702
0.183471
0.184616
0.171111
0.17518
0.177969
0.174078
0.172102
0.177465
0.177555
0.176766
0.173983
0.179976
0.178354
0.170104
0.175064
0.17999
0.167518
0.179279
0.177514
0.174748
0.177912
0.173997
0.172304
0.173944
0.172659
