15.3083
14.5865
13.6264
12.3038
12.2578
12.2347
18.1702
21.1415
20.139
19.2888
19.4622
19.7566
19.4931
20.0483
19.7105
19.3992
19.3363
19.2879
18.5702
18.6212
18.6063
18.3503
18.2056
17.7802
17.8313
17.6004
16.7868
16.767
17.417
16.9694
16.5031
16.2526
16.2408
16.3257
16.3349
16.0977
16.0684
15.9975
15.5997
15.5351
15.4636
15.3564
15.1278
15.2698
14.9646
14.7779
14.8694
14.3962
14.381
14.3198
13.999
13.6588
13.6214
13.4255
13.2781
13.0319
12.7437
12.7887
12.4443
12.3779
12.0434
11.8136
11.4864
11.5015
10.9558
10.8208
10.7706
10.3799
10.2783
10.3012
9.88787
9.74885
9.63386
9.50292
8.99401
8.86674
8.81264
8.65695
8.47604
8.36139
8.36984
8.33926
8.00337
7.83971
7.76506
7.65498
7.55553
7.44557
7.00775
7.13743
7.23172
7.11072
6.99214
6.66324
6.61048
6.61284
6.54657
6.28395
6.57713
6.3053
