0.0151428
0.0385263
0.0521655
0.0696725
0.0914347
 0.104676
 0.124618
 0.143947
 0.157795
 0.179268
 0.196408
 0.211607
 0.233275
 0.249035
 0.265966
 0.286736
 0.301916
 0.320554
 0.339849
  0.35508
  0.37505
  0.39274
 0.408594
 0.429229
 0.445492
 0.462575
 0.482979
 0.498247
 0.517056
 0.536299
 0.551239
 0.571796
 0.589302
 0.604725
 0.626383
 0.642173
 0.658843
 0.680561
 0.695085
 0.713487
 0.734316
 0.748133
 0.768336
 0.787751
 0.801324
 0.823045
 0.840972
 0.854615
 0.877419
 0.894053
 0.907961
 0.931426
 0.947048
 0.961361
 0.985132
