18.4827
16.0786
17.2098
18.4028
17.6751
17.6806
18.0507
18.1931
18.4988
18.7419
17.2675
17.8001
17.7551
18.3988
17.8028
16.8996
16.6996
16.5696
15.3568
13.6993
12.3148
10.497
8.44094
7.19818
6.50567
5.95915
5.63439
5.86426
6.07926
6.50871
6.21371
5.69527
6.22336
6.12725
6.30684
6.77308
7.0257
6.46621
6.45006
6.7298
6.4569
6.79893
6.51737
6.96887
6.77115
6.89634
7.28813
7.0379
7.79023
7.06028
7.41473
7.19374
7.24887
7.39994
7.41092
7.5017
7.504
7.84265
7.32592
7.69409
7.65105
7.82537
7.81812
7.86321
7.91764
7.59452
7.68137
7.30221
7.80891
7.43232
7.76573
8.09186
7.62267
7.64924
7.71212
7.73341
7.52677
7.66168
7.5527
7.31668
7.32127
7.77025
7.86793
7.44185
7.72998
7.39746
7.82431
7.73521
7.4832
7.74415
7.63078
7.38074
7.59972
7.63474
7.59215
7.45976
7.38535
7.38197
7.3126
6.98238
6.5412
6.92444
7.20417
7.02915
6.86616
6.97768
6.91858
7.02297
7.03632
7.11328
6.79822
6.89567
7.17062
7.05043
6.95793
6.9205
6.82598
6.76208
7.06056
7.11657
6.9264
7.07903
7.1006
7.27021
7.07789
7.34952
7.06812
7.10352
7.24078
6.82214
7.14011
7.0518
6.63639
7.12713
7.04739
6.75294
7.16013
6.69598
7.11471
6.7884
6.88645
6.78432
6.95508
6.90269
6.9695
7.00605
6.88014
6.7033
7.04091
6.58354
6.85472
7.00068
6.76857
6.68843
6.38055
6.68783
6.60807
6.71552
6.80405
6.57522
6.59728
6.57291
6.99022
6.65026
6.76048
6.87556
6.44676
6.74062
6.98885
6.51778
6.55074
6.27921
6.58578
6.5098
6.72461
6.67425
6.63715
6.7029
6.58547
7.01943
6.5847
6.44593
6.55241
6.34629
6.65199
6.46442
6.95038
6.69514
6.58358
6.58824
6.65023
6.51815
6.29354
6.4249
6.86684
6.67394
6.77575
6.75081
6.20843
6.21061
