1.26336
1.33786
1.49634
1.51235
1.43167
1.43791
1.41532
1.27511
0.989137
0.549532
0.218072
0.18163
0.255017
0.315235
0.395601
0.416148
0.415211
0.435759
0.420712
0.440358
0.402629
0.440467
0.321428
0.367792
0.435931
0.442756
0.452783
0.460772
0.4888
0.473939
0.509399
0.503037
0.51841
0.548081
0.497144
0.508076
0.546927
0.505844
0.514724
0.56646
0.518518
0.520848
0.567709
0.553359
0.533963
0.538909
0.559802
0.598068
0.537781
0.568702
0.559141
0.54473
0.57955
0.553701
0.560762
0.54681
0.559702
0.540389
0.522348
0.547069
0.559961
0.566084
0.559421
0.534102
0.577037
0.568476
0.553971
0.569585
0.557906
0.578952
0.543016
0.558443
0.558016
0.574997
0.559215
0.578854
0.582823
0.561465
0.569357
0.545956
0.564674
0.594215
0.570551
0.569656
0.562112
0.562836
0.534891
0.618863
0.550305
0.601721
0.563219
0.528129
0.570566
0.574143
0.568734
0.561413
0.555616
0.573092
0.556293
0.547866
0.570111
0.580557
0.573525
0.553342
0.560461
0.559462
0.573763
0.57883
0.586192
0.564347
0.56836
0.574469
0.576393
0.543273
0.57877
0.592233
0.550286
0.568395
0.588498
0.557607
0.560108
0.583331
0.560381
0.552908
0.579009
0.549814
0.571864
0.564409
0.567341
0.554233
0.557869
0.566935
0.565912
0.540905
0.531581
0.547063
0.554065
0.55276
0.549613
0.560166
0.555019
0.575614
0.554836
0.571602
0.545157
0.558382
0.569549
0.58224
0.560649
0.567959
0.566569
0.559201
0.565423
0.53581
0.587169
0.570625
0.554576
0.570998
0.554416
0.555672
0.581506
0.552848
0.558456
0.561113
0.54685
0.560572
0.566845
0.578947
0.562201
0.570489
0.550886
0.564952
0.562145
0.569484
0.5524
0.558628
0.542562
0.581852
0.552945
0.60176
0.582355
0.549634
0.543477
0.56063
0.552829
0.558411
0.559008
0.560395
0.549748
0.557571
0.553558
0.561284
0.559504
0.576827
0.570519
0.583871
0.541508
0.568287
0.560199
0.567803
