0.0287251
0.00879318
0.00846982
0.00864348
0.00881476
0.00897922
0.00893023
0.00925368
0.00921729
0.00927325
0.00948051
0.00927101
0.00940534
0.00940385
0.00937823
0.0165743
0.00723395
0.0140191
0.011331
0.00913869
0.0134566
0.0251024
0.0129866
0.0267741
0.0127022
0.0166968
0.0185909
0.0168791
0.0312655
0.0148304
0.0167548
0.0229005
0.0166066
0.0129101
0.0169538
0.0128061
0.01906
0.014514
0.0269338
0.0104134
0.0108354
0.0168977
0.0147767
0.0129522
0.0144078
0.0170717
0.0085818
0.00840509
0.00433759
0.017095
0.020923
0.0106924
0.014927
0.0266945
0.0103954
0.0270165
0.0165923
0.0184551
0.0249383
0.0166755
0.010301
0.00796359
0.0162181
0.00573032
0.0118949
0.019964
0.0115289
0.00952535
0.00545378
0.00759219
0.0138473
0.0113729
0.00737743
0.00751346
0.00319747
0.00537639
0.00527237
0.00308405
0.00530413
0.00291745
0.00728418
0.0051198
0.0028654
0.00288146
0.0028601
0.00915447
0.0155991
0.00908537
0.00477563
0.00888799
0.0112601
0.0111433
0.0171007
0.0106595
0.00681553
0.0132545
0.00674113
0.0130789
0.00693355
0.00461809
