0.984381
0.175721
0.162563
0.15283
0.144586
0.146916
0.147311
0.141169
0.151127
0.138598
0.135455
0.135785
0.144952
0.139161
0.140412
0.153637
0.147508
0.153104
0.148149
0.156092
0.156365
0.158176
0.153036
0.164468
0.157861
0.162635
0.161189
0.169314
0.165077
0.166081
0.169069
0.16981
0.17701
0.172814
0.177694
0.178746
0.182075
0.177055
0.17235
0.180606
0.176334
0.179532
0.180986
0.189746
0.181977
0.181772
0.183248
0.185941
0.187164
0.18891
0.180959
0.181837
0.182362
0.185483
0.186195
0.194702
0.182064
0.177459
0.184386
0.17708
0.17582
0.179248
0.17685
0.176755
0.181062
0.185659
0.184908
0.185026
0.180872
0.185904
0.179565
0.180398
0.184593
0.181126
0.185038
0.184035
0.180668
0.17793
0.182573
0.183818
0.182888
0.181626
0.178478
0.185758
0.179808
0.181748
0.180847
0.187471
0.181445
0.182982
0.181001
0.186385
0.184414
0.189173
0.180116
0.186802
0.187771
0.186432
0.189047
0.182284
