1065.11
1037.38
1029.76
1054.51
965.879
973.756
997.844
977.82
971.732
975.399
975.721
971.743
965.867
981.617
985.189
946.897
954.536
946.021
963.874
957.647
951.274
932.447
918.668
935.452
919.17
947.943
924.549
920.101
889.197
919.181
903.84
905.761
874.271
916.131
897.934
881.39
881.943
875.975
842.395
873.025
871.703
898.889
853.584
884.323
884.471
845.905
872.862
843.62
917.122
890.207
876.432
879.697
896.591
912.107
902.376
935.261
910.369
924.19
921.096
954.547
932.99
943.176
915.245
920.851
898.176
904.335
880.38
859.255
877.579
878.124
865.193
862.004
845.721
856.804
831.551
867.384
831.416
829.26
834.9
813.522
792.743
813.884
804.018
799.951
779.281
770.856
762.489
778.194
761.745
744.261
768.618
750.427
746.371
732.903
754.942
751.489
840.073
841.017
813.898
757.057
758.167
734.887
734.228
710.929
702.2
713.85
700.672
714.283
692.542
678.999
672.973
673.444
662.881
666.571
664.008
640.238
647.514
647.53
644.72
631.408
627.225
645.351
629.673
625.574
623.73
612.053
618.361
599.444
596.624
602.307
605.323
601.283
588.727
587.017
598.301
582.238
573.658
574.193
563.85
567.73
568.97
564.722
576.705
565.637
556.025
560.088
542.156
537.722
535.588
541.677
537.781
535.964
528.433
535.674
536.569
516.878
513.402
526.725
519.728
524.956
515.09
495.772
509.135
517.891
519.877
491.939
500.146
492.449
484.394
496.923
486.119
487.807
492.502
478.145
476.595
482.991
476.268
468.068
474.866
471.276
479.872
459.081
459.107
452.883
467.262
453.077
446.781
451.202
452.034
441.767
447.296
436.299
444.494
450.087
441.87
432.81
434.059
428.451
427.001
426.51
