125.865
126.017
126.212
126.096
125.95
126.285
126.197
126.228
126.19
126.162
126.183
125.94
126.249
126.211
126.17
126.057
126.337
126.228
126.286
126.17
125.986
125.883
125.942
126.255
125.936
125.716
125.787
126.04
125.676
126.258
126.205
126.188
125.451
126.269
125.82
125.902
125.922
126.032
126.269
125.869
126.282
125.682
126.052
125.959
125.748
125.46
125.337
126.019
125.731
124.485
125.861
126.292
125.601
125.771
125.943
125.449
125.352
125.726
125.114
124.881
124.799
124.2
125.201
123.474
124.421
126.152
125.104
124.646
125.149
123.621
125.613
124.705
123.99
124.845
123.794
124.636
124.248
124.146
121.497
124.407
123.604
123.497
122.016
122.94
123.172
122.751
124.096
123.752
123.12
124.716
123.079
122.49
123.626
120.702
122.699
124.782
122.697
123.778
124.45
125.524
122.596
123.925
122.674
123.967
123.206
123.882
122.379
121.925
123.051
122.334
122.791
123.335
122.754
123.377
122.96
123.099
121.216
120.761
123.215
124.584
120.873
123.809
121.617
123.188
120.738
120.271
122.717
121.876
121.012
120.729
121.603
121.744
123.6
123.574
125.286
119.74
120.699
121.848
120.415
121.481
119.792
121.093
119.031
120.063
120.663
121.011
121.396
123.211
118.773
121.327
123.025
120.664
119.778
120.598
118.514
121.972
122.381
120.312
121.472
119.355
122.269
118.486
115.079
118.771
119.104
121.766
117.23
120.246
122.174
121.178
119.894
123.387
118.979
119.574
120.349
121.017
119.402
123.083
119.608
121.431
122.824
118.2
122.321
120.069
119.147
121.35
120.055
118.603
120.954
119.021
120.894
117.172
118.583
120.236
120.701
117.966
121.353
121.065
119.091
119.167
