1.19773
0.355296
0.124668
0.117521
0.10869
0.105321
0.105998
0.112092
0.10434
0.107391
0.104265
0.107531
0.113289
0.10623
0.105356
0.109227
0.114872
0.109456
0.107304
0.117938
0.11756
0.122421
0.114398
0.119317
0.117456
0.11184
0.122218
0.124244
0.117211
0.130684
0.121051
0.126752
0.121139
0.132101
0.123958
0.127969
0.124899
0.126241
0.136781
0.127736
0.130528
0.12793
0.132057
0.128438
0.132965
0.127649
0.1281
0.131821
0.127849
0.129356
0.130798
0.129797
0.129955
0.130221
0.130952
0.135277
0.136188
0.136855
0.134599
0.131571
0.137559
0.13755
0.138503
0.139216
0.138062
0.141142
0.144512
0.147302
0.148745
0.142912
0.149113
0.146566
0.148438
0.15128
0.149496
0.152019
0.151715
0.152796
0.157596
0.156847
0.163017
0.164363
0.171018
0.172158
0.17234
0.179548
0.178054
0.188208
0.187718
0.192481
0.199979
0.199458
0.206266
0.215886
0.21806
0.2198
0.23056
0.233818
0.2401
0.24299
