5.02534
5.02689
4.95118
5.02972
5.02255
5.05077
5.03406
5.02502
4.95057
5.04229
5.03933
5.0072
4.90993
5.0243
5.02651
5.0076
5.04982
5.01832
5.0383
5.01475
5.00921
5.02628
5.00159
4.99491
5.01288
5.04976
5.04812
4.95354
4.98893
5.02651
5.00065
4.99259
5.00626
5.02681
5.02932
5.0339
5.05246
5.02937
5.01787
5.02904
5.02119
5.02089
5.03998
5.02661
4.9903
5.04824
5.02249
5.00218
5.03943
5.02695
4.89199
4.94268
5.01936
5.02108
5.01971
4.90896
5.05023
4.91411
5.0251
4.92766
5.01957
5.00224
4.96555
5.02276
4.9525
4.92374
4.96234
4.9525
4.93976
4.89112
4.98469
4.8898
5.01852
4.95955
4.99147
4.91279
4.99163
5.00933
4.96255
4.90584
4.92815
4.88579
4.87526
4.87953
4.96293
4.93205
4.8002
4.875
4.90096
4.94364
4.86269
4.89599
4.93596
4.88651
4.94011
4.95117
4.90687
4.91008
4.88997
4.80374
4.8578
4.81179
4.76378
4.87947
4.76496
4.91946
4.96701
4.84223
4.85053
4.81128
4.93504
4.95614
4.87651
4.98271
4.88584
4.83816
4.98887
4.92693
4.92691
4.79149
4.79382
4.7366
4.8068
4.97796
4.88216
4.76025
4.82866
4.75498
4.80849
4.73901
4.9075
4.82299
4.81208
4.85124
4.80288
4.9021
4.90828
4.8885
4.90499
4.84359
4.92493
4.89062
4.81262
4.88197
4.78631
4.8847
4.83699
4.80863
4.8667
4.80938
4.88232
4.81932
4.88162
4.81122
4.85231
4.87897
4.88704
4.89971
4.82508
4.8162
4.85301
4.91481
4.81206
4.8875
4.78538
4.93515
4.9298
4.82449
4.80763
4.8184
4.79154
4.81709
4.80346
4.75261
4.85551
4.7899
4.91026
4.8232
4.91903
4.76286
4.83454
4.93146
4.88854
4.86731
4.78781
4.81353
4.78893
4.83295
4.91823
4.80679
4.7791
4.85365
4.96776
4.68186
4.75366
4.86347
4.84254
4.79172
4.80155
4.85762
