15.338
15.3684
13.5587
13.8779
14.2197
14.0554
15.3664
13.9098
15.4485
14.2013
13.8979
15.3329
15.4002
15.3746
14.1076
15.5097
14.1961
15.4529
14.2366
15.483
14.1504
15.469
15.3295
15.0125
14.4743
15.4446
15.4807
15.3527
14.5248
13.9633
14.9513
15.1468
14.0203
15.4361
15.3392
13.971
13.8918
15.3677
11.2645
12.0357
11.8447
14.1116
12.9899
12.3189
13.0851
15.2836
13.1799
13.2224
15.0497
15.457
14.8209
14.2076
12.5596
13.7793
15.1722
12.7832
14.7493
13.9631
12.7474
11.1037
10.3164
11.8226
13.3901
9.99869
14.043
9.55821
13.8451
13.964
10.5264
10.8904
14.611
13.5637
10.3679
14.0549
13.2589
10.5006
14.0956
10.3303
14.0615
13.0899
10.8222
10.9043
10.6655
10.0153
13.2487
10.619
12.8327
11.0838
10.7041
14.4715
13.4918
9.79725
10.6955
10.5471
11.285
11.7879
14.0709
12.6155
13.8907
10.8672
12.844
13.6242
13.3609
10.5753
12.5645
10.9726
9.84751
14.0058
10.8972
10.8042
10.6646
12.3166
11.6716
10.6125
12.315
10.4272
10.344
10.7012
12.0875
12.9791
10.1349
10.8601
10.6713
11.0005
10.5889
11.3366
10.4149
11.4667
13.074
12.744
10.7953
15.0573
12.3991
11.0879
10.8441
11.3772
11.499
11.0592
11.0688
12.5272
11.4182
11.5666
11.5661
11.1645
10.0766
12.1314
12.9593
10.6105
10.1249
10.7969
11.0623
13.1141
10.7592
11.294
10.9435
11.5716
10.0636
11.1487
10.8939
11.569
10.7687
12.053
11.6241
12.9892
11.115
12.4803
13.5613
10.8387
11.6854
10.1154
13.9536
12.3604
10.914
10.8137
11.077
12.3736
10.8327
11.0836
12.6946
11.0969
10.4155
11.2458
12.5939
12.3995
11.0466
10.7459
10.736
11.9987
10.8499
10.9604
11.1399
10.7473
12.6243
11.0013
11.0132
10.597
11.1003
11.4802
10.8544
10.8533
