1.79713
1.79302
1.76511
1.79873
1.75851
1.76812
1.99804
1.64138
1.7865
1.6948
1.80149
1.81885
1.78946
1.98006
1.99177
1.77059
1.76598
1.9535
1.63942
1.73141
1.77494
1.76593
1.79107
1.77855
1.75518
1.68499
1.68774
1.63063
1.79376
1.71857
1.47325
1.76616
1.77492
1.81631
1.77304
1.7704
1.78074
1.54551
1.35215
1.47245
1.17968
1.44587
1.62455
1.18612
1.78582
1.36031
1.11776
1.29281
1.12936
1.69846
1.24853
1.22541
1.20427
1.17642
1.1829
1.28734
1.20058
1.37417
1.22048
1.11715
1.19705
1.14405
1.2988
1.2126
1.38806
1.17262
1.34554
1.17129
1.11035
1.14533
1.15214
1.67756
1.15994
1.24326
1.37512
1.24439
1.14452
1.20073
1.1741
1.12074
1.18471
1.1672
1.17192
1.18282
1.14009
1.25727
1.35893
1.12065
1.14856
1.1684
1.14517
1.24506
1.23261
1.13917
1.13826
1.2059
1.1644
1.25752
1.13694
1.21646
1.2088
1.21114
1.25681
1.15308
1.13836
1.23941
1.28707
1.20604
1.24056
1.16638
1.15927
1.19059
1.19809
1.12686
1.19774
1.21276
1.20881
1.1764
1.22861
1.24067
1.16305
1.15783
1.12504
1.20307
1.28547
1.21928
1.19063
1.151
1.16364
1.18008
1.18075
1.17725
1.19121
1.20911
1.17971
1.18601
1.11561
1.14632
1.16363
1.16838
1.24147
1.19116
1.22587
1.19151
1.17351
1.14453
1.21977
1.21827
1.17829
1.23348
1.15315
1.20076
1.1217
1.20376
1.18678
1.2353
1.19497
1.1865
1.17442
1.23753
1.24793
1.23467
1.15145
1.2224
1.193
1.14962
1.24365
1.16694
1.27093
1.31685
1.17032
1.25156
1.16844
1.19674
1.17206
1.14295
1.19358
1.20458
1.1892
1.23105
1.20609
1.18222
1.16305
1.20866
1.20911
1.18838
1.15333
1.2391
1.17929
1.18671
1.25181
1.24157
1.16052
1.1598
1.18638
1.23456
1.14984
1.1127
1.19162
1.29735
