0.21011
0.164207
0.151742
0.106535
0.0283475
0.0234617
0.0229725
0.0264037
0.0221469
0.021126
0.0199661
0.0200292
0.0213111
0.0199667
0.0191543
0.0160931
0.0158498
0.0207696
0.0149167
0.0161185
0.0146885
0.0138441
0.0131861
0.0131677
0.0140813
0.0151303
0.0132568
0.0137157
0.0150713
0.0170056
0.0167309
0.0160139
0.0169209
0.0163783
0.0157076
0.0170211
0.0177722
0.0181976
0.0176335
0.0196307
0.0181497
0.0188553
0.0181192
0.0196267
0.0186166
0.0192845
0.0189543
0.019289
0.0189681
0.019322
0.0194975
0.0188322
0.0196784
0.0189176
0.0191475
0.0191856
0.01871
0.0186747
0.0196388
0.0194835
0.019202
0.0202158
0.01939
0.0208903
0.0206919
0.0207073
0.0209494
0.0202954
0.0205413
0.0197836
0.0207696
0.0202299
0.0226541
0.022408
0.0217055
0.0228282
0.0234683
0.0235553
0.0236757
0.023171
0.0248464
0.0778614
0.0616783
0.028396
0.0262542
0.0266404
0.0263415
0.027834
0.0273725
0.0274024
0.0280027
0.028407
0.028442
0.0298882
0.0298985
0.0302064
0.0300546
0.0309878
0.0312284
0.0301629
0.0323335
0.0318909
0.0302617
0.0305835
0.0327803
0.0328854
0.0324614
0.0327154
0.0338136
0.035536
0.0361376
0.0340709
0.0362445
0.0348056
0.035049
0.0394651
0.0366745
0.0353328
0.038555
0.0368612
0.037529
0.0381436
0.0359952
0.0401333
0.0410632
0.0380434
0.040105
0.0409006
0.0420161
0.0412014
0.0415382
0.0412875
0.0420552
0.0428228
0.0413913
0.0415213
0.0438835
0.0439362
0.0429388
0.0435027
0.0437972
0.0457899
0.0445019
0.0440021
0.0458083
0.0457797
0.0452635
0.0465328
0.0485301
0.0471088
0.0445091
0.0479101
0.0483869
0.0477793
0.0482906
0.0501865
0.0485851
0.0505487
0.0513269
0.0513675
0.0508459
0.0498382
0.048277
0.049918
0.0505559
0.0507756
0.0503
0.0515802
0.051079
0.0513869
0.0599141
0.0568399
0.0549834
0.0528721
0.0528728
0.0538091
0.0553188
0.0554419
0.0563129
0.0545707
0.0540604
0.0567592
0.0581453
0.0558871
0.0560921
0.0576772
0.0572226
0.0552031
0.0627411
0.0597292
0.0615671
0.05932
0.0605084
0.0620401
0.0606015
0.0594095
0.0616495
0.0619622
0.0595491
0.0606949
