0.0108656
0.0200363
0.0301961
0.0416425
0.0514143
0.0611749
0.0729105
0.0835788
0.0934379
  0.10546
  0.11699
 0.127344
 0.140016
 0.152178
 0.163359
 0.177156
 0.189557
 0.202269
 0.217032
 0.229641
 0.244966
 0.259167
 0.274105
  0.29016
  0.30507
 0.322464
 0.337838
 0.356153
 0.372217
 0.391218
 0.408078
 0.427483
 0.445338
 0.464692
 0.483829
 0.502667
 0.523101
 0.541428
 0.562502
 0.581059
 0.601655
 0.621292
 0.640651
 0.661383
 0.679757
 0.700728
 0.719046
 0.739281
 0.758248
 0.777277
 0.796964
 0.814923
 0.834982
 0.852322
 0.872332
 0.889502
 0.909161
 0.926477
 0.945634
 0.963285
   0.9819
