1.3712
1.34675
1.321
1.37913
1.40266
1.42042
1.27613
1.34971
1.4183
1.33794
1.38569
1.4209
1.40567
1.35093
1.41049
1.4074
1.34457
1.36245
1.36255
1.34519
1.35421
1.41176
1.36872
1.39078
1.42854
1.34003
1.36425
1.34405
1.28643
1.38396
1.35347
1.35728
1.3044
1.3947
1.33522
1.28699
1.33745
1.41068
1.33749
1.34385
1.41838
1.43113
1.42668
1.3428
1.39702
1.31485
1.38616
1.34113
1.3357
1.35451
1.46713
1.33703
1.33116
1.31105
1.34773
1.39294
1.32273
1.35294
1.31287
1.38572
1.41525
1.31702
1.30281
1.41121
1.31503
1.34382
1.35519
1.36719
1.41711
1.41009
1.33794
1.37591
1.35621
1.40407
1.32249
1.38651
1.31589
1.33266
1.30875
1.38655
1.35301
1.29398
1.24609
1.32683
1.29939
1.35328
1.25367
1.25312
1.27951
1.26885
1.2278
1.25499
1.35757
1.32647
1.26966
1.22968
1.32818
1.21201
1.37436
1.29823
1.31541
1.28435
1.24651
1.30914
1.39394
1.38958
1.22337
1.43062
1.3128
1.27999
1.28855
1.21641
1.30558
1.33383
1.32063
1.22442
1.24899
1.351
1.25957
1.20186
1.26066
1.19728
1.20936
1.32749
1.23306
1.26169
1.2329
1.28166
1.41759
1.29541
1.25829
1.28459
1.13125
1.2395
1.21828
1.26615
1.29541
1.40002
1.35735
1.30072
1.30324
1.16216
1.32929
1.26285
1.26904
1.18526
1.14963
1.3563
1.31717
1.36017
1.39131
1.34347
1.34182
1.39301
1.29546
1.33557
1.25716
1.32682
1.37652
1.29396
1.27773
1.39782
1.17873
1.3209
1.37126
1.16136
1.38336
1.3682
1.31121
1.37215
1.23277
1.40803
1.15787
1.20732
1.35441
1.27604
1.36661
1.22663
1.17201
1.21994
1.2928
1.15598
1.1677
1.26198
1.29188
1.37902
1.24195
1.37896
1.26122
1.17262
1.31758
1.30087
1.30388
1.23346
1.23201
1.33637
1.21027
1.26109
1.3395
1.24526
