0.00882221
 0.0177845
 0.0269777
 0.0364135
  0.046026
 0.0557067
 0.0653613
 0.0749675
 0.0846059
 0.0944451
  0.104678
  0.115433
  0.126702
   0.13834
  0.150156
  0.162064
  0.174199
  0.186889
  0.200444
   0.21489
  0.229904
  0.245117
  0.260573
   0.27683
  0.294374
  0.312929
  0.331725
  0.350649
  0.370583
  0.391981
  0.413887
  0.435504
   0.45772
  0.481313
  0.505136
  0.528232
  0.551682
  0.576124
  0.600179
  0.623152
  0.646239
  0.669882
  0.692826
  0.714489
  0.735865
  0.757598
  0.778931
  0.799055
   0.81835
  0.837709
  0.857273
  0.876371
  0.894517
  0.912038
  0.929656
  0.947659
  0.965655
  0.983108
