22.1247
17.0582
17.4242
16.4841
16.8291
18.051
17.7668
17.628
16.9292
16.6782
17.6281
18.145
17.224
18.363
18.2427
18.8206
18.7505
18.575
18.282
18.5912
17.9941
18.9286
17.8132
18.1539
18.4753
18.6044
18.4809
19.1154
18.5126
18.6153
18.8668
18.5435
18.5375
18.531
18.4079
18.2669
17.865
17.3138
17.0294
16.9054
16.0139
15.8058
13.9294
12.1639
11.3332
10.3784
8.99173
8.45359
7.58755
7.79717
7.50054
7.91629
8.15022
8.10695
8.02532
8.032
8.14075
7.88439
7.78704
8.29062
7.80359
7.93374
8.06738
7.63466
8.0041
7.70123
7.60404
7.57247
8.13762
7.79588
7.61293
7.49532
7.66787
7.84187
7.84227
7.51729
7.68308
7.74445
7.40954
7.47284
7.65001
7.76297
7.96285
7.30686
7.98845
7.33963
7.6118
7.34975
7.23278
6.50505
6.74907
7.30959
7.52606
7.27458
7.55174
7.59714
7.77734
7.27254
7.30326
7.27677
7.30773
7.61632
7.16499
7.20153
7.23751
7.36894
7.43216
7.29139
7.2873
7.59705
7.05791
7.23492
7.19367
7.70823
7.36297
7.03103
6.94533
7.19001
7.69626
7.44182
7.5496
7.22872
7.33266
7.17343
7.31066
7.41138
7.05637
7.20724
7.07951
7.1034
7.52566
7.56353
7.19434
7.08678
7.06014
7.26782
7.59513
7.48731
7.09778
7.2936
7.18993
7.13921
7.16691
7.588
7.2825
7.39407
7.23997
7.45378
7.45627
6.90504
7.20139
7.11369
7.10639
6.97005
7.13329
7.17909
7.03172
6.99373
7.15096
7.0585
6.81061
7.00739
7.01021
7.03422
6.996
6.95653
6.79055
6.9027
6.80782
7.00995
7.00739
6.74248
6.82374
7.02913
6.6997
6.75764
6.9267
7.15852
6.75932
6.86765
7.11278
6.81443
6.83902
6.61107
6.93952
6.47983
6.59356
6.44416
6.67967
6.75509
6.57996
6.64997
6.67094
6.55593
6.53878
6.80261
6.61032
6.38792
6.93231
6.58512
