43.6735
43.689
43.5687
43.6271
43.6049
43.6171
43.7531
43.5143
43.7181
43.4545
43.6389
43.6678
43.7862
43.6265
43.6936
43.545
43.5638
43.7184
43.6294
43.6744
43.6485
43.6513
43.7227
43.6825
43.3773
43.6784
43.7892
43.6455
43.7217
43.6495
43.7158
43.667
43.6944
43.6705
43.5941
43.6858
43.5467
43.6706
43.4327
43.6309
43.8054
43.526
43.6217
43.6124
43.5344
43.4341
43.4993
43.4286
43.6186
43.6531
43.2576
43.533
43.4159
43.3067
43.617
43.644
43.6552
43.613
43.6338
43.5542
43.5247
43.6072
43.6099
43.6562
43.5814
43.1594
43.174
43.5196
43.6016
43.5919
43.2468
43.5481
43.5109
43.5192
43.2365
43.3556
43.4239
43.3527
43.4602
42.8849
43.4135
43.0672
43.4318
43.5082
43.6728
42.4803
42.8716
43.2076
42.3455
42.3435
42.9828
42.9496
43.0584
43.2163
43.1054
43.2327
42.6454
43.0966
43.0625
42.4855
43.1631
42.893
42.5256
43.4622
43.0836
43.2865
43.0765
42.5684
43.2368
43.2126
42.7497
42.8752
42.6789
43.4602
43.0409
42.9554
43.4739
42.5616
42.575
42.489
43.1111
42.9294
42.5746
42.9205
43.0225
42.5046
43.0044
42.7198
42.9314
42.8593
42.9186
43.1015
43.0341
43.2504
42.7516
43.0534
42.4499
43.2036
42.9671
42.541
42.4999
43.0411
42.8057
42.6279
42.9535
42.5042
42.7659
43.1936
43.3458
43.1857
42.9098
42.5921
42.6968
42.706
42.9379
42.4905
42.6664
42.4586
42.4935
42.8831
42.5581
42.5555
42.4646
42.4404
42.1987
42.4051
42.3904
42.9796
42.997
42.2955
42.9586
43.1136
42.3637
42.2323
42.4545
42.4556
42.0055
42.6622
43.1831
42.3141
42.4525
42.4666
42.7254
42.4763
42.2156
42.4565
42.5107
42.4503
42.9185
42.8921
42.1276
42.4207
41.9294
42.2451
42.4839
42.3182
42.3847
42.3849
41.6467
42.7395
