4.85743
5.97765
5.68355
6.46237
6.23044
6.35416
5.80885
5.67203
5.59161
3.47683
0.828169
0.838474
0.824644
0.783606
0.773562
0.768202
0.72551
0.743022
0.717772
0.702999
0.674702
0.685753
0.680824
0.65313
0.63486
0.639703
0.628511
0.624265
0.609247
0.628032
0.603831
0.58828
0.593031
0.612171
0.576927
0.577059
0.577187
0.577402
0.580517
0.579303
0.561487
0.541154
0.554637
0.544125
0.530125
0.550308
0.552072
0.538123
0.538019
0.542633
0.527427
0.537007
0.52149
0.509925
0.51786
0.51462
0.532777
0.521703
0.534059
0.54054
0.539771
0.542332
0.544606
0.542332
0.550163
0.5603
0.55529
0.548845
0.548283
0.561926
0.557123
0.552103
0.560774
0.576218
0.564965
0.574177
0.565465
0.597066
0.583295
0.591113
0.591043
0.600238
0.597779
0.597922
0.608975
0.629274
0.603355
0.621216
0.606037
0.617178
0.621036
0.612733
0.629021
0.635683
0.630868
0.639559
0.646001
0.64874
0.663703
0.650589
