17.4019
17.4228
17.7119
17.4829
18.5728
16.3388
17.3824
18.5093
16.7014
17.6265
16.625
18.1213
16.2917
18.0887
15.1785
16.771
18.0586
17.1412
16.9761
16.6034
17.1302
16.8908
17.5014
18.2213
16.1105
15.8657
17.7238
17.4391
17.42
16.9437
19.2487
18.8951
19.7899
16.79
17.261
17.9731
18.4993
18.6474
18.8647
18.7978
18.6464
17.88
17.6338
18.2332
19.1042
18.0355
17.9242
17.6503
17.8599
17.7647
17.5746
19.3036
17.7687
17.4174
17.2379
16.8317
17.7889
17.7896
17.4109
17.7196
17.8762
18.0932
17.5383
16.8304
17.5583
17.6814
19.1261
17.9019
17.0837
17.7736
18.0657
17.7263
18.0157
17.6018
18.4459
17.7681
18.0115
19.0633
18.7307
18.0829
18.1914
18.7428
18.2156
18.8725
19.3874
18.1912
18.1804
18.9313
18.27
18.1891
17.8972
19.0191
19.0437
18.5903
18.6249
18.6989
18.3299
18.6208
18.4429
18.4779
