2.12641
2.37213
2.34913
2.67093
3.13391
3.91993
4.76024
5.16365
4.99542
4.83709
4.79329
4.68473
4.78839
4.7685
4.62427
4.59523
4.61416
6.18035
5.79017
5.78124
5.37809
5.08852
5.14221
5.30502
5.31069
5.33566
5.40507
5.30558
5.42494
5.22576
5.19318
5.37551
5.252
5.28079
5.2421
5.19801
5.22002
5.18866
5.28886
5.17866
5.34812
5.17551
5.13097
5.08182
5.13483
5.08425
5.11284
5.01921
4.95018
4.90883
4.97608
4.91773
4.85175
4.7409
4.78275
4.78872
4.73597
4.83033
4.73006
4.63077
4.61732
4.68403
4.5995
4.51842
4.59263
4.51814
4.57738
4.57264
4.57829
4.55412
4.64296
4.6664
4.54616
4.63815
4.64347
4.51186
4.37485
4.49453
4.42263
4.41371
4.30029
4.3745
4.33115
4.33037
4.39423
4.23131
4.25466
4.24349
4.23141
4.18392
4.15149
4.18088
4.12763
4.08045
4.06951
4.07865
4.08878
3.98889
4.07271
4.06914
3.93251
3.96864
3.91766
3.88827
3.92594
3.92187
3.89287
3.89967
3.93446
3.87422
3.91072
3.95117
3.8955
3.88104
3.86012
3.8398
3.68867
3.76427
3.8239
3.84954
3.74148
3.65471
3.62005
3.63951
3.74246
3.53541
3.61407
3.58887
3.51836
3.52822
3.56683
3.52076
3.51383
3.46898
3.4418
3.43919
3.46949
3.45741
3.35111
3.43006
3.24017
3.41468
3.38503
3.40934
3.23702
3.24844
3.24245
3.32481
3.29333
3.23369
3.22309
3.16995
3.26862
3.15161
3.15624
3.12358
3.189
3.07311
3.14423
3.08832
3.04671
3.11883
3.09884
3.06534
3.09752
3.08637
2.91795
2.9199
3.02349
2.89776
2.91039
2.97264
2.95712
2.96255
2.9004
2.88425
2.83763
2.84598
2.9811
2.87799
2.82813
2.83888
2.8662
2.85584
2.85581
2.84045
2.84482
2.78714
2.82043
2.70278
2.7508
2.73392
2.71672
2.68682
2.64666
2.6659
2.70188
2.70218
2.72016
2.64694
