0.365292
0.360891
0.369963
0.355712
0.309668
0.298357
0.308873
0.30552
0.315417
0.305078
0.309081
0.30468
0.2947
0.299741
0.295268
0.301339
0.309551
0.309338
0.319908
0.308485
0.318504
0.317827
0.316592
0.326604
0.317299
0.318014
0.332738
0.317775
0.330888
0.327535
0.329414
0.327649
0.3356
0.316446
0.337475
0.33495
0.338623
0.351686
0.324836
0.33826
0.333497
0.324907
0.32555
0.337588
0.329134
0.335926
0.319208
0.330962
0.330006
0.336823
0.331965
0.3392
0.336684
0.332573
0.333804
0.3397
0.342671
0.342229
0.334778
0.344602
0.34393
0.343244
0.331663
0.341182
0.337762
0.340652
0.324774
0.330801
0.337257
0.326131
0.313812
0.309522
0.328305
0.312705
0.321939
0.314212
0.317501
0.306852
0.29482
0.308249
0.308278
0.309025
0.303492
0.302918
0.298849
0.307045
0.294533
0.289766
0.291982
0.293527
0.293024
0.29549
0.285302
0.298514
0.284491
0.278266
0.281968
0.283502
0.276752
0.280118
