10.1063
10.1372
10.1066
10.0776
10.1122
10.1274
10.0798
10.0368
10.1106
9.99272
10.1033
10.0723
10.0844
10.1056
10.0725
10.1099
10.0833
10.0801
9.99174
10.1091
10.0196
10.1112
10.1397
10.0192
10.1027
10.0356
10.1136
10.0896
10.0319
9.98823
10.1028
10.0396
10.1299
10.0397
9.99003
9.98823
9.99305
10.0362
10.0739
10.1116
10.0936
10.0298
10.0741
10.0409
10.0612
9.99007
9.95465
9.85737
10.0498
9.98926
9.99014
9.96144
9.9269
9.9536
9.99461
9.89291
10.036
9.89135
9.97325
9.98593
9.99049
9.93523
9.92406
9.98872
9.86333
9.90019
9.95
9.86481
9.91646
9.93346
9.97562
9.91871
9.96626
9.982
9.85419
9.89832
9.89785
9.83577
9.92632
9.90739
10.0204
10.0348
9.90028
9.85549
10.0266
9.89208
9.89575
9.85248
9.92296
10.0768
9.75834
9.8438
10.047
9.85383
10.0036
9.97533
9.87546
9.95472
9.87852
9.89294
10.0237
9.7345
9.89051
10.0217
9.88721
10.0381
10.0078
9.92658
10.102
9.96898
10.0678
9.96359
9.96944
10.017
10.0825
10.0758
9.89534
10.0785
10.0134
10.1085
10.1199
10.0966
10.0465
10.0456
9.99848
9.92699
10.0564
10.0694
10.0441
10.0422
10.1165
10.0319
10.0872
10.0056
9.8697
10.044
10.1132
10.1355
9.96481
9.86795
10.137
10.0921
10.123
10.0776
9.99181
10.0594
10.1325
9.82167
10.0459
9.93165
10.0393
9.91299
10.0504
9.98889
10.0202
10.0941
9.80787
9.99508
9.98785
9.94364
9.98521
10.1153
10.0776
10.0232
10.0966
10.0318
10.0777
10.1059
9.95945
10.064
9.90642
9.92208
10.0416
9.92234
9.98288
10.1171
9.94309
9.81028
9.797
9.88121
9.94106
9.95517
9.91632
9.91784
9.79158
9.8653
9.89216
9.97662
10.0415
9.99055
9.84712
10.0804
10.1166
10.0377
9.77441
9.77831
10.0098
10.1009
10.1125
9.95129
