17.1331
15.3085
15.8385
15.9579
15.6078
15.7833
16.6677
16.6405
16.4024
15.7351
15.3582
15.9795
15.4164
15.8577
15.6064
15.2466
15.3811
14.8377
16.0438
14.9427
15.4912
15.0127
15.1815
15.1753
16.0223
16.9965
18.4668
20.7881
23.0413
26.0894
26.0539
23.4548
23.242
22.6602
21.4671
21.7587
21.121
19.6532
19.4921
19.0628
19.1423
18.113
18.096
18.6657
18.0707
17.5841
17.3489
17.7981
17.2567
17.4653
16.9405
17.1839
16.532
17.2418
16.5537
16.4737
16.2696
17.5501
18.7496
17.1783
15.993
16.2499
15.9677
16.2885
16.1099
15.543
15.2678
15.2687
15.5604
15.4567
15.2724
14.9088
14.8177
14.4113
14.8613
14.2711
14.6367
14.1982
14.0399
14.1047
13.6021
13.9441
14.1088
14.0682
13.5676
13.5243
13.1189
13.3455
13.2319
12.9263
13.033
12.9323
12.7951
12.4855
12.3094
12.1309
12.1347
11.9875
12.0989
12.0281
12.1264
12.0491
11.9134
11.4639
11.8303
11.4917
11.6681
11.3078
11.4364
11.6499
11.5926
11.2732
11.3551
11.1898
11.0855
10.9584
10.7274
10.679
10.5976
10.8727
10.4979
10.5515
10.4087
10.2539
10.208
10.5521
10.2136
9.96286
10.1923
10.2813
9.98297
10.0607
9.9837
9.77483
10.0133
9.65398
9.62582
9.74763
9.57117
9.5519
9.50829
9.42781
9.2111
9.27842
9.09018
9.18645
9.40325
9.15303
9.20877
9.16756
8.98728
8.98895
9.07053
8.72548
8.76198
8.77758
8.84809
8.63761
8.56989
8.67444
8.77349
8.35838
8.68748
8.50516
8.28868
8.39214
8.35087
8.21126
8.29898
8.20848
8.3208
7.96631
8.00033
7.99479
8.02668
8.05896
8.01779
8.16255
8.01175
7.93999
7.89905
7.91015
7.86721
7.87396
8.24854
7.71773
7.86076
7.694
7.96812
7.65373
7.822
7.69721
7.81802
7.76783
7.59726
7.62075
7.76857
7.62151
7.53446
7.55414
