1.3002
1.34095
2.0694
2.10403
2.18627
2.18644
2.04855
1.96156
2.02718
2.06109
2.07737
1.97601
2.07179
2.12335
2.14008
2.05014
1.93095
2.09987
2.0744
2.1977
2.17915
2.13948
2.13061
2.16493
2.24911
2.26382
2.26428
2.25899
2.3139
2.33066
2.42245
2.35792
2.35014
2.31106
2.36602
2.32165
2.42599
2.32933
2.31943
2.27603
2.44699
2.38563
2.32127
2.40825
2.44073
2.3531
2.3273
2.33679
2.30785
2.25432
2.32024
2.29962
2.26672
2.26846
2.24832
2.32163
2.26989
2.25455
2.2786
2.27185
2.24373
2.27756
2.27327
2.27065
2.25113
2.307
2.28269
1.73673
0.0524278
0.0362168
0.0353732
0.0347299
0.0357284
0.033837
0.0331668
0.0356736
0.0336943
0.0347004
0.0352327
0.03489
0.0360692
0.0372855
0.0367699
0.0356775
0.0375187
0.0376318
0.0395804
0.0402703
0.0393804
0.038797
0.0380948
0.0425719
0.0410435
0.0401004
0.0426005
0.0427067
0.0438869
0.0427448
0.0428912
0.044877
0.0446251
0.0470526
0.0431706
0.0445922
0.0459724
0.0459681
0.046364
0.0458402
0.0440692
0.0477943
0.0471071
0.0453419
0.046097
0.0468113
0.0457739
0.0488793
0.0499492
0.0451183
0.0462369
0.045998
0.0469634
0.0465845
0.0478589
0.0445157
0.0458636
0.0455493
0.0467548
0.0461788
0.0454296
0.0446443
0.0472783
0.0464718
0.0456596
0.0461718
0.0467456
0.0462489
0.0464706
0.047176
0.0463333
0.0473876
0.0435163
0.0456625
0.0474432
0.0478955
0.0484778
0.048092
0.0476993
0.0472217
0.0486558
0.0486243
0.0484616
0.0495032
0.0466632
0.0474937
0.0499649
0.04899
0.0492185
0.05032
0.0485051
0.0504356
0.0499016
0.0483468
0.0486013
0.0495105
0.0480595
0.0513552
0.0471203
0.0503488
0.0516626
0.0473371
0.04942
0.0505382
0.0501192
0.0493946
0.0498657
0.0490973
0.0489173
0.0511056
0.0493716
0.0507317
0.0495828
0.0488851
0.0469244
0.0497577
0.0504578
0.0513703
0.0518625
0.0510125
0.0522895
0.0517284
0.0520123
0.0501148
0.0519325
0.0508859
0.0503417
0.0525244
0.05167
0.0534328
0.0529477
0.051838
