6.81787
4.79499
5.02087
4.83835
5.26888
4.99666
6.13057
6.05861
6.12332
4.67057
5.57736
5.50043
7.46961
6.19899
4.96228
5.29533
4.89076
5.23774
6.09266
5.20129
6.97876
6.00178
8.88301
7.01884
7.6273
7.32079
7.76934
8.67607
6.59796
7.57716
6.76597
7.8045
6.64527
8.39775
7.60668
6.54297
7.10878
8.09422
7.21925
7.57386
8.89019
7.6889
7.49646
8.66527
6.56878
8.79201
8.01555
8.19566
8.76421
7.20821
7.71913
7.76589
8.48296
9.25059
8.7452
8.77255
8.9349
7.97062
8.27819
8.63783
8.0021
8.80316
8.4933
8.76276
8.43029
9.05807
8.33727
9.43131
9.36068
8.77993
8.12456
8.54838
8.78205
8.57684
8.80767
8.70399
8.85347
8.69743
8.77171
8.62267
9.25394
8.86371
8.70933
8.81487
8.93387
8.81302
8.84489
8.96632
8.87381
9.20209
9.27037
9.18958
9.19336
9.28541
9.31749
9.12304
8.90623
9.06753
9.04041
8.87954
9.12587
9.12953
9.05145
9.06093
8.92011
9.00253
9.10049
9.02966
8.98912
9.17534
9.17573
9.19524
9.0596
9.11774
9.09942
9.09013
9.0088
9.09249
8.85978
9.08811
9.09965
9.02746
9.14919
8.96798
9.04437
8.97994
9.07847
9.15993
9.11732
9.06932
9.22062
9.07793
9.03364
9.18282
9.1824
9.08171
9.01733
9.28846
9.16762
9.01441
9.24107
9.02889
9.0509
9.14414
9.0599
8.96294
8.94946
9.16164
9.16951
9.1819
9.07332
9.09184
9.20834
9.27103
9.17147
9.05646
9.02877
9.17038
9.03491
9.13203
9.10099
9.01382
9.18823
9.18355
9.06907
9.34255
9.1593
9.04863
9.04479
9.11608
9.17489
9.14808
9.08134
9.29145
9.03614
9.1206
9.13047
9.13437
8.94798
9.09318
9.10255
9.01842
9.20664
9.11337
9.06709
9.16707
9.1882
9.10162
9.14226
9.0972
9.19228
9.16137
9.23567
9.04041
9.09368
9.29688
8.97854
9.11728
9.13975
8.96851
