23.1481
23.1169
23.2464
23.2148
23.1922
23.1887
23.1792
23.1554
23.1601
23.1425
23.2317
23.1855
23.2155
23.2035
23.1935
23.2135
23.2382
23.0932
23.224
23.2326
23.1971
23.1802
23.2006
23.1598
23.215
23.1811
23.216
23.1752
23.1168
23.1581
23.192
23.1039
23.1137
23.147
23.1871
23.0903
23.0288
23.0931
23.1764
23.1034
23.0764
23.0894
23.075
23.2272
23.1435
23.1948
23.0286
23.1545
23.0455
23.1826
23.0561
23.1377
23.0465
23.0937
23.1212
22.8414
23.1144
23.1249
23.0816
22.9201
22.9306
22.8698
22.7278
22.6799
23.0274
23.2031
23.165
23.1555
23.0192
23.2407
23.0894
23.1323
23.0209
22.9067
22.9804
23.078
23.0788
23.0943
23.0203
22.9718
22.9946
22.9136
23.0832
23.22
22.9761
22.9163
23.0796
22.9925
22.7929
23.1636
23.0022
22.9381
22.8102
22.9185
23.0073
23.0625
23.0175
23.1809
22.9059
22.7871
22.9485
22.95
23.0799
22.9867
23.0506
22.9589
22.8415
22.858
22.9444
22.9763
22.8912
23.1393
22.8874
23.1176
22.8221
22.9811
23.1029
23.094
23.2002
22.7756
22.9239
22.8398
22.8453
22.9927
23.0106
23.0469
23.0414
22.7948
22.8658
22.9292
22.8109
22.7304
23.0264
22.9699
23.0457
23.0006
23.1536
23.0015
22.7458
22.871
22.8436
23.0395
23.103
22.4752
23.0309
23.162
22.7235
22.9365
22.9986
23.1832
23.1153
22.7617
23.0157
22.9934
23.1658
23.1941
23.0864
22.9027
23.1186
23.2081
22.9991
22.5426
22.899
22.7435
22.7062
22.6026
23.045
23.0534
22.8288
22.7268
23.0113
22.7936
22.6614
23.1425
22.9158
22.6819
23.0752
23.1132
22.9608
22.7025
23.0618
23.0493
23.0974
22.8549
22.8606
23.1246
23.0309
23.0181
23.0711
23.0114
22.9715
22.9225
22.8014
22.8641
22.8578
22.7652
22.9027
22.8546
23.1943
22.9624
