3.0728
2.94844
3.74943
6.50559
6.60569
6.6325
6.85675
6.9605
6.94967
6.5481
6.70197
6.75064
7.06054
7.17976
6.9962
7.36537
7.59806
7.77759
8.24405
7.88939
7.68622
7.29996
7.38683
7.77311
7.73849
7.67648
7.82735
7.61736
7.69099
7.48948
7.4139
7.47016
7.57983
7.83579
7.76136
7.84314
7.88262
7.29572
7.32341
7.21315
7.03137
7.06403
6.81044
7.05399
6.96779
7.19047
6.95764
6.83703
6.79367
6.72193
6.44406
6.4668
6.68497
6.52952
6.36759
6.54098
6.38621
6.37391
6.39036
6.39563
6.2876
6.4044
6.28275
6.18385
6.30754
6.08502
7.85211
6.584
6.11305
5.97176
5.95689
5.89816
5.98475
5.85845
5.83973
5.92132
5.87366
5.79936
5.41491
5.37982
5.59828
5.53441
5.38303
5.34201
5.49522
5.57197
5.55634
5.49155
5.20437
5.36379
5.20346
5.38804
5.29876
5.13177
5.15778
5.05289
5.20397
5.25417
5.04819
5.01713
5.12806
4.89224
4.88891
5.0006
5.00766
4.86224
4.9007
4.86523
4.86052
4.89126
4.85472
4.8795
4.94297
4.82806
4.76859
4.6852
4.59042
4.83712
4.76849
4.7318
4.73948
4.60194
4.5911
4.62239
4.6749
4.61919
4.66628
4.58197
4.51948
4.52016
4.50624
4.45457
4.58542
4.37
4.35314
4.40262
4.44885
4.27857
4.24003
4.25274
4.2004
4.31373
4.12492
4.19478
4.2241
4.16239
4.16187
4.13204
4.11455
4.16542
4.07259
4.134
3.91175
4.00756
3.93116
3.96858
3.95638
3.93021
3.96758
3.91296
3.91617
3.95026
3.94387
3.8205
3.79301
3.81502
3.82339
3.7638
3.70255
3.68144
3.66295
3.78733
3.65411
3.56934
3.6356
3.65836
3.64094
3.73525
3.53214
3.57861
3.592
3.52915
3.48858
3.59275
3.56563
3.59149
3.47676
3.48756
3.4797
3.45667
3.37774
3.48263
3.44697
3.41456
3.43512
3.40234
3.45095
3.35361
3.36831
3.33924
