2.12843
2.12757
1.8931
2.12446
2.05498
2.12851
2.1115
2.064
2.11918
2.10387
2.13589
2.13528
2.12676
2.12867
2.13304
2.12714
2.06775
2.06998
2.13297
2.08943
2.13205
2.09872
2.00174
2.08149
2.13093
2.10539
2.13473
2.06161
1.93682
2.12984
2.13042
2.05099
2.06692
2.11977
2.06104
2.02015
2.12484
2.06671
2.10934
1.87035
2.06541
2.05081
2.04896
2.06973
2.06255
2.06091
1.53243
2.01634
1.84679
2.10718
2.06735
1.90333
2.04634
1.88847
2.1047
2.12536
2.05343
2.06333
2.06058
1.75148
1.74228
2.11525
1.77877
1.85172
1.92109
1.93609
2.05186
1.60027
1.84756
1.87384
2.05718
1.73198
1.6041
2.1241
1.776
2.05883
1.6511
1.65979
1.884
1.66176
1.58552
1.98712
2.05286
1.62363
1.63671
2.05106
1.78129
2.0424
2.06462
1.61264
1.78909
1.62347
1.58792
1.83489
1.62329
1.7704
1.64771
1.57822
1.61784
2.00789
1.60084
1.63418
1.58271
1.74643
1.61966
1.57882
1.76732
1.62498
1.68212
1.60357
1.53207
1.69299
1.60573
1.62154
1.57964
1.57121
1.57498
1.59213
1.59657
1.585
1.6115
1.56424
1.89119
1.58048
1.60834
1.77407
1.6413
1.72022
1.61842
1.61561
1.59639
1.61294
1.60378
1.59339
1.6216
1.61414
1.58567
1.65872
1.63097
1.62278
1.93026
1.60359
1.61121
1.60055
1.58797
1.6382
1.64073
1.64671
1.60497
1.59687
1.65274
1.60752
2.06365
1.60964
1.68141
1.58837
1.60839
1.62792
1.61151
1.64383
1.61024
1.60071
1.98259
2.01983
1.61462
1.84669
2.04199
1.63418
1.60729
1.60017
1.62559
1.60293
1.59659
1.59802
1.63387
1.62082
1.61478
2.04232
1.57244
1.95752
1.64219
1.89113
1.6016
1.60693
1.576
1.57598
1.59507
1.64653
1.59981
1.84879
1.57761
2.07264
1.62225
1.58795
1.58497
1.59439
1.60307
1.59969
1.6456
1.62933
