0.126926
0.0542722
0.0777852
0.104677
0.0327055
0.0267296
0.0107135
0.0144506
0.0116638
0.00566117
0.0133864
0.0133878
0.00723493
0.018512
0.0215213
0.0232327
0.0120443
0.0171934
0.0125415
0.010591
0.01933
0.0164882
0.0188633
0.0155051
0.00813304
0.0240201
0.00888237
0.0149696
0.0127601
0.0246315
0.0113139
0.010301
0.0155008
0.011397
0.0180235
0.0176315
0.0208595
0.0204958
0.0132768
0.0362633
0.0345042
0.02257
0.0234284
0.0370914
0.0234951
0.02537
0.0274235
0.0195816
0.0196957
0.0243512
0.0215498
0.0230749
0.022361
0.0220515
0.0223942
0.0254179
0.0311531
0.0453436
0.0256498
0.0298226
0.0368132
0.0325111
0.0214395
0.0380983
0.0266731
0.0419934
0.0323134
0.0304842
0.0379372
0.0321721
0.0432229
0.0483206
0.0321526
0.0598642
0.0538788
0.0339872
0.0461915
0.0561075
0.0486875
0.0600422
0.0683497
0.0617959
0.0432057
0.0546819
0.040234
0.0620411
0.0599974
0.0604584
0.0615692
0.044738
0.0629298
0.0567824
0.0515374
0.0505694
0.0436588
0.0649497
0.0482279
0.0576525
0.0534456
0.0680265
