4.87877
5.56089
5.37348
6.27363
8.01815
5.90639
8.25826
6.8089
8.23327
8.8544
6.67553
6.26924
5.98151
5.63962
5.92483
6.50679
5.92712
10.5491
7.06064
6.29562
6.92106
9.59957
8.23534
7.14081
7.63342
6.79267
5.70814
6.20486
9.05543
7.80957
7.48576
8.3368
8.23878
6.70118
9.61125
6.68682
7.2251
8.35835
7.24954
8.65515
7.12029
7.70397
7.77301
7.7264
7.07589
9.75373
7.89882
9.81774
9.70345
10.0082
7.49691
8.52826
9.79125
8.58761
10.087
8.43396
8.98838
8.01517
9.55948
9.82253
8.96179
9.81369
10.02
9.0447
9.83411
9.81803
9.82022
9.9456
9.85635
9.83596
9.82803
9.92384
9.85635
9.85635
9.85751
9.83728
10.0071
10.0506
10.0283
9.90312
9.89003
9.82818
9.85635
9.84794
12.1953
9.85635
9.91966
9.85635
9.82794
9.8457
9.82794
9.85635
9.8439
9.82794
9.85635
11.3243
10.9307
9.8913
9.85635
10.433
