10.2898
10.0598
9.31483
9.19162
9.22226
9.51873
9.44526
9.6155
9.23291
9.17534
9.03526
9.2116
9.35438
8.97706
9.2099
9.28069
9.09523
9.07418
8.97038
8.86464
8.99256
8.71762
8.71578
8.757
8.86424
8.65692
9.07108
9.00816
9.4111
9.65158
10.122
10.8039
11.0452
12.4101
14.2597
15.0838
15.7685
15.7088
14.3552
13.4874
13.8821
13.1206
13.452
12.8021
12.76
12.4898
12.2784
12.0354
11.6502
11.7901
11.6865
11.2577
11.1558
10.9417
11.0469
10.9083
11.0534
10.8241
10.7612
10.4504
10.4003
10.2738
10.0891
10.1184
10.4403
9.92073
10.0196
9.91763
9.62794
9.68971
9.66853
9.46901
9.41783
9.30062
9.31815
9.12649
9.47679
9.07673
8.78569
8.9486
8.89218
8.76421
8.76115
8.77128
8.78042
8.56308
8.54945
8.21422
8.46298
8.50418
8.39615
8.25961
8.0683
8.18164
8.36768
7.80597
8.09554
8.03817
7.90007
7.97074
4.17149
0.657626
0.729461
0.770807
0.771736
0.765414
0.74095
0.759629
0.753722
0.766347
0.830838
0.827049
0.794238
0.837279
0.794234
0.829273
0.845077
0.823651
0.829374
0.831176
0.84353
0.808434
0.803861
0.804596
0.798175
0.830193
0.802001
0.776354
0.771019
0.776675
0.796875
0.756175
0.779907
0.766044
0.767579
0.770573
0.809481
0.778476
0.738212
0.749365
0.769817
0.739782
0.762325
0.74852
0.749409
0.757143
0.780652
0.784797
0.74023
0.739148
0.775263
0.735827
0.760781
0.740447
0.740086
0.70435
0.748303
0.754731
0.741787
0.718753
0.733812
0.705112
0.721855
0.725902
0.717852
0.717345
0.728782
0.712121
0.697232
0.698799
0.7058
0.696286
0.715926
0.715963
0.687461
0.709914
0.73147
0.715578
0.710336
0.698804
0.682224
0.694162
0.73892
0.731346
0.695901
0.702865
0.717492
0.697646
0.708117
0.695782
0.691659
0.716646
0.712912
0.692521
0.698504
0.685083
0.739773
0.700191
0.724157
0.712104
