13.583
13.6799
13.3223
13.5846
13.8392
14.3508
13.6721
13.0709
13.4141
14.3055
14.457
13.4679
13.2475
14.2688
13.6468
13.1779
14.0946
14.5333
14.4846
14.712
14.2258
14.487
13.5976
13.2734
14.5093
14.4521
14.7817
14.7906
14.3608
14.6248
14.8319
14.44
14.282
14.7993
14.7584
14.6273
14.6315
14.692
14.6334
14.7563
14.7722
14.5309
14.7274
14.5529
14.614
14.5011
14.8
14.5784
14.6637
14.5273
14.709
14.5124
14.8034
14.7286
14.8208
14.7131
14.66
14.328
14.3084
14.3911
14.7846
14.8534
14.7558
14.7045
14.6586
14.457
14.149
14.2585
14.4266
14.6482
14.6883
13.8614
14.4239
14.3695
14.6119
14.9354
14.4718
14.58
14.2245
14.5001
14.3511
14.3847
14.3894
14.6059
14.7836
13.9827
14.7164
14.3561
14.4521
14.6054
14.5821
14.2749
14.3755
14.1182
14.8555
14.7615
14.7862
14.4286
14.7623
14.4679
14.7987
14.5883
14.5833
14.225
14.273
14.8019
14.2633
14.5693
14.2688
13.6993
14.598
13.6493
14.2547
13.6596
14.3407
14.6054
14.3005
13.9566
14.3367
14.2926
14.5103
14.614
14.3538
14.5138
14.4151
14.3205
14.4534
14.1709
13.6266
13.9799
13.8933
14.1898
14.5158
14.2361
14.2414
13.8374
14.2574
14.706
14.3514
13.6493
14.5779
14.3815
14.5568
14.1946
14.3792
14.5785
14.458
13.8428
14.3975
14.4899
14.8236
14.5708
14.5083
14.4628
14.4324
14.7968
14.6413
14.3464
14.7226
14.0242
14.6107
14.4534
14.3179
14.5416
14.7424
14.3016
14.4461
14.8195
14.5544
14.2809
14.5959
14.4609
14.6646
14.0275
14.1971
14.6592
14.3769
14.3478
14.4273
14.2937
14.5455
14.4995
13.6381
14.7192
14.5994
13.9542
14.0857
14.5611
14.3819
14.4784
14.2088
14.7147
14.6698
14.0001
14.48
14.4819
14.224
14.8105
14.5648
14.838
