2.12344
2.05655
2.08668
2.06583
2.05721
1.94982
2.0985
2.05015
2.07935
2.10221
2.10792
2.12884
2.03919
2.1195
1.99616
2.04553
2.10989
2.05354
2.03063
2.09709
2.00973
2.05362
1.98034
1.89129
2.08525
2.08023
1.9739
2.04378
2.12842
1.99971
2.03765
1.81811
2.0644
2.01943
1.99635
2.04771
1.9579
1.87407
1.58243
1.836
1.90642
2.10749
1.8477
1.87346
2.12512
1.99028
1.87738
1.6135
2.04477
1.82652
1.88689
1.55369
1.64386
1.73211
1.85118
1.5876
1.7033
1.60273
1.60538
1.84156
1.80701
1.55866
1.96129
1.57753
2.10463
1.584
1.6039
1.61133
1.74786
1.57064
1.60512
1.59771
1.61988
1.62879
1.60811
1.60979
1.61422
1.60595
1.60216
1.58334
1.59877
1.60435
1.6063
1.63059
1.59312
1.63093
1.59019
1.59721
1.59445
1.61027
1.58103
1.60026
1.60409
1.59621
1.59332
1.61083
1.69219
1.59385
1.6058
1.58576
1.61402
1.59289
1.62334
1.61948
1.61449
1.59093
1.60055
1.59249
1.5948
1.5855
1.60365
1.62488
1.61507
1.59547
1.63454
1.60358
1.59226
1.61158
1.61131
1.57862
1.61639
1.61522
1.6308
1.58933
1.59358
1.60442
1.60775
1.60388
1.5825
1.59166
1.56165
1.60159
1.57505
1.60749
1.57453
1.60145
1.57305
1.58356
1.60818
1.60632
1.60782
1.61859
1.56432
1.5937
1.60049
1.60931
1.57038
1.57162
1.59831
1.59227
1.62579
1.58421
1.60657
1.58531
1.59916
1.56706
1.61034
1.58072
1.60403
1.61034
1.6042
1.56463
1.62161
1.59555
1.6043
1.57292
1.60966
1.59135
1.57958
1.60354
1.62895
1.5923
1.59425
1.5932
1.60176
1.57651
1.60011
1.54953
1.56026
1.54785
1.60366
1.64768
1.56163
1.63169
1.60723
1.61307
1.59546
1.59739
1.60352
1.60449
1.62009
1.61003
1.59781
1.58642
1.59842
1.59216
1.56739
1.58674
1.57858
1.59157
