1.5345
1.50208
1.61809
1.61919
1.60485
1.55484
1.5558
1.52482
1.52336
1.5859
1.58633
1.52918
1.60303
1.55856
1.55858
1.58166
1.58227
1.56663
1.49471
1.55391
1.58143
1.61482
1.56763
1.64221
1.58232
1.62031
1.60177
1.56289
1.55398
1.5547
1.53524
1.59047
1.59815
1.58909
1.53255
1.57616
1.60954
1.56771
1.61478
1.58599
1.58592
1.74156
1.55617
1.54269
1.63705
1.62834
1.64019
1.78419
1.73648
1.78204
1.80545
1.76155
1.75676
1.80099
1.80233
1.7667
1.78472
1.72939
1.78672
1.78294
1.81128
1.81186
1.78492
1.81848
1.80245
1.8021
1.81168
1.81994
1.80418
1.80404
1.81723
1.81767
1.80305
1.81609
1.80581
1.81577
1.81682
1.80438
1.80909
1.81866
1.80658
1.8193
1.80125
1.81204
1.81515
1.81896
1.8178
1.81773
1.78448
1.81778
1.81878
1.81435
1.81165
1.80775
1.81784
1.81124
1.81711
1.81691
1.81212
1.81259
1.81749
1.81285
1.81914
1.81527
1.82084
1.81271
1.82119
1.81691
1.8142
1.80983
1.81709
1.81662
1.81698
1.81841
1.81759
1.8181
1.81724
1.8173
1.81605
1.82167
1.81629
1.8187
1.8123
1.81721
1.81822
1.81806
1.81798
1.82123
1.81743
1.81933
1.81923
1.81679
1.81757
1.82221
1.8179
1.81857
1.81923
1.81713
1.81776
1.81744
1.81635
1.81871
1.81764
1.81839
1.81604
1.81856
1.81933
1.81651
1.8183
1.81773
1.81795
1.82211
1.82128
1.80364
1.81834
1.81799
1.81837
1.81609
1.81747
1.82037
1.81635
1.81586
1.81881
1.81836
1.81752
1.81915
1.82154
1.82105
1.82207
1.82166
1.82212
1.82114
1.8184
1.81734
1.8219
1.8186
1.81677
1.82181
1.81771
1.81725
1.8188
1.81824
1.81656
1.81624
1.81981
1.81743
1.81798
1.81743
1.81963
1.82156
1.81915
1.81865
1.81694
1.81944
1.81859
1.81713
1.81917
1.82002
1.81945
1.81915
