33.3374
33.6524
31.7262
32.8331
33.7716
32.465
33.125
33.9743
34.8005
32.6707
31.7913
31.7952
31.248
32.2099
31.9353
31.7321
30.6581
30.9613
30.8131
30.195
30.1052
29.3467
29.7723
30.87
29.5165
29.4883
29.1645
30.9337
31.1846
35.5659
39.3362
42.8099
43.5105
42.8139
41.2678
40.7305
41.3031
40.6837
39.1212
38.8614
38.555
37.6025
36.5895
36.6917
36.2397
35.769
33.6713
35.3999
35.0679
34.6091
33.7012
34.0023
33.6388
33.9426
33.0012
32.0584
33.5193
32.2516
32.6698
31.7465
31.5087
32.5479
31.6212
31.2406
32.154
31.2904
32.7247
34.9225
34.0985
32.0982
30.3136
29.3848
29.8908
28.7472
29.0284
29.0352
29.1012
28.893
27.9633
27.7613
3.42817
2.16056
1.98859
1.90118
2.10249
2.13498
2.1279
1.99741
2.10505
2.14166
2.11721
2.08163
2.04477
2.07023
1.97306
2.02836
2.08261
2.13029
1.9718
2.0213
2.00863
2.05076
2.03568
2.10041
2.02432
2.12135
1.93727
2.01071
2.02289
2.05145
1.91399
2.00588
2.02574
2.05871
1.9914
1.91563
1.96934
2.00034
1.94306
2.0712
2.0445
2.00664
2.04146
1.95585
2.01041
1.88992
1.96795
1.94743
1.97656
1.93537
1.88083
1.93686
1.8575
1.9232
1.88523
1.92767
1.87009
1.94709
1.89516
1.87655
1.87393
1.90865
1.88791
1.85402
1.9078
1.75816
1.86394
1.84183
1.84549
1.76434
1.72659
1.79165
1.83457
1.84187
1.77337
1.71281
1.7984
1.75093
1.78992
1.77382
1.8008
1.80956
1.69076
1.76521
1.70063
1.71212
1.81253
1.76659
1.70495
1.78074
1.68361
1.76484
1.82572
1.75271
1.77298
1.6898
1.76242
1.74674
1.74414
1.72607
1.73022
1.68641
1.69724
1.70453
1.63495
1.65716
1.73765
1.77586
1.67084
1.70997
1.68818
1.67491
1.65183
1.70138
1.61092
1.63949
1.61422
1.75973
1.67342
1.62188
