1.35073
1.19767
0.865442
0.227021
0.245795
0.274543
0.292096
0.283635
0.253982
0.241425
0.237266
0.231645
0.224064
0.226918
0.233202
0.235459
0.236327
0.235964
0.253039
0.251869
0.247858
0.253041
0.248706
0.240378
0.253072
0.262453
0.255202
0.26925
0.271045
0.269466
0.276339
0.267174
0.258484
0.259557
0.266719
0.266076
0.275433
0.265017
0.252592
0.260553
0.262453
0.255814
0.256675
0.264614
0.258562
0.254622
0.253622
0.250669
0.256993
0.258767
0.250921
0.268065
0.259869
0.256573
0.248532
0.250094
0.244027
0.251605
0.245522
0.249518
0.25198
0.247586
0.248304
0.25219
0.251812
0.246742
0.23494
0.239635
0.244036
0.24226
0.237886
0.242253
0.237198
0.245412
0.240314
0.249575
0.241143
0.232454
0.244914
0.246516
0.2466
0.23281
0.239224
0.244123
0.241721
0.242441
0.240961
0.246859
0.244789
0.243738
0.236869
0.251133
0.246813
0.248939
0.248444
0.251304
0.258578
0.248095
0.246819
0.250562
