105.482
105.689
105.704
105.486
105.722
105.584
105.593
105.67
105.687
105.411
105.682
105.717
105.683
105.709
105.463
105.69
105.685
105.687
105.704
105.804
105.684
105.667
105.431
105.694
105.586
105.467
105.595
105.712
105.715
105.574
105.408
105.596
105.823
105.485
105.393
105.672
105.084
105.58
105.688
105.619
105.427
105.72
105.523
105.543
105.29
105.366
105.57
105.687
105.561
105.655
105.482
105.469
105.362
105.652
105.543
105.455
105.667
105.223
104.661
105.208
105.575
105.042
105.483
104.988
105.655
105.675
105.343
105.062
104.533
104.302
105.463
105.061
105.237
105.073
104.803
103.75
104.988
104.706
104.571
105.185
103.891
105.466
104.511
103.636
104.361
103.097
103.719
103.596
102.546
102.432
102.852
103.479
105.006
102.175
103.783
103.857
104.169
104.787
104.883
104.324
104.349
103.615
103.97
103.895
103.952
104.297
99.0889
105.571
103.818
103.399
103.419
103.485
104.71
103.552
103.369
104.054
103.995
102.05
102.806
102.909
104.131
104.011
102.14
103.474
104.394
103.484
103.382
102.53
103.928
104.338
103.154
101.91
103.117
101.948
103.566
102.168
103.296
103.984
103.101
102.946
103.881
103.424
102.859
102.193
101.735
104.209
101.674
103.997
102.034
101.524
103.166
104.616
102.69
103.473
101.864
101.509
104.013
102.582
101.503
102.21
101.565
103.22
102.733
103.364
101.157
99.7921
102.054
101.597
102.132
101.967
102.477
101.42
102.46
102.903
102.941
100.816
101.718
101.618
101.002
102.389
102.24
104.695
102.294
101.969
102.785
101.487
102.976
102.64
101.734
102.842
100.901
102.818
102.797
100.818
102.323
102.428
104.093
102.872
104.405
102.942
