0.0088009
0.0176247
0.0264944
0.0354333
0.0444651
0.0536141
0.0629051
0.0723639
0.0820171
0.0918924
 0.102019
 0.112425
 0.123145
 0.134208
  0.14565
 0.157506
  0.16981
   0.1826
 0.195914
 0.209787
 0.224255
 0.239354
 0.255115
 0.271565
 0.288727
 0.306617
 0.325242
 0.344599
 0.364672
 0.385436
 0.406848
 0.428853
 0.451384
  0.47436
 0.497691
  0.52128
 0.545027
 0.568831
 0.592594
 0.616225
 0.639643
 0.662778
 0.685573
 0.707984
 0.729981
 0.751545
 0.772672
 0.793363
 0.813634
 0.833504
    0.853
 0.872154
 0.891003
 0.909585
 0.927942
 0.946117
 0.964155
   0.9821
