0.015104
0.0122305
0.012924
0.0126701
0.012858
0.0138697
0.0143461
0.00804143
0.00451775
0.00232468
0.00248646
0.00348704
0.00315008
0.0034098
0.00354037
0.00295249
0.00278442
0.00333523
0.00277983
0.00277496
0.00250986
0.0024814
0.00275718
0.00285645
0.00239056
0.00241676
0.00228649
0.00204393
0.00192501
0.00219244
0.00194402
0.00181769
0.00180278
0.00166046
0.00185296
0.00177954
0.0017979
0.00174311
0.00180286
0.00162231
0.00186966
0.00184609
0.00175384
0.0018961
0.00213892
0.0020417
0.00188611
0.00222395
0.00229021
0.00213688
0.00231712
0.00227088
0.00230991
0.00256904
0.00246813
0.00235638
0.00230897
0.00247396
0.00233123
0.0024839
0.00266131
0.00266937
0.00254861
0.00259748
0.00245927
0.00266859
0.00279051
0.00295217
0.00280001
0.00302525
0.00290827
0.00294092
0.00290287
0.00287418
0.00295701
0.00282993
0.00281449
0.00273048
0.00272495
0.00279577
0.0028161
0.00280456
0.00277848
0.00283136
0.0028274
0.00303345
0.00284745
0.00283572
0.00292067
0.00275871
0.00298274
0.00299558
0.00284517
0.00275916
0.00291878
0.00295021
0.00292397
0.00308539
0.00294215
0.00300933
0.00301447
0.0029956
0.00308422
0.00299651
0.00307159
0.00303621
0.00293005
0.00293523
0.00300718
0.00302486
0.00292329
0.00301584
0.00304806
0.00301723
0.00326435
0.00313674
0.00320738
0.00301377
0.00314869
0.00314104
0.00314721
0.00314656
0.00303844
0.00313094
0.00290786
0.00307993
0.00317833
0.00307845
0.00324758
0.00320039
0.00296255
0.00307702
0.00302977
0.0029328
0.00300457
0.00288723
0.00301329
0.00304985
0.0030059
0.00294523
0.00299899
0.00297461
0.00299372
0.0028433
0.00293181
0.00293511
0.00292963
0.00316739
0.00289651
0.00312392
0.00292346
0.00302336
0.00306392
0.00291596
0.00298869
0.0030595
0.00294641
0.00302253
0.00306234
0.00309651
0.00316503
0.00289918
0.00295977
0.00301146
0.00320493
0.00290822
0.00295824
0.00301403
0.0030937
0.00295094
0.00279904
0.00293642
0.00312031
0.0029929
0.00299621
0.0028982
0.00291772
0.0029534
0.00303711
0.00283832
0.00271174
0.00288111
0.00276409
0.0029271
0.00270868
0.002976
0.00284301
0.00277808
0.00285819
0.00292667
0.0028776
0.00268795
0.00289048
0.00279014
0.00280265
0.0029635
0.00285636
0.00271605
0.00285159
0.00284735
