10.6886
15.1007
9.76471
10.4546
7.78213
9.75639
9.52094
8.44146
10.3517
11.2419
9.74574
8.30848
10.9601
10.2373
8.96181
8.99946
7.69437
10.0913
9.41121
10.5777
7.89957
8.09685
9.27507
10.2014
7.96637
10.6602
12.01
9.76071
8.69903
8.70732
8.6729
8.47301
11.0847
10.2233
9.54328
14.366
10.6685
11.3965
10.3068
10.7886
10.5342
10.4166
9.37035
10.5402
10.5091
12.7915
11.1219
10.6206
8.91181
10.6783
10.6767
10.698
10.6801
10.7006
10.6953
10.7092
11.9028
10.9497
10.7115
11.1095
10.7126
11.1112
10.7415
12.5776
10.989
10.6791
10.7037
10.7123
12.0508
10.7048
10.9778
10.7053
10.7008
11.0041
10.7139
10.6875
10.705
10.7186
10.72
10.6863
10.7203
11.1974
10.7056
10.7071
10.721
10.6894
10.7182
10.7356
10.7192
11.5742
10.7314
10.7243
10.7062
9.42841
11.1181
10.704
10.6899
10.7102
10.8445
10.695
