0.496535
0.0782941
0.0778174
0.064961
0.0590542
0.0526119
0.0550823
0.0551939
0.0509319
0.0495706
0.0532117
0.0524111
0.0532048
0.0549088
0.0564026
0.0554448
0.0552529
0.0592176
0.0655449
0.0649959
0.0633943
0.0650562
0.0661883
0.0677523
0.0692051
0.0753526
0.0710109
0.0709862
0.0737796
0.0740055
0.0781789
0.0740808
0.0786359
0.0793979
0.0841642
0.0847507
0.0826539
0.084917
0.0867616
0.0842489
0.092337
0.0913801
0.0879186
0.0916672
0.0938389
0.096283
0.0988536
0.1033
0.104268
0.100804
0.111216
0.118909
0.122304
0.121038
0.125051
0.129541
0.134897
0.141464
0.142339
0.144789
0.150431
0.153339
0.156149
0.166383
0.166478
0.172136
0.179124
0.177473
0.186421
0.192922
0.197552
0.199101
0.200961
0.208928
0.212766
0.21593
0.228128
0.23697
0.226516
0.234682
0.243998
0.245647
0.249124
0.256409
0.256135
0.258421
0.263713
0.263451
0.27687
0.280174
0.27936
0.281179
0.282107
0.307284
0.29021
0.288481
0.300351
0.298705
0.296974
0.29576
