158.437
130.144
151.447
151.976
146.967
154.845
144.639
153.618
155.646
148.719
148.364
146.663
145.571
143.951
144.02
144.848
149.787
148.204
152.265
150.743
148.668
153.237
150.863
148.131
150.784
147.496
149.476
144.597
150.574
145.547
152.628
155.755
148.763
151.256
155.648
151.678
154.107
151.032
150.403
149.014
142.681
155.19
146.839
149.191
147.581
147.517
145.793
143.232
149.532
146.177
140.177
142.341
147.745
140.842
145.294
145.029
139.681
145.339
145.878
136.398
136.304
134.966
128.475
118.422
111.27
102.826
89.6144
89.6951
90.391
87.1532
85.1205
96.9929
86.8266
85.4988
87.7473
87.867
87.655
95.4667
87.548
82.8516
88.7467
91.048
89.5698
89.7868
86.7715
85.382
87.1911
83.3866
82.4768
81.7695
81.2236
77.4688
78.1751
77.609
78.0915
79.7749
77.275
76.532
82.4422
75.5445
78.6608
79.2192
82.3527
76.6293
74.8724
78.5684
75.3464
79.1075
78.3806
79.4853
79.7896
81.324
81.4041
79.8178
81.9641
82.0409
81.1947
82.628
79.5044
79.5103
80.3432
76.1292
78.6214
80.3304
80.0367
79.3149
79.5904
81.1676
78.7187
77.098
79.8053
76.9358
79.042
79.6281
74.2734
76.2347
78.5628
75.4057
73.4909
75.428
74.2386
75.4959
75.5644
75.6704
77.0738
76.631
78.7178
72.3564
75.6401
74.4553
74.5479
74.2249
75.6648
71.365
72.4049
69.8898
72.2524
72.1222
73.7005
72.2683
70.1471
72.9745
70.752
70.1411
71.7249
68.0185
71.9249
67.2948
69.911
70.2697
71.9449
69.7182
69.3326
68.735
69.7201
68.9064
69.487
69.3481
66.9108
68.254
65.6304
66.4599
68.5744
66.108
66.785
68.187
69.7954
64.1412
65.0605
63.169
66.1909
65.2537
64.0722
67.1174
66.3494
66.9157
66.223
62.6393
67.0056
66.3704
