125.869
126.179
126.201
125.98
125.878
126.265
126.169
125.974
126.27
126.283
126.103
126.174
126.158
126.149
126.185
126.186
125.863
126.109
126.082
126.109
125.709
126.082
125.992
126.189
125.725
126.131
126.014
126.387
125.966
126.228
126.265
125.774
125.79
126.138
125.684
126.101
126.078
126.138
126.201
125.804
126.142
125.737
126.083
126.069
125.564
125.193
125.263
125.869
125.519
125.943
125.804
125.491
125.039
126.128
125.845
125.458
124.926
125.312
125.843
126.28
124.924
125.948
125.107
126.214
125.003
123.951
125.942
125.99
124.481
124.467
124.935
125.591
126.202
125.731
124.471
124.247
124.412
124.683
125.767
123.617
125.5
124.754
124.209
124.593
124.083
123.379
124.236
122.678
125.287
124.736
122.747
125.248
124.354
124.176
124.233
124.169
123.322
123.64
122.614
123.759
122.732
125.279
125.815
122.046
121.845
122.585
122.828
123.253
123.635
122.579
123.721
122.932
123.651
121.039
123.831
120.454
120.672
121.635
122.775
123.753
122.75
125.622
125.237
122.582
120.683
122.271
123.398
122.908
122.846
120.704
124.655
121.864
123.652
122.381
122.474
121.351
122.057
120.909
122.744
122.537
121.123
122.383
123.061
122.915
123.745
121.643
120.706
122.898
121.253
121.893
123.284
123.178
121.791
122.631
122.23
121.951
123.058
121.849
121.535
122.678
120.162
122.458
120.468
122.904
122.78
121.528
123.572
123.252
119.582
123.546
121.716
123.076
120.942
122.4
118.778
121.247
122.761
122.082
122.426
121.34
122.267
121.965
123.589
121.457
121.419
119.443
119.873
121.076
122.789
120.074
120.419
121.714
120.491
121.427
120.087
120.133
121.233
119.717
122.071
120.451
