0.0168644
0.0341891
0.0520871
0.0702672
 0.088318
 0.106103
 0.123928
 0.142335
 0.161668
 0.181791
 0.202222
 0.222566
 0.242908
 0.263771
 0.285663
   0.3086
 0.332054
  0.35538
 0.378365
 0.401371
 0.424948
 0.449263
 0.473876
 0.498046
 0.521289
 0.543686
   0.5657
 0.587708
 0.609654
 0.631084
  0.65149
  0.67065
 0.688738
 0.706143
 0.723191
 0.739952
  0.75624
  0.77178
 0.786393
 0.800101
 0.813105
 0.825676
 0.838021
 0.850208
 0.862168
 0.873759
 0.884857
 0.895424
 0.905533
 0.915332
 0.924992
 0.934642
 0.944331
 0.954024
 0.963627
 0.973046
 0.982224
 0.991179
