18.2898
18.4108
18.4966
18.5979
18.2863
17.7942
18.5542
18.1508
18.6699
18.6414
18.5876
18.3785
18.5037
18.6289
18.2847
18.6342
18.6319
18.4271
18.4967
18.4994
18.6564
18.5838
18.5816
18.4626
18.1648
18.2319
18.1877
18.5582
18.1776
18.4331
17.821
17.9941
18.0815
17.7186
18.2316
18.1945
18.0836
18.4956
18.112
18.1573
18.6859
18.2315
17.8597
17.6141
18.1084
18.6408
18.5203
18.3858
18.5235
17.926
18.7234
16.9595
17.5408
17.981
16.1239
18.5157
17.5104
17.3075
16.2959
18.1168
18.5671
18.0822
16.7263
16.1454
17.8743
17.6571
17.6283
17.4451
16.147
17.6451
16.3532
16.0223
17.7162
16.1048
18.6112
16.1925
16.9728
16.1667
16.2322
16.219
17.8605
16.0071
16.0794
18.2907
16.5828
16.0126
16.0878
15.9644
15.9364
16.4132
15.9383
17.8128
17.8504
16.3225
15.9001
16.3271
16.254
16.6173
16.2239
16.1024
16.1051
16.2458
17.8251
17.2207
16.1468
17.4963
16.6047
16.7566
16.1309
16.1545
16.5311
16.1107
17.6495
16.3007
17.2855
16.013
16.9265
17.38
16.518
16.1091
16.2051
15.9845
16.1219
16.2257
16.3608
16.7581
17.6945
16.0434
16.2428
15.9217
17.7036
16.0289
16.2604
16.1601
16.1282
16.861
15.8659
15.8278
16.0582
16.2077
17.5247
16.3414
15.7224
16.8721
16.1515
16.1607
16.0251
16.2752
16.3347
16.046
16.2358
16.3742
16.3339
16.7814
15.9327
16.1179
17.4703
15.8541
16.0834
16.3072
16.0723
16.2876
16.1681
16.1463
15.9865
16.4066
16.2893
16.1416
16.5945
16.0599
16.0591
16.3082
16.1414
16.2295
15.9047
16.2625
15.7891
16.8351
16.1939
16.268
16.1276
16.0433
17.534
16.7235
16.5153
16.2648
16.2091
17.3893
16.2348
16.0122
15.6497
15.9796
16.3905
16.4148
16.4336
16.2188
18.1453
16.3453
15.9094
15.9228
