11.6933
11.9973
11.0478
11.1565
10.996
11.3065
11.2288
11.4211
11.9584
11.1565
10.0313
11.5696
10.126
11.3258
11.2662
11.3532
11.6844
10.584
12.0339
11.2035
11.2892
10.1681
11.6052
11.5156
11.0478
12.2676
10.1902
11.1644
11.0345
11.7054
10.1444
10.6428
11.9277
12.0529
12.2653
12.0006
11.7411
12.1888
11.5726
11.5051
11.9739
12.1952
11.1877
11.9473
12.0635
11.4842
11.8969
11.9805
11.0978
11.8549
11.5112
12.2581
12.3078
11.6809
12.014
11.6074
12.1728
12.0351
11.0816
12.0583
11.7002
12.3457
11.0349
10.8081
12.0764
11.9334
11.7313
11.9069
11.9665
12.2684
12.1734
12.029
11.118
11.1727
11.4194
12.1566
12.0643
12.3434
12.2734
12.1272
11.994
12.1616
12.4529
12.3027
11.745
11.132
12.2976
12.3301
12.388
12.3667
11.7874
12.2007
12.3789
12.1855
11.9813
12.1583
12.1267
12.405
12.4403
12.0889
11.6812
12.3722
12.2284
11.84
12.2748
12.3546
12.1567
12.1616
12.4234
11.971
12.3926
12.4221
12.2821
12.4548
12.4907
12.1605
12.1864
11.7875
12.0584
12.0494
12.4335
12.2417
12.5121
12.1059
12.139
12.5125
12.2813
12.3513
12.2638
12.4447
12.1779
12.3208
12.2222
12.4974
12.2674
12.119
12.2251
12.1772
12.0704
12.3521
12.4308
12.655
12.3204
12.3355
12.1444
12.4992
12.4495
12.2709
12.1911
12.6355
12.1979
12.091
12.0907
12.5277
12.4871
12.4858
12.2303
12.4772
12.4403
12.142
12.2111
12.223
11.7197
11.3281
12.0464
12.2096
12.3694
12.4309
12.4848
12.3027
8.06923
7.38104
12.0164
12.4391
12.4355
12.182
12.2309
11.7888
12.2193
12.2056
12.0687
12.4991
12.3865
12.3247
11.9825
12.4549
12.1331
12.1325
12.5042
12.5416
12.4289
12.1284
12.1236
12.348
12.4159
12.443
12.0355
12.5191
12.2495
11.9881
