118.245
100.585
122.899
115.565
118.229
118.753
115.882
113.034
120.395
113.919
120.913
116.149
118.384
120.863
121.218
117.611
124.855
120.713
118.733
115.98
115.497
114.996
118.596
119.591
125.495
121.026
123.159
117.922
121.606
122.913
121.497
117.988
123.42
120.749
116.658
118.601
117.049
122.589
116.716
123.004
122.347
119.744
125.221
115.943
123.024
121.312
121.393
118.919
123.188
117.296
118.275
117.875
116.218
115.698
117.445
117.576
115.938
114.747
116.953
114.195
116.003
119.935
110.889
109.901
110.457
108.514
108.076
105.989
106.553
98.5787
94.1217
90.5355
88.3263
80.8484
75.6943
72.2726
74.0641
66.9402
67.4993
67.5835
67.1006
65.5277
64.8777
64.5861
63.6381
64.4383
66.434
66.0747
65.6087
65.271
65.5397
64.4569
66.2531
66.6277
63.8461
65.9957
61.822
66.0471
64.9873
66.3922
65.7164
66.4002
61.9114
64.6376
64.8527
64.1465
61.7989
66.0737
63.9233
64.8788
65.0769
62.3088
64.4191
64.3421
62.5242
64.9529
63.3087
63.6062
62.653
64.1571
62.713
63.3244
64.1867
64.0681
61.5075
66.1046
62.3097
64.8626
61.6294
65.1193
61.8927
61.7914
64.5201
62.804
61.4454
61.1374
61.0003
60.8887
61.18
60.9929
61.0452
58.8524
59.1194
60.5045
61.0495
57.8616
58.7863
60.2025
59.1438
60.6024
59.0071
59.2887
58.7256
56.8295
58.4874
56.6951
58.126
55.3214
58.1718
58.2267
57.5566
59.0651
56.8477
58.6754
55.5061
55.6234
55.4419
55.5496
55.4312
56.4506
55.2408
56.1788
53.9234
56.7107
55.3733
55.0612
53.3494
54.3532
53.5415
55.1567
54.2524
55.0735
52.6349
55.5506
54.1195
53.6096
52.3665
52.2903
52.7222
55.0959
52.8661
53.2478
52.7163
52.7222
52.3699
51.8872
53.7923
51.1386
50.4322
52.5289
