14.4586
11.4784
11.193
11.8655
11.2643
10.9102
10.4024
11.0102
11.5547
11.3356
11.0508
10.9754
10.1785
6.31719
6.55473
6.36388
6.4015
6.34448
6.36529
6.57177
6.36591
6.39594
3.53611
1.53722
1.55738
1.56867
1.54895
1.57031
1.50205
1.61138
1.56233
1.47197
1.55052
1.49922
1.53241
1.59595
1.50525
1.59628
1.54437
1.53197
1.57785
1.56064
1.48078
1.5216
1.55454
1.52595
1.50337
1.55069
1.57445
1.51365
1.45363
1.50064
1.4779
1.45563
1.51433
1.49533
1.43997
1.45691
1.42412
1.47292
1.47107
1.47048
1.49848
1.46942
1.47696
1.49129
1.47489
1.42735
1.47798
1.44178
1.38689
1.45757
1.43779
1.37194
1.43913
1.42035
1.40299
1.4379
1.4916
1.36913
1.40222
1.4222
1.40626
1.39962
1.41707
1.45533
1.44939
1.42164
1.44449
1.42415
1.36482
1.33691
1.39092
1.41732
1.42756
1.4802
1.3697
1.39391
1.42572
1.33821
1.35467
1.38242
1.41738
1.4224
1.36476
1.45357
1.39755
1.44127
1.44057
1.41206
1.38091
1.42196
1.39084
1.39634
1.44292
1.43362
1.38841
1.36827
1.4569
1.46641
1.38154
1.42376
1.41675
1.40148
1.43229
1.42071
1.38782
1.4178
1.47021
1.47193
1.37897
1.43398
1.41542
1.42229
1.38668
1.4244
1.39173
1.36732
1.40738
1.51507
1.42835
1.48091
1.49346
1.40018
1.44801
1.46007
1.47068
1.434
1.44135
1.41323
1.41835
1.46167
1.48958
1.43531
1.41213
1.45521
1.3857
1.46709
1.41052
1.43872
1.42688
1.49602
1.45857
1.39523
1.42059
1.45276
1.42373
1.47185
1.46561
1.46849
1.39489
1.50997
1.51844
1.48664
1.48309
1.46921
1.47779
1.47905
1.42686
1.51002
1.47311
1.45911
1.50297
1.49169
1.44012
1.49221
1.512
1.50589
1.50164
1.45488
1.48037
1.53913
1.45354
1.53721
1.55714
1.486
1.52617
1.54869
1.48849
1.52657
