0.0310601
0.0430051
0.0547429
0.0433981
0.0397558
0.0425265
0.0462189
0.0474696
0.04472
0.0445707
0.0478373
0.0498861
0.0461801
0.052339
0.0526266
0.0538007
0.0511563
0.0531493
0.055419
0.053544
0.0554946
0.0530745
0.0574935
0.0530294
0.055272
0.059896
0.0571075
0.0619764
0.0600765
0.0624676
0.066211
0.0628632
0.0677729
0.0671246
0.0719389
0.071862
0.0717951
0.0737468
0.0727721
0.0733153
0.0795453
0.0802581
0.0806057
0.0842987
0.087418
0.0853901
0.0877578
0.0874421
0.0874155
0.0896323
0.0899455
0.0913401
0.0897767
0.0948145
0.100419
0.09975
0.102345
0.102386
0.102088
0.112917
0.110187
0.106354
0.107212
0.113124
0.114781
0.118183
0.123637
0.121111
0.122997
0.125153
0.126079
0.124325
0.129819
0.135258
0.135581
0.131439
0.13775
0.134205
0.135376
0.137544
0.143535
0.141391
0.144029
0.143446
0.140284
0.146814
0.145601
0.144139
0.144519
0.149861
0.147826
0.146192
0.148389
0.15072
0.15084
0.152724
0.147736
0.151905
0.155311
0.149382
