0.0634925
0.042843
0.00850268
0.00835898
0.0048584
0.00253319
0.00305898
0.0028209
0.0200475
0.0181265
0.0283478
0.00744533
0.00934363
0.013663
0.011305
0.00925995
0.0095056
0.00495067
0.0200168
0.00937138
0.00733802
0.00747744
0.0138615
0.0117277
0.00747881
0.0138459
0.00751457
0.00548751
0.0117406
0.00963496
0.00556842
0.00341693
0.00538191
0.00546911
0.00538283
0.00754581
0.00527932
0.00540364
0.00742813
0.00949483
0.00526038
0.0051431
0.0096937
0.0142579
0.0114478
0.0186942
0.0231667
0.0227082
0.0199597
0.0244712
0.0199716
0.0140472
0.0157336
0.0144947
0.0114099
0.0155175
0.0231674
0.0107114
0.0220816
0.0292189
0.0202444
0.0270243
0.0267525
0.0233841
0.030465
0.0187049
0.0224937
0.0251188
0.044091
0.0175909
0.0601205
0.029614
0.0290597
0.0383482
0.0483973
0.0314146
0.0472811
0.0419319
0.0369928
0.0444332
0.0362714
0.029745
0.0510531
0.038013
0.047623
0.0397751
0.0441577
0.0518657
0.0527517
0.0396791
0.0645793
0.0710884
0.0675447
0.061035
0.0589684
0.0535163
0.039909
0.0549016
0.0603639
0.051134
