190.39
148.298
173.566
183.62
190.767
188.092
181.226
183.354
191.271
175.387
177.335
177.288
174.132
183.689
182.544
188.421
187
186.689
184.429
182.244
177.351
180.551
182.293
185.861
183.125
174.972
173.292
184.822
183.903
180.902
179.33
178.707
172.973
180.016
173.704
168.57
170.978
155.973
149.665
137.229
116.474
105.788
107.713
93.7982
89.7027
88.1705
81.5982
87.4011
84.772
83.1365
78.9778
81.5756
84.8976
84.9673
76.5164
80.6403
80.4673
78.8842
86.2231
79.6061
76.0954
78.6364
80.321
80.3218
78.6823
77.3456
79.6383
80.7286
79.0282
79.3282
81.9129
83.8002
78.853
82.5646
81.0668
83.5636
81.0938
79.3522
79.8657
81.9744
81.7352
79.9416
65.1909
62.8919
73.7142
71.1292
76.6154
79.7886
80.4553
79.1683
79.0599
82.4247
81.7577
80.5468
80.6394
80.5751
82.5059
82.0357
77.6006
82.069
80.693
79.4013
80.3658
80.3032
78.8004
82.5329
79.684
78.6546
84.3712
77.6395
78.832
81.0473
79.4631
80.8605
80.9247
82.3753
79.4808
76.4869
77.9607
80.8463
77.5051
80.7204
81.4387
78.1964
77.4706
80.4586
78.0229
78.8797
79.8376
77.1507
80.8987
77.5679
79.1412
80.2209
75.2128
79.1709
77.3198
77.5584
78.5156
80.1859
78.7586
77.2146
75.4986
79.0164
77.1145
77.9503
76.997
77.49
78.3672
76.5738
77.1558
77.7599
78.0694
81.1645
75.4726
78.6383
76.2845
76.1433
73.7632
76.5516
75.5178
73.1816
77.8862
73.5864
74.6679
74.8398
74.9922
73.5626
73.1155
74.8341
73.7422
77.3141
77.5108
76.3045
77.0451
76.5776
74.7437
74.4555
74.3714
74.0134
76.6576
75.5858
75.3338
76.1859
74.7242
74.9141
74.8914
74.3908
74.9154
75.9724
72.5405
72.0254
73.2073
71.5734
67.3581
71.833
72.3104
70.9154
68.5402
71.7895
