0.0229791
0.0196728
0.0200835
0.0208572
0.0207414
0.0212527
0.0203051
0.0158194
0.0104635
0.00904712
0.00853811
0.00491325
0.00644414
0.00666924
0.00746866
0.00770708
0.00739917
0.00616338
0.00738557
0.00624138
0.00637659
0.0060028
0.00658909
0.00671738
0.00680002
0.00602884
0.00638751
0.00651333
0.00678573
0.00673692
0.00661012
0.00686875
0.00652051
0.00697612
0.00702808
0.00573385
0.00365236
0.00557823
0.00439383
0.0057304
0.00537274
0.00558417
0.00556775
0.00567115
0.00586848
0.00570677
0.00533624
0.00573074
0.00596733
0.00537633
0.00538592
0.00523038
0.00572426
0.00570413
0.00581579
0.00603877
0.00559282
0.00550191
0.00576721
0.00582248
0.0053578
0.00558094
0.00561622
0.00571661
0.00562097
0.00589228
0.00590814
0.0061554
0.00584825
0.00567576
0.00602789
0.00583599
0.00614279
0.00598156
0.0059643
0.0058267
0.00612747
0.00578149
0.00583662
0.00588093
0.00608005
0.00602484
0.00614938
0.00614083
0.00610224
0.00598324
0.0063809
0.00592818
0.0061331
0.00619271
0.00617613
0.00640628
0.00632236
0.00593981
0.00643076
0.00615378
0.00632147
0.00640177
0.00640523
0.00660071
0.00676853
0.00668353
0.00646576
0.00675118
0.00650205
0.00627108
0.00673952
0.00649127
0.00643315
0.0064433
0.00639488
0.0065582
0.00671685
0.00651957
0.00631825
0.00670277
0.00679409
0.00664735
0.00668468
0.00689411
0.00670175
0.00681794
0.00690878
0.00679377
0.0069409
0.00672449
0.00675098
0.00695892
0.00713674
0.00719865
0.00716685
0.00748061
0.00714342
0.00694226
0.00707578
0.0071131
0.00698255
0.00725671
0.00700635
0.00716648
0.006884
0.00693518
0.00694609
0.00709438
0.00733111
0.00669253
0.00714812
0.00722972
0.00722817
0.00727293
0.00764837
0.0074664
0.00728092
0.00700963
0.00704584
0.00724824
0.00700738
0.00692372
0.00722358
0.00754715
0.00723988
0.0073303
0.00710707
0.00705681
0.00719701
0.00734897
0.00742573
0.0071398
0.00686494
0.00745231
0.007467
0.00740465
0.00750874
0.00739859
0.0074958
0.00737469
0.00721353
0.00726555
0.00748925
0.00699057
0.00760593
0.00740617
0.00747113
0.00733907
0.00735152
0.00721339
0.00717191
0.00741106
0.00731938
0.00710035
0.00755176
0.00697727
0.0072521
0.00748264
0.00722676
0.00750589
0.00786309
0.00764816
0.00745436
0.00765743
