10.1033
10.5924
10.8126
10.6546
10.8865
10.7509
10.8838
10.7735
11.2593
11.1487
11.211
10.9622
11.0611
11.1069
10.5297
11.1872
10.8294
10.717
11.3271
11.3988
11.3121
11.1177
11.3148
11.2216
10.7799
10.5079
11.1118
11.1722
10.8676
10.7887
11.2081
10.7545
11.1149
10.719
10.6017
10.8301
11.0921
10.9544
11.1036
11.2011
10.6028
11.2276
11.3577
10.7826
11.286
10.7335
10.8043
11.1763
11.2306
11.0782
10.4601
11.2093
11.0636
11.1459
10.9387
11.2358
10.8281
11.2323
11.0273
10.6414
11.1919
11.1622
10.671
11.1397
10.7673
11.1779
10.6854
10.7972
11.2463
10.7067
11.2412
10.863
11.3529
10.8762
10.8417
11.1707
11.1666
10.8434
10.985
11.2545
11.3298
11.2572
10.9856
10.7997
11.1706
11.3587
10.6967
11.3112
11.3417
11.2843
11.3554
11.081
10.7157
10.7989
11.3529
11.2436
10.8564
11.2027
11.3073
11.2467
10.7247
11.0871
11.3282
11.2151
11.2035
10.6834
10.7444
11.2582
11.1812
11.2386
10.9002
11.3257
11.1185
11.1559
11.1982
11.1533
10.8175
10.7575
11.1605
10.7726
11.135
11.2567
11.1331
11.4367
11.1427
11.1238
10.8662
10.8656
11.0421
11.2145
11.3232
10.734
11.1107
11.0502
11.3261
10.7384
10.7958
11.1126
11.1288
10.8125
10.8006
11.3722
11.197
10.9801
11.3845
11.2251
10.9678
11.1229
11.0803
10.8368
10.8254
10.8941
10.9799
11.1191
10.8669
11.3016
11.0329
10.7057
10.4725
10.9107
10.7705
11.0027
11.0779
10.8831
10.7069
10.9015
10.8067
10.8589
11.1513
11.2569
10.7525
10.9049
11.1176
10.9865
11.2541
10.6815
11.2953
11.1198
11.0202
10.8097
10.6374
11.2454
10.8818
10.9008
11.212
10.9404
10.8433
10.7816
10.6639
11.1619
11.2852
10.8985
11.0608
10.8654
10.7716
10.8593
10.8743
11.3341
10.9579
10.6778
