43.4677
43.4527
43.7844
43.6875
43.6452
43.5752
43.493
43.4795
43.4751
43.5098
43.5928
43.5516
43.4818
43.5232
43.7062
43.4819
43.702
43.559
43.5936
43.4442
43.4834
43.7837
43.5924
43.7845
43.5418
43.6892
43.8046
43.8563
43.5999
43.5666
43.6478
43.6268
43.687
43.5773
43.6926
43.5725
43.5791
43.5366
43.4711
43.6027
43.4487
43.5257
43.4944
43.7408
43.7264
43.5932
43.7818
43.4772
43.6347
43.7838
43.637
43.7827
43.6144
43.7399
43.6309
43.5235
43.7431
43.5175
43.4503
43.4082
43.6487
43.8737
43.5295
43.8157
43.4963
43.7055
43.4269
43.6148
43.5666
43.8536
43.5641
43.5416
43.3399
42.541
43.2328
42.6769
43.5205
43.3045
43.0378
42.4539
43.1666
43.21
43.4705
42.5617
42.7738
42.9373
43.5319
42.7572
43.5235
43.3941
42.7503
43.241
43.114
42.8611
43.2481
41.946
42.5254
43.0367
43.0473
42.8351
42.9008
43.2542
42.8284
42.7819
42.1525
43.0594
42.892
42.6682
42.8178
42.7275
42.7535
42.9694
43.2742
43.3894
42.9057
42.827
42.5882
43.2348
43.0982
42.6652
42.0789
42.3536
42.9468
42.7383
43.5134
43.3082
43.1757
42.5835
42.4333
43.6584
42.677
43.7203
43.7553
43.4769
42.8575
43.7625
43.2793
42.6817
43.2051
43.6802
43.3831
43.1898
43.0211
42.835
43.34
43.2899
42.7746
43.6225
43.9009
42.4032
43.846
43.5403
43.7542
42.6639
42.7593
43.1517
42.7322
42.9956
43.8834
44.0036
43.6879
43.9756
43.8443
42.5035
42.9888
43.3099
43.0743
43.6249
43.9351
42.3451
43.8383
43.8842
43.552
43.8327
43.7156
43.8012
43.3902
43.0779
43.414
43.9094
43.5312
43.6942
43.9667
42.8101
43.5709
43.4342
42.462
43.0873
43.7078
43.8713
43.8119
43.1642
43.1894
43.649
42.5348
43.7938
42.8177
43.0422
41.9967
43.3181
