34.8106
35.6344
39.2989
41.2513
46.5441
48.2671
48.3279
47.3607
48.5894
48.1883
45.2161
48.1982
46.4845
47.5457
48.6266
49.6338
48.4326
49.0535
47.9814
47.8924
49.0751
48.1692
48.2993
48.35
48.1001
48.8712
49.8731
48.7871
48.5693
49.1387
48.8842
48.2418
48.4057
49.0221
49.5602
48.7887
46.4486
47.1938
44.854
44.3785
40.1839
34.7163
32.5006
29.1041
23.1874
22.0408
20.2585
19.8474
19.8391
18.9963
19.7367
19.5763
20.6822
20.4765
20.227
19.9214
19.8611
19.5459
19.2065
19.0557
18.6298
18.6765
14.8731
11.1981
13.8626
16.0053
15.376
17.3486
15.9336
15.8851
16.1491
16.3334
17.2819
17.0135
17.1925
16.8857
17.8403
18.1262
17.8188
17.9886
18.5549
19.1532
18.4698
18.5679
19.1148
19.1912
18.8334
18.6936
19.6106
19.3643
18.8708
19.4196
19.1763
19.5849
19.2619
19.8013
19.7525
19.1547
19.5784
19.5937
19.5409
19.1878
19.6907
18.5925
19.3223
19.6258
19.838
19.6406
19.1355
19.8724
19.6797
19.5297
18.9237
19.4408
19.5418
19.9771
19.3973
18.7957
18.7096
19.4273
19.8897
19.9848
19.985
19.4277
19.0812
19.6541
19.1929
18.4261
19.0748
19.4171
19.8692
19.6107
19.2693
18.7302
19.1286
19.2569
18.8766
18.7845
19.2667
19.2415
20.1234
18.8509
18.8147
19.0124
19.3617
18.8636
17.6102
19.0549
19.5726
19.4991
20.305
17.9703
18.3453
19.2854
19.1512
19.7456
18.7337
18.9276
19.3372
18.7994
18.667
18.2311
18.8036
18.2803
18.0006
18.5208
18.918
18.9865
19.1762
18.2538
18.0515
18.7555
18.0936
18.4248
18.8617
17.8026
18.4106
18.0249
18.7286
18.7923
16.844
18.1751
18.0167
17.8498
17.9611
17.4187
17.2161
16.9322
17.4884
17.7624
18.1233
18.0662
17.8656
17.8135
17.2103
17.8775
17.7345
17.622
17.0233
17.4358
