70.7539
70.3331
70.4008
70.9629
70.7804
70.8973
70.5813
71.0919
70.7901
70.4883
70.9951
70.9693
71.0498
70.781
70.8994
71.2663
70.8548
71.0158
70.6753
70.6677
70.808
70.5208
71.1421
70.1332
70.3146
70.9687
71.0293
70.9355
70.6483
70.7561
70.7153
70.8252
70.7135
71.0465
70.8495
70.6153
70.5631
70.7872
70.1439
70.8129
70.2426
70.9086
70.5415
71.2287
70.6456
70.1244
70.2892
70.1324
70.4029
70.5215
70.3416
70.3943
70.6842
70.8007
70.6829
70.1932
69.9009
70.2678
70.8079
70.2659
70.2326
69.6522
69.7096
69.7311
70.3421
69.709
69.6363
68.9276
68.9769
69.5625
70.1834
69.5156
70.1397
69.2847
69.9021
69.4555
69.1343
69.2301
69.6895
68.9366
69.1852
69.8087
70.2021
69.7155
69.8751
69.58
69.853
69.34
70.6423
69.7233
69.4448
69.2658
69.8684
68.9818
69.8924
69.5269
69.8325
69.5251
70.0137
69.743
69.2491
69.4199
69.9508
69.5089
68.9586
69.8674
68.905
69.498
70.0689
69.8973
68.0619
69.9301
69.5942
70.3665
68.3313
68.1782
69.4634
69.5046
68.8535
68.9857
67.7311
69.8488
69.4702
68.6293
70.1868
69.4902
69.2382
68.8701
69.1682
69.5624
68.4682
69.4066
67.5873
68.1221
67.9212
68.3486
67.1125
69.3964
68.0896
69.3487
69.3864
69.2108
68.8601
69.613
68.9258
68.5072
68.9425
68.8122
68.8222
68.5943
68.953
66.8499
69.4644
69.0184
68.2112
68.3299
68.3869
69.4284
69.0543
68.6484
69.2401
68.5974
68.4377
67.5682
67.7452
68.9159
67.9562
68.038
67.9401
68.5135
67.0224
69.8004
67.8037
68.4124
68.9641
68.0036
68.0863
68.8522
69.5601
68.6393
69.4868
70.0574
67.952
68.8266
68.05
67.7904
68.4955
68.4214
67.893
67.58
68.9053
68.8617
68.4328
68.874
68.2996
68.9033
68.8546
68.2965
67.119
67.6421
