0.0119227
 0.040372
0.0560417
0.0662084
0.0902124
 0.111723
 0.121619
 0.139431
 0.166548
 0.177565
 0.190713
 0.219752
 0.233647
 0.244316
 0.270521
 0.289521
 0.299364
 0.319605
 0.344763
  0.35515
 0.369885
 0.398726
 0.411219
 0.422651
 0.450522
  0.46722
 0.477224
      0.5
 0.522776
  0.53278
 0.549478
 0.577349
 0.588781
 0.601274
 0.630115
  0.64485
 0.655237
 0.680395
 0.700636
 0.710479
 0.729479
 0.755684
 0.766353
 0.780248
 0.809287
 0.822435
 0.833452
 0.860569
 0.878381
 0.888277
 0.909788
 0.933792
 0.943958
 0.959628
 0.988077
