5.47422
6.04198
7.79892
8.32556
8.60287
8.96683
8.46631
8.2261
8.55341
8.69955
8.8831
8.94932
8.63559
8.58877
8.72363
8.97018
8.75212
8.85304
8.76322
8.52073
8.49566
8.43337
8.32153
7.87914
7.54426
7.30466
6.2837
4.69519
3.79297
2.92368
2.88686
2.74841
2.76066
2.80535
2.83136
2.87972
2.86382
2.98028
3.02218
2.98711
3.24022
3.25849
3.29189
3.54137
3.42153
3.28626
3.33085
3.47796
3.24073
3.32181
3.33414
3.46346
3.41946
3.37357
3.47006
3.32279
3.3655
3.4711
3.5187
3.51164
3.42909
3.29455
3.42759
3.50089
3.37182
3.49605
3.46282
3.63286
3.57961
3.69768
3.49384
3.66748
3.69523
3.65678
3.53545
3.66022
3.53986
3.61121
3.57626
3.44331
3.41887
3.31784
2.86916
3.04164
3.21697
3.42462
3.40807
3.41819
3.26347
3.19154
3.38057
3.31632
3.40423
3.23057
3.15448
3.26835
3.38526
3.43665
3.26455
3.53326
3.41385
3.33571
3.31366
3.48677
3.28123
3.2364
3.47812
3.38468
3.41229
3.28515
3.40398
3.2863
3.40668
3.36198
3.43815
3.40522
3.2295
3.45844
3.38487
3.35343
3.39915
3.3882
3.32225
3.24977
3.29541
3.29979
3.47553
3.29704
3.40592
3.57203
3.20983
3.31887
3.31641
3.26949
3.38787
3.35518
3.2954
3.3217
3.291
3.43774
3.3228
3.4171
3.3547
3.38587
3.18923
3.162
3.29596
3.19895
3.17914
3.23435
3.23433
3.11156
3.18989
3.21472
3.30021
3.22493
3.37646
3.15443
3.20807
3.00417
3.11389
3.21454
3.16499
3.22654
3.2168
3.13044
3.14364
3.26878
3.18852
3.09583
3.21954
3.14917
3.26153
3.07568
2.98532
3.17538
3.20024
3.10676
3.22136
3.10321
3.12507
3.24108
3.12282
3.12061
3.14618
3.17412
3.2792
3.15572
3.09154
3.00358
3.10311
3.07968
3.14001
3.02379
3.15419
3.19868
3.09221
3.09047
3.00139
3.015
