0.832686
0.943032
0.958326
0.902837
0.982343
1.00984
0.745521
0.555571
0.49385
0.440246
0.469251
0.507206
0.498348
0.575058
0.553142
0.591564
0.566105
0.565995
0.562656
0.580713
0.60556
0.602293
0.568114
0.546002
0.548945
0.524261
0.571228
0.603384
0.676145
0.628461
0.617015
0.61736
0.628511
0.647024
0.618171
0.612404
0.689279
0.648001
0.700917
0.668877
0.67977
0.665295
0.664468
0.654297
0.667472
0.64233
0.652635
0.612064
0.635911
0.660881
0.659394
0.595407
0.636823
0.607597
0.607651
0.61575
0.615237
0.574854
0.59042
0.585989
0.608182
0.610852
0.610843
0.593151
0.631398
0.626233
0.623125
0.607751
0.622208
0.607332
0.619314
0.607588
0.611274
0.596741
0.606312
0.608455
0.615171
0.577151
0.587207
0.592617
0.572354
0.593489
0.573285
0.568357
0.609763
0.548073
0.570285
0.595758
0.577923
0.584347
0.579577
0.588561
0.580313
0.565095
0.58342
0.56793
0.596704
0.581336
0.602572
0.582925
0.56554
0.582583
0.581706
0.560091
0.565938
0.585469
0.600116
0.577748
0.561404
0.575385
0.583062
0.59106
0.562236
0.559987
0.589439
0.579478
0.570229
0.57025
0.572555
0.565972
0.57533
0.572099
0.588112
0.571396
0.594902
0.579028
0.570981
0.588302
0.590663
0.59769
0.591963
0.60523
0.590241
0.60143
0.594061
0.587414
0.599798
0.61403
0.612762
0.603105
0.587178
0.603798
0.612786
0.615694
0.58243
0.615258
0.632308
0.626541
0.606004
0.578239
0.610287
0.613729
0.620186
0.627807
0.610803
0.627679
0.601401
0.617106
0.611856
0.601257
0.621409
0.612789
0.625812
0.622596
0.620394
0.60003
0.617117
0.625996
0.616601
0.632806
0.627853
0.618754
0.609249
0.628044
0.642331
0.611992
0.618367
0.641523
0.66863
0.636388
0.647029
0.627404
0.628427
0.623711
0.617059
0.634648
0.626369
0.622054
0.633385
0.610618
0.631034
0.630185
0.626699
0.63064
0.623173
0.626069
0.633784
0.637339
0.648046
0.640602
