12.6714
12.5536
12.7429
12.5809
12.519
12.6075
12.3185
12.7612
12.697
12.5461
12.4286
12.5276
12.6217
12.4463
12.635
12.6319
12.3198
12.5476
12.4414
12.7617
12.6227
12.5311
12.5894
12.5991
12.3955
12.5675
12.818
12.6485
12.346
12.6724
12.6187
12.2875
12.3369
12.3739
12.3053
12.4237
12.3973
12.5018
12.2539
12.2276
11.9863
12.2512
12.3296
12.1848
12.0935
12.3401
11.8972
12.151
12.2746
12.4637
12.2784
12.2988
12.3131
12.2313
12.2178
12.2342
12.3082
12.2671
12.2283
12.2408
12.1386
12.3788
12.1956
12.2034
12.2098
12.5781
12.0078
12.2504
12.2784
12.0589
12.2398
12.323
12.2616
12.2646
12.3552
12.1895
12.2868
12.0733
12.1933
12.0859
12.0945
12.268
12.2811
12.1076
12.1
12.2996
12.264
12.1923
12.2104
12.3002
12.1895
12.1151
12.1934
12.0896
12.1031
11.9913
12.0397
12.0862
12.2127
12.2754
12.1748
12.0442
12.2909
12.2409
12.0898
12.1655
12.2067
12.132
12.0424
12.2672
11.8841
12.268
12.1205
11.9381
12.2654
12.0432
12.229
11.7851
12.1238
12.1255
11.8743
12.0374
12.0865
12.0213
12.1381
12.1289
12.1527
12.2893
12.1124
11.9522
12.1235
12.0204
11.7563
12.1545
12.223
12.1335
12.0155
12.118
12.211
11.8937
11.8534
11.9384
11.9528
12.1735
11.8774
12.0849
11.8402
11.9017
11.9137
11.8356
12.0771
12.1251
12.1754
12.1431
11.9717
12.1115
12.115
12.0334
11.9802
11.6432
11.8043
12.3484
11.9647
12.1921
12.2434
12.108
12.0038
11.8107
11.9378
12.189
12.1144
12.1475
12.1213
12.1064
12.3014
11.9567
11.8204
11.8178
12.0158
11.9547
11.8653
11.7757
12.1546
12.0157
11.8523
11.87
12.1366
12.0626
12.1498
11.7929
11.7705
11.8963
11.4958
12.1486
11.86
12.0413
12.0222
11.8606
12.1525
12.1096
