0.133976
0.123511
0.122754
0.118219
0.118529
0.111376
0.109308
0.104458
0.106061
0.10725
0.107788
0.109417
0.120118
0.137604
0.141747
0.14886
0.153675
0.149377
0.149778
0.153254
0.146597
0.0715969
0.0101326
0.00984887
0.00920304
0.00713155
0.00368059
0.00429017
0.00503779
0.00330878
0.00360583
0.00355768
0.00348788
0.00365907
0.00335469
0.00354455
0.00350842
0.00297498
0.0032964
0.00313838
0.00349599
0.00357425
0.00332699
0.00339112
0.00352155
0.00350932
0.00353935
0.0034508
0.00336791
0.00354456
0.00346775
0.00340485
0.00349556
0.00328682
0.00341849
0.00358231
0.00355207
0.00351922
0.003738
0.00345459
0.00342895
0.00353522
0.00370797
0.00348509
0.00361512
0.00363618
0.00350988
0.00355355
0.0038113
0.00348897
0.00334564
0.00356296
0.00367017
0.00363673
0.00357518
0.00359158
0.00363232
0.00352616
0.00346912
0.00370633
0.00352089
0.00360141
0.00339296
0.00361974
0.00347799
0.00358333
0.00368342
0.00352314
0.00356553
0.00369544
0.00328474
0.00356384
0.00355152
0.00355735
0.0032541
0.0034517
0.00339584
0.00341409
0.00345227
0.00347277
0.0034327
0.00341039
0.0034937
0.00357567
0.00351768
0.00359209
0.00346771
0.00352162
0.00354709
0.00363793
0.00359219
0.00349158
0.00342461
0.00348995
0.00339697
0.00358089
0.00363481
0.00337514
0.00336446
0.00355874
0.00364548
0.00344327
0.00352834
0.00336928
0.00348373
0.00343743
0.00358848
0.00361469
0.00328697
0.00326108
0.00342106
0.00331839
0.00353831
0.00346224
0.00335263
0.00332638
0.00330731
0.00332883
0.00347771
0.00339979
0.00336978
0.00341124
0.00325693
0.00323821
0.00326901
0.00333467
0.00341639
0.00326562
0.00328609
0.00339587
0.00313778
0.00331041
0.00336952
0.00323559
0.00314141
0.00332975
0.00321976
0.00322858
0.00330686
0.00328993
0.00331922
0.00322852
0.00317092
0.0032531
0.00315752
0.0031292
0.0031224
0.00314094
0.0030016
0.00308158
0.00323133
0.00309473
0.00326671
0.00310261
0.00311721
0.00334412
0.00323724
0.00305336
0.00315578
0.00316458
0.00304919
0.00308177
0.00315046
0.00305619
0.00316702
0.00315777
0.00312156
0.00320768
0.00307008
0.00314845
0.00322241
0.00312912
0.00311469
0.00301297
0.00319121
0.00304088
0.003078
0.00323057
0.00310601
0.00324166
