23.3803
23.6044
23.0954
23.1339
22.6754
21.9103
21.1304
20.9976
22.1117
22.0354
21.7057
21.1412
21.7834
21.2062
20.835
13.2003
3.95184
3.82975
3.8959
3.97849
3.7711
3.8511
3.90092
3.75357
3.87706
3.75748
3.61718
3.8192
3.79083
3.71747
3.8374
3.58987
3.81941
3.66805
3.81442
3.70647
3.67932
3.82705
3.7441
3.73565
3.63063
3.89113
3.70509
3.68436
3.59407
3.81661
3.60849
3.69278
3.78851
3.82851
3.72984
3.68063
3.71247
3.74864
3.682
3.53883
3.81765
3.57536
3.62943
3.5934
3.63304
3.65705
3.68674
3.56997
3.68782
3.62444
3.63704
3.59038
3.66288
3.57481
3.58969
3.4095
3.56409
3.57156
3.41971
3.46421
3.63756
3.47262
3.53573
3.43522
3.53243
3.39067
3.49435
3.51281
3.353
3.45329
3.47422
3.43342
3.43318
3.52999
3.39592
3.30823
3.34692
3.45868
3.402
3.3739
3.25577
3.29396
3.39664
3.26658
3.2847
3.20602
3.21363
3.27528
3.07185
3.05144
3.06884
2.96155
2.86743
2.80386
2.93088
2.93593
3.01375
2.9185
2.91204
2.87345
2.98107
2.92423
2.90431
2.87057
2.98383
2.85144
2.93624
2.92187
2.91963
2.97549
3.0158
2.93277
2.92749
2.88986
2.80577
2.98258
2.91648
2.83045
2.89308
2.82866
2.87796
2.87148
2.90077
2.87247
2.86467
2.81108
2.84019
2.81565
2.83002
2.87642
2.76903
2.84148
2.87799
2.79012
2.64999
2.74201
2.76964
2.73056
2.67581
2.73321
2.79973
2.76595
2.76678
2.706
2.63104
2.69613
2.78642
2.6437
2.7243
2.63991
2.66655
2.67033
2.68927
2.75869
2.66646
2.65255
2.66418
2.58539
2.56656
2.57942
2.62237
2.70227
2.6681
2.55902
2.65493
2.58324
2.68385
2.51433
2.63099
2.69192
2.53099
2.61608
2.66633
2.49425
2.53684
2.556
2.57795
2.54612
2.49578
2.57439
2.45069
2.55112
2.43154
2.40252
