0.816918
0.752399
0.667476
0.675086
0.714427
0.55559
0.359775
0.260816
0.276036
0.30029
0.299014
0.284182
0.24174
0.303269
0.329327
0.321728
0.308301
0.301298
0.316435
0.32484
0.337679
0.340471
0.341341
0.380897
0.346289
0.361096
0.383059
0.367882
0.382039
0.366458
0.360076
0.40375
0.392117
0.386601
0.373685
0.392567
0.43169
0.39853
0.397119
0.383588
0.398226
0.421632
0.427834
0.398374
0.422601
0.418414
0.41685
0.415828
0.428257
0.433738
0.428281
0.431738
0.417026
0.451733
0.443232
0.453937
0.443073
0.447497
0.423816
0.443972
0.44226
0.437594
0.437585
0.447572
0.423224
0.434015
0.447583
0.445973
0.449046
0.425271
0.450892
0.437557
0.457873
0.452394
0.455687
0.477645
0.471174
0.474166
0.460269
0.46736
0.467515
0.450542
0.459317
0.440678
0.448259
0.443831
0.447331
0.463973
0.459645
0.456369
0.43766
0.465434
0.463871
0.471484
0.455595
0.478351
0.463225
0.450119
0.456419
0.471615
0.467779
0.46672
0.461884
0.460701
0.451109
0.459168
0.469766
0.445717
0.465961
0.461994
0.465647
0.444774
0.461935
0.474684
0.460853
0.481952
0.474001
0.46404
0.473832
0.463562
0.475941
0.460542
0.465342
0.48536
0.475764
0.458696
0.440536
0.471022
0.476602
0.479574
0.48318
0.465875
0.465259
0.465895
0.452384
0.470095
0.485321
0.479684
0.468251
0.489465
0.456226
0.475016
0.465826
0.481942
0.466629
0.471103
0.457888
0.465038
0.458532
0.45918
0.46658
0.455309
0.457321
0.472794
0.483937
0.46454
0.478672
0.454857
0.469937
0.471782
0.478168
0.485977
0.480015
0.465803
0.459671
0.47992
0.463126
0.467701
0.486331
0.469971
0.477186
0.460844
0.480855
0.492008
0.459391
0.484228
0.45522
0.477303
0.479052
0.483397
0.473727
0.487373
0.478076
0.496011
0.47408
0.487321
0.468598
0.47113
0.492205
0.485916
0.470959
0.48151
0.482546
0.467944
0.485749
0.512271
0.461642
0.473605
0.461157
0.45962
