10.6685
11.2816
10.248
10.26
11.6411
10.4937
10.3592
10.2856
10.5698
9.94127
10.3889
10.645
11.7327
11.4928
10.2679
10.4057
11.1579
10.3363
11.7492
10.2348
11.3593
10.5594
11.2312
10.5346
11.4036
11.3172
11.433
9.91818
11.7304
10.946
11.6174
10.4694
10.4824
11.6154
10.431
10.8423
10.6361
10.516
11.6717
10.9851
10.8115
10.3788
10.4288
11.6454
11.4428
11.3671
11.725
11.6829
11.3656
11.5928
11.7215
11.2865
11.6785
11.2457
11.4625
11.3963
10.8389
11.7736
11.611
11.3015
11.722
11.5928
11.915
11.0549
11.9376
11.877
11.6826
11.3806
11.4733
11.8779
11.7162
11.8252
11.7279
11.4974
11.4662
11.5666
11.6969
11.5461
11.5642
11.7921
11.6912
11.9033
11.5079
11.8439
11.8039
11.4041
11.799
11.3883
11.6851
11.4474
11.7301
11.3837
11.8125
11.6114
11.8683
11.8461
11.727
11.8462
11.8052
11.6142
12.1246
11.7583
11.4544
11.4438
11.8986
10.7714
11.5103
11.6248
11.7393
11.375
11.6591
11.7756
11.5889
11.2863
11.5224
11.8982
11.4695
11.7865
11.7465
11.5697
11.4575
11.7296
11.7535
11.4188
11.7313
11.8339
11.4352
11.6788
11.42
11.4065
11.7848
11.7511
11.7168
11.5158
11.2707
11.7594
11.3143
11.7684
11.6908
11.4441
11.5493
11.3939
11.7723
11.6242
11.2072
11.8033
11.7602
11.4368
11.0711
11.6504
11.8137
11.2819
11.0003
11.7823
11.2466
11.2776
11.532
12.0401
11.3821
11.4152
11.3851
11.4136
11.9226
11.6648
10.7644
11.3929
11.8598
11.7702
11.542
11.0164
11.821
10.3348
11.9024
11.7556
10.6923
11.7801
10.7466
11.3665
11.4434
11.7977
11.8324
11.8981
11.2441
11.6948
12.035
11.7915
11.261
12.0599
11.4764
11.5807
10.9174
11.5412
11.1613
11.6083
10.8433
11.6029
11.7606
11.7147
11.2553
10.9314
