0.0183449
0.0380216
0.0560242
0.0748399
0.0942828
 0.112266
 0.131453
 0.150552
 0.168758
  0.18816
 0.206935
 0.225432
 0.244886
 0.263393
 0.282258
 0.301481
   0.3199
 0.339128
 0.357815
 0.376583
  0.39569
  0.41411
 0.433375
 0.451792
 0.470803
 0.489811
 0.508012
 0.527732
 0.545832
    0.565
 0.584297
 0.602193
  0.62236
 0.640548
 0.659441
 0.679348
 0.697068
 0.717113
 0.735945
 0.754138
 0.774445
 0.792452
 0.811476
 0.831246
 0.848994
 0.868596
  0.88768
 0.905519
  0.92529
 0.943897
 0.961956
 0.981693
