10.8346
11.0185
10.7862
10.3881
10.9635
10.1622
10.1461
8.94136
10.3932
10.4452
11.1074
9.37281
11.0159
10.8266
10.4119
11.1411
10.7144
10.3711
10.3216
10.7344
10.6711
10.4752
11.0933
10.2378
10.7459
10.3993
10.7669
10.8029
10.9474
10.7763
10.6784
10.8087
10.7306
10.7729
11.1078
11.1288
10.3605
11.0709
11.2908
10.7004
10.8092
10.6685
11.1718
11.2086
10.7657
10.648
11.2376
11.2797
10.8337
11.2016
11.2028
10.7078
10.7341
10.3741
11.2516
10.6837
11.0406
10.7872
11.1382
10.7381
10.7265
11.0661
10.7358
10.6404
10.4986
11.1466
11.1855
10.8096
10.781
10.7171
11.251
10.7674
11.2081
11.2183
11.1631
11.2945
10.6781
10.7329
10.3227
10.853
11.2627
10.8733
11.0105
10.8437
10.7377
10.9827
11.1549
10.7973
11.1506
10.7689
10.8938
10.4978
10.6112
10.7105
10.7103
10.4488
10.7348
11.0561
10.459
10.6598
10.726
10.5907
10.5491
10.4966
10.6032
10.8384
10.6814
10.26
10.8778
10.8696
10.9362
11.0679
10.7455
10.5207
10.4522
10.7908
10.4288
11.2805
10.9946
10.4181
11.0377
10.7609
10.7564
10.8067
10.8204
11.0986
10.8461
10.9592
10.6971
10.8261
10.8246
11.1664
10.9124
10.2587
10.9006
10.7215
10.8942
10.6523
11.2422
10.9846
11.0082
10.7646
10.8192
11.2151
11.0741
11.0527
11.2637
10.7493
10.7105
10.7491
10.8319
10.8204
10.6452
11.0639
10.4789
10.247
10.2679
10.0504
10.6491
10.0919
10.5381
10.6296
10.7245
10.567
10.2287
10.8114
10.6244
10.8113
10.8987
10.6722
10.6447
10.225
10.6448
10.6633
10.684
10.6116
10.014
10.5289
10.677
10.523
10.5577
10.5176
10.7946
10.4487
10.8441
10.4318
10.4492
10.4155
10.7277
10.8136
10.7911
10.663
10.7064
11.1573
10.8681
10.6517
10.8391
10.7175
10.5426
10.8892
