0.0806889
0.114885
0.233856
0.239673
0.248414
0.249186
0.110093
0.0580966
0.0570616
0.0582746
0.0573676
0.0576064
0.0563527
0.0565078
0.0562231
0.0585435
0.0591995
0.0594124
0.0569501
0.0575379
0.0576143
0.0611191
0.0592505
0.0591224
0.0605747
0.0614079
0.0615684
0.0608075
0.0597839
0.0616507
0.0612956
0.061779
0.0623217
0.0611265
0.063895
0.0614562
0.0619153
0.0635688
0.0621427
0.0627198
0.0632709
0.0644845
0.0647637
0.0622333
0.064277
0.0645546
0.0653037
0.0669775
0.0654329
0.0636605
0.0650737
0.0658946
0.0646144
0.0680548
0.0661855
0.0672653
0.0666307
0.0666234
0.0666277
0.0665401
0.0646266
0.0678554
0.0662664
0.0674353
0.0666642
0.0694236
0.0676042
0.0697547
0.0695527
0.068733
0.0682121
0.0689057
0.0681066
0.0681717
0.0687786
0.0690903
0.0711986
0.0682126
0.0686397
0.069364
0.0703329
0.0700432
0.0706139
0.0699132
0.0694439
0.0692094
0.0709404
0.0706821
0.0733427
0.0720869
0.0725636
0.0745157
0.0696439
0.0686641
0.0716683
0.0716694
0.0720233
0.0716635
0.072167
0.071026
0.0690033
0.0717446
0.0731488
0.0704261
0.0732819
0.0714957
0.0706362
0.0725284
0.0704873
0.0729287
0.0725488
0.0727332
0.0750201
0.071849
0.0760162
0.0727693
0.0733187
0.0760699
0.0719585
0.0724078
0.0715446
0.0724109
0.0731489
0.0745711
0.0722346
0.0711187
0.0743844
0.0756057
0.0727863
0.0727739
0.0734024
0.0701994
0.0744014
0.0742255
0.0721281
0.0721946
0.073288
0.0714636
0.0735875
0.0736041
0.071502
0.0713026
0.0736465
0.0733349
0.0700473
0.0735904
0.073636
0.0737656
0.072001
0.0734919
0.0732663
0.0719062
0.072802
0.0705079
0.0736368
0.0715352
0.071549
0.0739392
0.0716536
0.0727623
0.0719651
0.0709569
0.0724537
0.0702251
0.0707565
0.0749223
0.0730315
0.0752147
0.0731928
0.0731338
0.0740932
0.0708422
0.0722
0.0705837
0.0705927
0.0723613
0.0729634
0.0717341
0.0708687
0.0713411
0.0728674
0.0725307
0.0725792
0.0729164
0.0727666
0.0712598
0.0749156
0.0723528
0.0709471
0.071763
0.0737221
0.0718181
0.0713147
0.0703138
0.0713599
0.0715958
0.0724063
0.0712088
0.071665
0.0724174
