1.20596
1.28193
1.17847
1.30432
1.15825
1.35822
1.26221
1.19346
1.34692
1.39617
1.18518
1.34815
1.35158
1.36407
1.23321
1.31772
1.39121
1.34791
1.22059
1.35092
1.32659
1.35285
1.31784
1.39848
1.39972
1.38756
1.40557
1.36329
1.34712
1.36218
1.40095
1.35369
1.38815
1.4049
1.40344
1.39633
1.32573
1.39322
1.41512
1.41147
1.33921
1.34186
1.40652
1.39239
1.40259
1.31414
1.37741
1.34826
1.33714
1.34581
1.38916
1.39277
1.39774
1.41041
1.4047
1.40422
1.32843
1.39242
1.34756
1.39018
1.35268
1.39404
1.39851
1.40665
1.36902
1.35911
1.38987
1.38227
1.40685
1.3771
1.40081
1.38538
1.40723
1.40221
1.38297
1.35384
1.35163
1.35445
1.38265
1.34072
1.38152
1.39756
1.39267
1.35716
1.36524
1.36731
1.3833
1.37468
1.35819
1.38824
1.34437
1.37636
1.34347
1.35589
1.35795
1.35606
1.33981
1.3723
1.3617
1.4413
1.36031
1.35818
1.39166
1.32991
1.40405
1.35534
1.35034
1.34673
1.33259
1.34218
1.36648
1.35291
1.35423
1.359
1.34619
1.35032
1.34546
1.34787
1.35848
1.35115
1.39129
1.35012
1.32802
1.40283
1.34701
1.34117
1.35214
1.35916
1.35445
1.33842
1.34894
1.29902
1.36417
1.31245
1.3411
1.35495
1.35671
1.34252
1.33982
1.34917
1.35578
1.3511
1.34044
1.35332
1.34175
1.35921
1.34996
1.3636
1.31075
1.35946
1.3473
1.35037
1.34238
1.35793
1.31456
1.28037
1.31055
1.33554
1.39297
1.34073
1.34895
1.3235
1.3154
1.34462
1.34481
1.34485
1.30309
1.34438
1.35963
1.33762
1.31015
1.34381
1.30986
1.34112
1.24219
1.33255
1.32276
1.34115
1.34156
1.33189
1.33591
1.29789
1.33364
1.3801
1.31287
1.32715
1.27457
1.30622
1.32921
1.27721
1.30957
1.24474
1.34462
1.32926
1.2747
1.34668
1.30829
1.34142
1.34035
1.26646
