0.0966587
0.0700884
0.0658577
0.0671931
0.0704544
0.042639
0.00979043
0.00982023
0.0100638
0.0102566
0.00975785
0.00375476
0.00347258
0.00435872
0.00447124
0.00447574
0.00370092
0.00426066
0.00391382
0.00365904
0.00387888
0.00378805
0.0036719
0.00373452
0.00366183
0.00349235
0.00358049
0.00371864
0.00411001
0.00414454
0.0037718
0.00344992
0.00373787
0.0035318
0.00378036
0.00365477
0.00391529
0.00400442
0.00384717
0.00386299
0.00414626
0.00376889
0.00370807
0.00399027
0.00377544
0.00371672
0.0036423
0.00362128
0.00355415
0.00393873
0.0038209
0.00357641
0.00378944
0.00393327
0.00367605
0.00367734
0.00361901
0.00374922
0.00370243
0.00397802
0.00382899
0.00388737
0.00377587
0.00367874
0.00392961
0.00365939
0.00358151
0.00350863
0.00391813
0.00395282
0.00356177
0.00376543
0.00376693
0.00362845
0.00375073
0.0036848
0.00365253
0.00380319
0.00371102
0.00361741
0.00362046
0.00371905
0.00362236
0.00340848
0.00356765
0.00357037
0.00362358
0.00353184
0.00357892
0.00348385
0.00351522
0.00348987
0.00347563
0.00331512
0.00351527
0.00350387
0.00342553
0.00330488
0.00329369
0.00308056
0.00279215
0.00327725
0.00314065
0.00326568
0.00313414
0.00323668
0.00303917
0.00341667
0.00326456
0.0032488
0.00319478
0.00299328
0.00320878
0.00295108
0.00320117
0.00318158
0.00302239
0.00300651
0.00294607
0.0030026
0.00316314
0.00300749
0.00298641
0.00298453
0.00311722
0.00318501
0.00306854
0.00299078
0.00294185
0.00290084
0.00310832
0.00288431
0.00295066
0.00306499
0.00299136
0.00296497
0.00295627
0.00308871
0.00300533
0.00299699
0.00290558
0.0029401
0.00293624
0.00287882
0.0029362
0.00294368
0.00298892
0.00296606
0.00298755
0.00299386
0.00303431
0.00304702
0.00308182
0.00296451
0.00295527
0.00311591
0.00301217
0.00292894
0.00302692
0.00302292
0.00293442
0.00308954
0.00294173
0.00290756
0.00288987
0.00279859
0.00297038
0.00292147
0.00309597
0.00302759
0.00300105
0.00302874
0.00285726
0.00296021
0.00285964
0.00299374
0.00306585
0.00301443
0.00295462
0.00294405
0.00290646
0.00302316
0.00276449
0.00316107
0.00285913
0.00298229
0.00290999
0.00288937
0.0029473
0.00291374
0.00282421
0.00274771
0.00293734
0.00288969
0.00289847
0.00297803
0.0029439
0.00287758
0.00291092
0.00280396
