9.65917
9.51612
14.1163
8.18679
8.70755
11.3081
10.8927
12.0704
8.62271
9.94091
9.60631
8.74836
9.16155
10.4438
13.0589
12.5225
9.97305
10.3079
9.46675
11.5321
10.3735
11.5353
11.6417
11.4783
12.8054
11.2268
11.4016
10.5869
12.6378
10.9418
11.0375
10.3696
12.9438
11.6625
11.7005
10.5645
10.7309
10.1146
10.3768
10.6041
12.1516
10.921
12.5942
10.8463
10.3179
12.0215
10.4794
11.7437
10.5417
11.3302
12.312
11.8552
12.7233
10.8967
11.8418
11.5737
10.3667
12.5261
11.8504
12.7607
11.1831
12.5682
10.7244
11.2935
11.5715
11.1593
10.9922
10.8645
11.0424
11.1525
11.2382
11.2843
11.2999
13.6427
12.2882
12.7066
10.9765
11.0048
11.1341
11.6092
10.5634
10.6647
12.1401
11.3818
12.754
10.8535
11.6257
12.5648
10.5889
11.1835
11.2753
11.3252
10.7572
11.8172
10.3631
10.1542
12.3478
12.0329
10.3908
11.1999
