0.11442
0.103816
0.113755
0.114342
0.0038412
0.0105469
0.0338688
0.040778
0.0373358
0.028737
0.0324111
0.0350053
0.0284617
0.0429153
0.0477168
0.0334016
0.0359604
0.0290178
0.0577047
0.0440945
0.0287377
0.0317342
0.0543262
0.0469132
0.0470966
0.0455779
0.0487163
0.0448152
0.0482718
0.0391058
0.0511303
0.0420151
0.0414567
0.0389933
0.0563364
0.066951
0.0467806
0.0622203
0.0411747
0.0647407
0.0548381
0.0491322
0.0667159
0.052691
0.0502077
0.0550603
0.0439091
0.0365661
0.0609182
0.0648062
0.0556743
0.0461934
0.053564
0.0556159
0.0620646
0.0575149
0.0759256
0.0447949
0.0486641
0.0668543
0.0581333
0.051705
0.0562211
0.0654973
0.0586752
0.0545563
0.0735262
0.0554328
0.0426555
0.0501156
0.0502399
0.052916
0.0600925
0.0603912
0.0446109
0.0395998
0.0388434
0.0340306
0.0611522
0.0538077
0.0257605
0.0421487
0.0481838
0.0446597
0.0581339
0.0575921
0.0295426
0.032786
0.0378501
0.0417531
0.0283293
0.0339434
0.0332036
0.0265952
0.03981
0.0280304
0.0344308
0.0289252
0.0438118
0.030217
