0.62841
0.760321
0.768742
0.797001
0.756912
0.752592
0.821554
1.68729
1.50234
1.33767
1.47371
1.67821
1.80756
1.67905
1.79367
1.75327
1.8155
1.80365
1.84378
1.89765
1.87872
2.00974
1.99068
2.00362
2.034
2.05643
2.08868
2.08776
2.06841
2.16797
2.14047
2.25121
2.25443
2.28251
2.30913
2.31328
2.33128
2.31261
2.30866
2.27989
2.3502
2.34337
2.36951
2.50505
2.39112
2.30901
2.46553
2.44121
2.4618
2.43632
2.46175
2.44894
2.46954
2.46434
2.51275
2.41194
2.47001
2.53926
2.46673
2.52088
2.53652
2.54756
2.59646
2.54341
2.54231
2.549
2.57044
2.5754
2.55112
2.58321
2.53593
2.63335
2.64593
2.48416
2.58478
2.61072
2.58382
2.57309
2.53062
2.58432
2.61863
2.62752
2.60079
2.56108
2.58832
2.51443
2.5675
2.55696
2.56515
2.59519
2.52638
2.53399
2.50758
2.5287
2.50209
2.47917
1.12672
0.0539587
0.049963
0.0459713
0.0453647
0.0431385
0.0435272
0.0460227
0.0442798
0.042712
0.0436398
0.0447013
0.045818
0.0438179
0.0432649
0.0431057
0.0441533
0.0433246
0.044663
0.0459956
0.0454724
0.0439186
0.0447738
0.0449638
0.0466336
0.0458375
0.0445865
0.046231
0.0465713
0.0800012
0.0662733
0.0521733
0.0508075
0.0509981
0.0504482
0.0504358
0.0494209
0.0513562
0.0495169
0.0507689
0.0513429
0.049118
0.0491786
0.0502024
0.0489336
0.0471741
0.0479832
0.0505136
0.0494235
0.0518459
0.0485076
0.049787
0.0484043
0.048114
0.0506597
0.0490814
0.0528439
0.0497283
0.0523381
0.0498886
0.0514196
0.0514708
0.0489901
0.0503541
0.0490951
0.0498719
0.0504703
0.0501851
0.0511674
0.0512823
0.0484221
0.0531249
0.0487105
0.0503046
0.0498847
0.0528654
0.0483934
0.0503786
0.0532518
0.0561418
0.0513201
0.0516522
0.0515213
0.0511627
0.0502995
0.0541003
0.0519761
0.0513726
0.0549672
0.0522101
0.0514527
0.0521336
0.0532695
0.0507871
0.0519747
0.0522397
0.0505495
0.0526353
0.0554994
0.0512613
0.052257
0.0510819
0.0523561
0.0537056
