1.29042
1.39704
1.17848
1.2437
1.30202
1.19542
1.25771
1.24389
1.40564
1.23766
1.38255
1.33361
1.31705
1.30822
1.34844
1.24139
1.34071
1.35123
1.36058
1.38059
1.41217
1.43926
1.34062
1.41009
1.37229
1.40533
1.40023
1.35819
1.34819
1.39537
1.35959
1.39664
1.40998
1.37382
1.4052
1.44436
1.41076
1.35877
1.43553
1.40122
1.40681
1.41374
1.40464
1.40222
1.44628
1.43485
1.39696
1.45226
1.44328
1.4112
1.39913
1.44871
1.3937
1.44079
1.45236
1.41444
1.41135
1.44232
1.41347
1.40731
1.42659
1.43503
1.42123
1.41381
1.41887
1.42743
1.44357
1.44773
1.41958
1.40993
1.40196
1.43403
1.39022
1.40952
1.40854
1.42364
1.42325
1.42182
1.39568
1.43406
1.4141
1.40739
1.39671
1.42209
1.39263
1.41155
1.4241
1.396
1.41946
1.42283
1.40309
1.3982
1.40534
1.43353
1.41225
1.40973
1.43382
1.40342
1.44397
1.41871
1.41126
1.40064
1.4106
1.40539
1.41585
1.41356
1.39706
1.42904
1.41209
1.41217
1.4263
1.40326
1.4185
1.41628
1.40551
1.43241
1.42684
1.44644
1.40554
1.41912
1.42029
1.42343
1.44594
1.40359
1.41379
1.41231
1.42497
1.409
1.40836
1.41689
1.39705
1.4413
1.40707
1.42317
1.40976
1.40362
1.40874
1.41582
1.43766
1.41086
1.41471
1.40142
1.41992
1.41045
1.41376
1.37704
1.40783
1.4257
1.40744
1.41388
1.42256
1.4104
1.41907
1.39756
1.40955
1.41963
1.41148
1.40586
1.41161
1.41405
1.38996
1.40461
1.40491
1.40621
1.39311
1.41519
1.42948
1.39631
1.4289
1.40466
1.40537
1.42854
1.40856
1.4167
1.40831
1.41725
1.41204
1.41595
1.41974
1.39573
1.39537
1.41198
1.42839
1.40874
1.42565
1.38882
1.42651
1.4106
1.40554
1.44684
1.40931
1.42298
1.40807
1.37511
1.40365
1.39711
1.4277
1.41043
1.42204
1.40783
