7.49803
8.12087
8.92431
8.80823
8.15723
9.3649
7.21231
7.71637
6.13548
6.8768
8.10666
8.93381
7.10062
9.89402
7.47333
9.04354
8.61356
8.93171
9.76227
8.60157
10.1327
8.45293
9.45304
9.93963
7.57265
11.2017
7.55254
10.3413
11.3917
10.9739
10.5717
8.20101
8.97583
10.6682
10.1816
9.74636
10.5978
10.6533
10.9519
10.7011
10.7109
10.7082
10.957
10.6764
10.7186
10.8938
10.7093
10.6764
10.7231
10.7189
10.8209
10.7307
10.7194
10.6838
10.7862
10.7765
10.7054
10.7191
11.3298
10.7947
10.6952
10.7632
10.6775
10.677
10.6803
10.6821
10.8396
10.7547
10.6884
10.6773
10.7186
10.7188
10.7164
10.7694
10.6968
10.7194
10.679
10.6829
10.6961
10.6986
10.7036
11.616
10.6833
10.6986
10.7194
10.6792
10.7278
10.6954
8.18983
9.14262
10.7193
10.7016
10.7176
10.7181
10.7481
10.6986
10.6976
10.7148
10.7032
10.6804
