0.669714
0.667628
0.847153
0.861159
0.787028
0.817058
0.855301
0.873401
0.903015
0.897795
0.877971
0.902937
0.872638
0.825934
0.875941
0.86323
0.865217
0.847441
0.850206
0.834548
0.823341
0.845155
0.830045
0.873308
0.854638
0.851516
0.853955
0.822166
0.830894
0.832449
0.811012
0.820069
0.799472
0.813678
0.765287
0.800338
0.775017
0.797086
0.759481
0.720154
0.767048
0.696651
0.699803
0.640881
0.674111
0.600935
0.553214
0.592221
0.587295
0.587526
0.548743
0.552828
0.584457
0.545028
0.500134
0.505264
0.496467
0.453188
0.510564
0.476197
0.477417
0.455101
0.456678
0.47302
0.420895
0.476333
0.433385
0.431359
0.423636
0.434316
0.425105
0.39364
0.407414
0.4363
0.424568
0.3871
0.417872
0.417013
0.41986
0.40444
0.414285
0.396452
0.394788
0.394533
0.388138
0.376458
0.399084
0.402545
0.36886
0.410478
0.38724
0.356579
0.360847
0.379664
0.345886
0.355977
0.354518
0.370128
0.346397
0.357127
0.370957
0.352457
0.363811
0.340844
0.349934
0.360351
0.36593
0.319558
0.352677
0.331454
0.32299
0.335835
0.314229
0.319408
0.308225
0.319165
0.286896
0.302178
0.310481
0.306199
0.31647
0.288362
0.307766
0.317221
0.284981
0.279845
0.28395
0.276821
0.303903
0.296029
0.299273
0.267675
0.272549
0.270158
0.291986
0.274688
0.282949
0.283741
0.257334
0.279366
0.2943
0.283518
0.278466
0.284754
0.276145
0.272795
0.2603
0.281756
0.264548
0.277348
0.252478
0.285345
0.268309
0.265741
0.270792
0.265093
0.266539
0.250749
0.253068
0.274512
0.253268
0.251866
0.255997
0.264498
0.254459
0.250413
0.24627
0.239645
0.266041
0.248049
0.262683
0.245807
0.236584
0.272028
0.247741
0.25506
0.23905
0.245628
0.216387
0.239979
0.242117
0.235806
0.232502
0.233743
0.233955
0.24059
0.233318
0.237202
0.236345
0.212199
0.227704
0.232721
0.224011
0.214622
0.228796
0.205794
0.215668
0.216974
0.230044
0.218372
