43.5583
54.6492
53.0545
52.4161
54.1137
54.9159
55.9218
52.7911
55.9625
56.8087
56.7631
55.2052
54.1114
53.9888
54.5446
54.0396
52.5559
53.5284
52.4752
51.2093
52.2067
53.2631
52.262
51.8104
51.8257
52.3132
51.8769
51.219
52.3437
50.1436
49.6271
50.371
49.5275
50.2326
50.5209
49.5061
51.5878
52.1847
53.5733
53.9377
55.4377
57.5365
60.2659
58.9859
58.2962
58.0609
56.7726
58.5089
55.8465
55.4484
53.2769
55.309
53.0406
53.562
51.0543
51.8771
52.5967
50.8135
51.1707
49.6415
50.6572
49.9947
49.1053
53.4007
54.8457
50.0764
50.7671
52.2259
49.573
49.4208
49.863
48.4966
45.813
47.6116
47.9939
45.886
46.8102
45.8281
46.2635
46.4909
45.5995
44.3527
44.8694
44.4406
44.7832
44.0853
43.7816
43.4958
42.4576
43.857
40.7599
42.4134
40.9955
41.2762
41.5477
41.0182
39.9168
40.6354
40.3528
40.2408
39.4127
39.4408
39.4155
39.4064
39.3348
39.483
38.0672
39.0173
38.1262
38.0808
37.8212
37.5028
37.3009
36.7832
37.0547
37.0416
36.2408
36.3714
36.4411
34.8096
36.3144
35.333
35.6038
35.5368
35.3312
35.3006
34.6384
33.3644
33.6701
33.9646
34.1082
33.0934
33.5094
32.8761
33.0476
33.0021
32.9443
33.0303
32.7115
32.3256
31.4684
31.1222
32.215
31.6718
30.8645
31.4765
31.3239
30.7641
31.1216
30.7193
29.9776
30.1315
29.9716
30.3837
29.7459
29.6888
30.1445
30.3986
29.1927
29.8121
29.4075
29.0785
29.3866
29.3125
28.6389
29.183
28.6065
28.2173
27.8839
27.6066
27.896
27.6834
27.1479
27.2031
26.5721
27.7184
26.9961
26.5688
27.0378
27.0378
26.7193
26.7415
26.5998
27.3784
26.8759
26.5572
26.2574
25.7777
27.0054
26.6209
25.977
25.5011
26.1974
25.8773
26.5647
25.7669
25.5723
25.9973
26.0788
26.177
