1.70195
1.73041
1.82196
1.72207
1.56664
1.71961
1.83315
1.8425
1.79597
1.83771
1.83749
1.6878
1.54103
1.68313
1.70648
1.84505
1.63521
1.8259
1.72922
1.57085
1.7516
1.68393
1.47364
1.71844
1.70478
1.73428
1.72721
1.70132
1.53625
1.81487
1.69619
1.79516
1.42532
1.80271
1.70985
1.67034
1.52921
1.66817
1.75707
1.74927
1.6356
1.34982
1.49132
1.74608
1.27543
1.63245
1.45321
1.47971
1.40061
1.73146
1.68592
1.24655
1.54656
1.39265
1.44274
1.63537
1.68068
1.34712
1.16614
1.63077
1.66283
1.7599
1.29535
1.37741
1.22246
1.41553
1.40335
1.47703
1.41628
1.60392
1.42839
1.29288
1.55162
1.3121
1.72329
1.63917
1.64453
1.18805
1.45853
1.50421
1.67272
1.20268
1.33277
1.40347
1.67106
1.83486
1.58138
1.61605
1.33167
1.41364
1.1646
1.30147
1.72586
1.27705
1.58133
1.17494
1.30289
1.83181
1.38225
1.32512
1.71355
1.35413
1.13334
1.65771
1.13581
1.46115
1.19762
1.16908
1.31501
1.32035
1.16786
1.16236
1.42875
1.65873
1.36072
1.17998
1.22073
1.27382
1.32304
1.16524
1.13318
1.21031
1.42406
1.2842
1.2193
1.16897
1.40828
1.45212
1.11532
1.36452
1.14644
1.40669
1.17365
1.142
1.74417
1.33116
1.12127
1.31378
1.17514
1.15603
1.686
1.15402
1.82667
1.18606
1.18244
1.17428
1.32175
1.19843
1.44863
1.87043
1.3805
1.69122
1.16925
1.2431
1.54922
1.34078
1.61395
1.18905
1.66723
1.2193
1.18766
1.15686
1.37146
1.2519
1.69898
1.65837
1.31915
1.18768
1.38216
1.64827
1.20676
1.50978
1.2193
1.2193
1.43639
1.69232
1.14716
1.20641
1.18606
1.63753
1.2371
1.37378
1.58694
1.63999
1.12616
1.17872
1.64017
1.52266
1.22061
1.78859
1.18507
1.18616
1.15589
1.65908
1.62831
1.24332
1.18606
1.46087
1.87057
1.68292
