3.31793
3.33802
3.32077
3.32972
3.31111
3.33187
3.32521
3.31555
3.30884
3.33266
3.33953
3.31108
3.37653
3.33327
3.32323
3.32677
3.3127
3.2552
3.32802
3.31787
3.27697
3.34936
3.32572
3.34824
3.33435
3.33954
3.29763
3.31619
3.32468
3.37077
3.3315
3.30055
3.34242
3.35821
3.29468
3.24503
3.26365
3.29616
3.20295
3.27836
3.32452
3.34114
3.28851
3.33541
3.58887
3.37053
3.43641
3.44997
3.34987
3.39109
3.55211
3.4017
3.58173
3.70197
3.35259
3.78555
3.51738
3.5175
3.6566
3.54893
3.52075
3.52248
3.60448
3.5346
3.5915
3.59768
3.67663
3.56139
3.67737
3.70898
3.65015
3.81305
3.47207
3.60837
3.51266
3.59747
3.64465
3.52934
3.67502
3.66691
3.87239
3.58229
3.66899
3.79162
3.6084
4.15905
3.7938
3.6814
3.83414
3.66248
4.00978
3.68907
3.93481
3.79864
3.69617
3.91679
3.80457
4.07781
4.00697
3.86261
3.945
3.76357
3.933
3.96646
4.22625
4.0256
3.81393
3.94284
4.07571
3.8753
4.07304
3.89412
4.05452
4.02847
3.99372
3.97859
4.03775
4.34479
4.03493
4.31806
4.20124
4.27129
4.14886
4.03775
4.0464
4.04862
4.2405
3.98836
4.05602
4.02764
4.10638
4.16253
4.1045
4.1064
3.92942
4.23502
4.23505
4.15129
4.27775
4.09193
4.06398
4.17789
4.19369
4.24044
4.18114
4.20848
4.22065
4.11153
4.12537
4.2983
4.04978
4.2405
4.06924
4.0381
4.2015
4.30744
4.15532
4.09184
4.01359
4.2658
4.27148
4.23211
4.22764
3.96468
4.31504
4.25174
4.18208
4.23974
4.2257
4.136
4.20513
4.09411
4.25479
4.23495
4.16024
4.25412
4.22697
4.25025
4.18233
4.20074
4.28051
4.20041
4.30937
4.17631
4.27544
4.23837
4.20908
4.23085
4.19035
4.31583
4.23808
4.2867
4.25716
4.21309
4.20001
4.25997
4.23626
4.27634
4.1659
4.18794
