1.10745
1.19965
1.25947
1.02639
0.673377
0.688808
0.673499
0.670762
0.610095
0.589453
0.591568
0.669584
0.604605
0.593517
0.655459
0.670116
0.663931
0.684164
0.741852
0.726134
0.774633
0.788173
0.794781
0.833519
0.80146
0.78585
0.787458
0.788439
0.755604
0.752466
0.771417
0.771087
0.754974
0.746824
0.748912
0.74258
0.718709
0.709579
0.703561
0.716202
0.720751
0.693471
0.706787
0.711787
0.705167
0.712787
0.709857
0.709202
0.732427
0.717831
0.717631
0.728346
0.739238
0.748484
0.768409
0.764138
0.746038
0.785361
0.795116
0.813441
0.83889
0.833005
0.843893
0.838125
0.848972
0.863928
0.892747
0.900406
0.938827
0.915974
0.94195
0.947301
0.966789
0.973553
1.02465
1.02131
1.01373
1.02394
1.03992
1.02776
1.06661
1.08848
1.09936
1.072
1.08221
1.10015
1.1074
1.10265
1.16998
1.15486
1.14155
1.14055
1.15004
1.14836
1.13645
1.1549
1.16204
1.17183
1.14672
1.17058
