0.0806783
0.0510519
0.0424111
0.0347735
0.038022
0.0388155
0.0353372
0.0395129
0.0376551
0.039992
0.0430029
0.0458874
0.0430893
0.0412752
0.0449219
0.042883
0.0454262
0.0435763
0.0447612
0.0452768
0.0456565
0.0454533
0.0453192
0.0475364
0.0460806
0.0482431
0.047797
0.0472952
0.0499178
0.0484862
0.0465069
0.0465351
0.0492587
0.0481426
0.0485306
0.0483709
0.0494359
0.0489186
0.0483329
0.0468376
0.0489749
0.0507738
0.0498824
0.0503364
0.0497667
0.052449
0.0520233
0.0542254
0.0525084
0.0530744
0.053728
0.0561415
0.0549342
0.0579318
0.0571226
0.0603283
0.0637862
0.0654268
0.0645121
0.0666418
0.0681977
0.0697499
0.0734361
0.0730303
0.0758694
0.0749618
0.0803083
0.0808825
0.0810363
0.0832834
0.0840452
0.0863397
0.0851182
0.0877919
0.0944637
0.0932461
0.0942186
0.0937607
0.0964934
0.0958127
0.0935258
0.0957864
0.0975301
0.0978488
0.0977739
0.0968544
0.10015
0.100001
0.102533
0.101868
0.101735
0.10104
0.105391
0.10825
0.107685
0.110166
0.108811
0.108997
1.5705
1.63034e+07
