29.9808
29.9647
29.9619
29.9751
29.8706
29.9561
29.9754
29.9592
29.9723
29.9495
29.9331
29.968
29.8801
29.9649
29.912
29.9552
29.9698
29.9652
29.8993
29.9609
29.8821
29.9534
29.9909
29.9492
29.9566
29.9624
29.9651
29.9405
29.9789
29.9757
29.9597
29.93
29.9609
29.9687
29.9389
29.9031
29.9747
29.9035
29.9685
29.957
29.9594
29.943
29.9072
29.9472
29.9114
29.907
29.9584
29.941
29.9528
29.9367
29.932
29.9546
29.9644
29.9346
29.9257
29.7624
29.9199
29.9447
29.9331
29.9382
29.8285
29.9179
29.9096
29.8257
29.9481
29.8095
29.6566
29.9731
29.6537
29.9214
29.9355
29.9145
29.9346
29.3927
29.4399
29.6819
29.8935
29.8994
29.9253
29.9762
29.716
29.6971
29.7358
29.9078
29.9083
29.8928
29.8723
29.868
29.7078
29.5931
29.7325
29.8235
29.763
29.6091
29.509
29.7156
29.8574
29.5461
29.519
29.8082
29.7116
29.5602
29.4118
29.5567
29.5556
29.6324
29.6549
29.7329
29.6227
29.6241
29.3478
29.3844
29.8202
29.4428
29.5005
29.9139
29.4956
29.6012
29.7091
29.5406
29.7705
29.5595
29.8446
29.479
29.7966
29.7053
29.7228
29.3834
29.555
29.5298
29.3578
29.6392
29.6352
29.55
29.4397
29.6419
29.4442
29.8087
29.5915
29.2082
29.7592
29.5057
29.7197
29.5606
29.5721
29.6257
29.5472
29.4897
29.7268
29.736
29.4012
29.5399
29.5068
29.8641
29.6039
29.5757
29.6743
29.7088
29.4245
29.8209
29.5984
29.6801
29.7155
29.4682
29.462
29.557
29.5038
29.2025
29.8309
29.3576
29.574
29.3771
29.733
29.6607
29.7093
29.3979
29.4245
29.8282
29.4219
29.5758
29.8042
29.4302
29.6533
29.3585
29.3409
29.6895
29.5259
29.4108
29.7343
29.471
29.1369
29.3411
29.068
29.3196
29.5631
29.4428
29.2541
29.5696
29.6159
29.4217
