0.471629
0.542584
0.562957
0.495629
0.0961759
0.0936339
0.0897048
0.0912585
0.0905247
0.0913834
0.0854114
0.0713172
0.0377404
0.0190503
0.0212032
0.0214986
0.0198122
0.0134185
0.010877
0.0133606
0.0145611
0.0157904
0.0146461
0.0169177
0.0184262
0.021093
0.0200799
0.0196318
0.0207664
0.0207542
0.0208558
0.0208138
0.0201748
0.0194428
0.0217019
0.0213469
0.0215183
0.023065
0.0216925
0.0208086
0.0213527
0.0215157
0.0215736
0.0206888
0.0208968
0.0211946
0.0221123
0.0214323
0.0201046
0.0205201
0.0200311
0.0218039
0.0207816
0.0204437
0.0209698
0.0212145
0.0202413
0.0211225
0.0212323
0.0209388
0.0215447
0.0211759
0.0197519
0.0198215
0.0217894
0.0202525
0.0207373
0.021638
0.0204165
0.0199817
0.0213661
0.0211926
0.0210182
0.0220498
0.0223216
0.021403
0.0210444
0.0209347
0.0215994
0.0204249
0.020257
0.0212932
0.0206334
0.0214732
0.0208947
0.0211848
0.0207981
0.0212488
0.0200691
0.0207198
0.0204232
0.0203198
0.0203803
0.0198489
0.0188081
0.0192028
0.0199452
0.0204128
0.0217194
0.0192229
0.020334
0.0192156
0.019386
0.0202093
0.0205906
0.0200108
0.0196301
0.0198679
0.0200102
0.0197657
0.0203582
0.0197854
0.0201301
0.0185532
0.0186865
0.0194031
0.019126
0.0190747
0.0190417
0.0187983
0.0186147
0.0194471
0.018336
0.0187372
0.0184555
0.0186769
0.0177137
0.0192011
0.0175683
0.0183065
0.0195383
0.0184185
0.0176941
0.0180604
0.0179501
0.0178592
0.0184535
0.0180944
0.0184346
0.0172294
0.0179912
0.01843
0.0177006
0.0182272
0.0179202
0.0183677
0.0180076
0.0179483
0.0171698
0.0174361
0.0183641
0.0172139
0.0173567
0.01729
0.0174762
0.0165624
0.0168949
0.0169919
0.017129
0.0169166
0.0165845
0.0174192
0.0173303
0.0169916
0.0170608
0.0169032
0.0168876
0.0167592
0.017325
0.0166951
0.0160987
0.0161521
0.0162313
0.0164449
0.016147
0.0161239
0.0164052
0.0162926
0.0161004
0.0161214
0.0158004
0.0160182
0.0154304
0.0161294
0.0158278
0.0159559
0.0161403
0.0155527
0.0151466
0.0164189
0.0161144
0.0162386
0.0156541
0.0159276
0.0161914
0.0159005
0.014809
0.0156879
0.0157535
0.0155779
