208.918
181.642
117.377
110.149
149.075
181.849
289.401
251.981
221.741
298.42
542.886
359.227
387.882
507.985
355.857
435.311
648.347
706.077
812.377
698.481
425.179
694.263
978.185
719.125
698.481
1095.7
1067.02
911.955
1154.58
1465.38
1763.34
1207.03
1410.62
1392.08
1958.33
1863.64
1851.31
2104.75
1723.41
2104.75
1958.33
1848.87
1958.33
1825.67
1958.33
1958.33
1673.42
2104.75
1639.27
2104.75
2007.75
1958.33
1958.33
1964.66
2104.75
1958.33
1702.42
1958.33
2139.57
1958.33
1964.66
2142.69
2104.75
1958.33
1958.33
1958.33
1958.33
2142.69
2197.85
2104.75
1958.33
1958.33
1958.33
1958.33
2104.75
2104.75
1958.33
2104.75
2104.75
1958.33
1958.33
1958.33
2104.75
2104.75
2071.17
2142.69
2142.76
2197.85
1964.66
2175.44
2142.69
2142.69
2104.75
2175.44
2104.75
2104.75
2104.75
2142.69
2142.69
2104.75
