0.140229
0.888762
0.161009
0.174139
0.164868
0.183357
0.176988
0.175376
0.182031
0.190612
0.189301
0.191861
0.174838
0.182451
0.176902
0.175968
0.174292
0.176055
0.177874
0.171422
0.171111
0.171008
0.17
0.174216
0.168576
0.172378
0.168641
0.178704
0.181582
0.178504
0.179723
0.184091
0.18195
0.177111
0.186373
0.185542
0.178909
0.18825
0.184951
0.195538
0.195622
0.189199
0.18535
0.194771
0.190718
0.192509
0.18808
0.195565
0.198481
0.194488
0.195761
0.200379
0.202092
0.202869
0.21226
0.203785
0.206955
0.202763
0.205458
0.209195
0.206003
0.20001
0.204697
0.203917
0.212358
0.212483
0.21761
0.219035
0.217641
0.215593
0.221569
0.217756
0.219703
0.226806
0.220112
0.222345
0.229025
0.223526
0.225888
0.226047
0.226872
0.227064
0.228727
0.230915
0.224241
0.229563
0.221585
0.228485
0.227647
0.22679
0.224589
0.224505
0.257248
4.60742
0.920952
0.335085
0.326154
0.321066
0.320306
0.302055
