9.66343
10.4301
7.77465
9.04452
9.81939
13.6166
11.7113
14.0473
13.8796
11.3832
10.7935
8.98049
8.61007
11.502
8.05693
7.02272
10.389
9.33241
10.027
11.7975
9.76233
9.75483
10.3292
9.48319
10.7686
10.041
9.57348
11.1056
10.992
11.156
9.20151
10.989
9.47366
8.44184
9.99349
10.0876
9.59154
10.8552
10.7229
13.3632
11.8035
11.8234
13.8998
11.1321
8.62782
10.4953
9.31488
12.4094
11.3557
10.9644
10.0947
11.3805
14.2193
9.97186
10.9275
11.4825
9.86238
10.6357
9.05881
11.3165
11.7653
9.70292
10.036
12.748
10.7936
11.2539
9.34
12.1587
10.2793
10.601
11.7995
11.0898
11.1607
11.2411
11.493
10.7605
10.5573
10.7226
11.6986
10.1267
11.0376
11.9469
10.0496
12.2196
12.6198
10.5288
12.0272
12.9115
10.7341
10.7122
11.6019
10.8833
11.2945
9.15599
10.6766
9.75201
10.2066
7.98227
10.6656
10.5747
