0.274606
0.32577
0.325797
0.309377
0.32706
0.334655
0.324819
0.332285
0.353987
0.337476
0.345281
0.342037
0.351803
0.324379
0.283097
0.199907
0.144875
0.166168
0.155166
0.153527
0.167585
0.158292
0.149878
0.146261
0.149681
0.160886
0.17159
0.171389
0.159042
0.168388
0.161011
0.183582
0.173793
0.184681
0.175986
0.167732
0.172574
0.177539
0.171662
0.16403
0.166828
0.16897
0.173045
0.168561
0.169328
0.157874
0.153527
0.155104
0.151745
0.154866
0.16106
0.146496
0.15187
0.14606
0.152842
0.148118
0.147672
0.143116
0.153304
0.155577
0.146324
0.150209
0.146099
0.142941
0.14125
0.141163
0.150851
0.146568
0.135195
0.149573
0.13978
0.143073
0.136386
0.134637
0.144295
0.147736
0.139592
0.139465
0.129575
0.141399
0.139164
0.147015
0.133385
0.141129
0.138956
0.136467
0.13892
0.140699
0.14848
0.13631
0.135582
0.137519
0.139097
0.13497
0.141255
0.141979
0.138646
0.142707
0.130122
0.131914
0.134627
0.135762
0.135984
0.128875
0.126519
0.132282
0.127362
0.131054
0.131029
0.135546
0.131713
0.135784
0.131508
0.13636
0.138301
0.133099
0.12857
0.131957
0.133915
0.129761
0.129697
0.127746
0.12371
0.133882
0.127867
0.125915
0.130724
0.134273
0.122861
0.124514
0.121719
0.129952
0.123653
0.127084
0.131447
0.132892
0.130892
0.125006
0.133764
0.128601
0.138048
0.135033
0.131832
0.134755
0.130568
0.131775
0.128655
0.133345
0.128353
0.123649
0.123869
0.130474
0.136079
0.132636
0.134549
0.130113
0.13413
0.140451
0.130409
0.132309
0.131146
0.135172
0.124985
0.126516
0.135455
0.134727
0.133213
0.128788
0.135287
0.137779
0.132221
0.134976
0.135232
0.130195
0.130745
0.138067
0.138377
0.133672
0.134895
0.12968
0.133836
0.137654
0.13176
0.138881
0.134297
0.129017
0.137432
0.130639
0.137909
0.130364
0.138312
0.13321
0.136715
0.132446
0.129635
0.133089
0.130682
0.135336
0.127671
0.132688
