0.0760754
0.0628233
0.0686096
0.0648542
0.0650204
0.0667618
0.0713124
0.0763241
0.0690614
0.0750084
0.0732002
0.0735439
0.0798763
0.0774847
0.0809059
0.0800448
0.0802329
0.0857273
0.084426
0.0815931
0.0885608
0.0903017
0.0888371
0.0880413
0.0879983
0.0909443
0.0910416
0.0887346
0.0942107
0.0938486
0.0963045
0.0987802
0.0975487
0.0988872
0.0960419
0.0990941
0.0979157
0.10218
0.0999599
0.102327
0.102951
0.100712
0.103931
0.103326
0.10361
0.105011
0.104591
0.107315
0.101864
0.109297
0.111696
0.112066
0.107235
0.109633
0.112987
0.114978
0.12303
0.12794
0.137747
0.146085
0.152472
0.153223
0.159598
0.170372
0.175008
0.178721
0.181906
0.18418
0.185647
0.19907
0.206183
0.210788
0.21748
0.230517
0.235415
0.240042
0.250333
0.256284
0.262364
0.276041
0.286295
0.279429
0.291648
0.301132
0.307467
0.31198
0.319143
0.32742
0.335354
0.346545
0.349951
0.360068
0.358919
0.362651
0.374442
0.386595
0.386683
0.402932
0.403488
0.417331
