5.39129
8.05806
6.10168
7.80959
9.55234
9.25071
10.2104
6.20318
5.94603
6.50738
6.43102
7.67179
7.50991
8.24789
5.81554
7.54189
8.6552
7.00449
9.16663
6.10108
8.95207
10.6786
7.75376
7.28605
6.84154
7.70591
8.19414
10.6024
7.21653
9.28147
7.84967
8.00004
8.00062
9.06048
8.02946
5.99031
7.61837
8.08946
6.75847
6.42681
8.19172
7.38326
8.17155
7.56155
7.59797
8.07653
9.76954
10.0535
8.73087
7.87313
8.97977
10.367
10.3223
10.6764
10.6684
10.6973
10.7192
10.7311
10.7192
10.888
10.7022
10.6936
10.6768
11.1944
10.7208
10.6811
10.7192
10.7118
10.7177
10.7232
10.6842
10.6941
10.7198
10.8053
10.7186
10.7277
10.7244
10.6911
10.9922
10.68
10.6842
10.6949
10.6809
10.7074
11.035
10.695
10.6791
10.7214
10.6977
10.7345
10.7007
10.6847
10.7649
10.6938
10.7192
10.703
10.7263
10.8687
10.9496
10.7398
