1.28491
1.34732
1.27209
1.34473
0.87422
0.22372
0.222626
0.213485
0.219088
0.208179
0.212708
0.209831
0.209537
0.22799
0.222677
0.222969
0.236048
0.226844
0.237868
0.222973
0.247322
0.237269
0.234516
0.234522
0.229811
0.230447
0.227656
0.228993
0.224456
0.242173
0.240851
0.238783
0.233609
0.232112
0.23187
0.240725
0.23537
0.241682
0.241873
0.237461
0.249736
0.234813
0.244354
0.242522
0.232423
0.246459
0.249147
0.246136
0.252138
0.243894
0.245991
0.240263
0.252677
0.240224
0.238832
0.249677
0.245252
0.245096
0.251166
0.24547
0.250123
0.244643
0.250704
0.251766
0.246476
0.253558
0.246008
0.250085
0.250336
0.251957
0.250603
0.236829
0.243619
0.241206
0.229042
0.23703
0.239246
0.239367
0.240227
0.238044
0.237765
0.234966
0.232302
0.229282
0.228545
0.236025
0.228867
0.237207
0.237032
0.235796
0.237419
0.245935
1.03042
0.307458
0.28227
0.26899
0.273698
0.268624
0.272187
0.275435
