1.65758
1.61795
1.6765
1.5555
1.59696
1.61914
1.55745
1.61123
1.67022
1.6209
1.61683
1.56486
1.59423
1.68048
1.61645
1.55342
1.62823
1.70214
1.59227
1.68739
1.5709
1.62588
1.60515
1.64699
1.59762
1.65472
1.61999
1.68905
1.67682
1.69175
1.6898
1.692
1.6907
1.69512
1.69328
1.69252
1.69733
1.68832
1.69255
1.67665
1.67447
1.68864
1.69133
1.63781
1.69303
1.65174
1.69978
1.67702
1.68069
1.69799
1.69502
1.68053
1.68362
1.68925
1.68526
1.6936
1.69309
1.69038
1.6889
1.68046
1.70124
1.69408
1.66375
1.70131
1.69421
1.69153
1.7031
1.66721
1.69091
1.6909
1.69405
1.693
1.70091
1.69839
1.69093
1.69542
1.69215
1.68763
1.70137
1.67157
1.69568
1.68382
1.67228
1.69199
1.68442
1.6964
1.69313
1.69039
1.69148
1.69578
1.66785
1.68585
1.67681
1.70119
1.67704
1.69132
1.69523
1.66946
1.66934
1.69097
1.68593
1.69616
1.69469
1.66667
1.69088
1.69178
1.69225
1.69835
1.67372
1.68964
1.69487
1.64936
1.68664
1.65425
1.69363
1.69404
1.6721
1.62358
1.6813
1.67539
1.66705
1.66641
1.65861
1.69642
1.68522
1.67479
1.63096
1.68723
1.69936
1.68224
1.66903
1.68259
1.67195
1.67094
1.69181
1.67783
1.69456
1.68807
1.67758
1.69564
1.6757
1.66781
1.67191
1.67319
1.67133
1.67126
1.68612
1.69097
1.67532
1.69008
1.64225
1.69874
1.69458
1.68012
1.66115
1.66816
1.62037
1.69493
1.67361
1.64443
1.63712
1.66659
1.68635
1.66061
1.69386
1.67698
1.69506
1.66297
1.66609
1.66895
1.66883
1.67027
1.67438
1.64045
1.69882
1.67349
1.67244
1.69066
1.6645
1.66201
1.65105
1.6216
1.65466
1.69119
1.63349
1.62556
1.66695
1.70779
1.6767
1.65267
1.61305
1.64802
1.68447
1.6603
1.6445
1.68242
1.67502
1.62816
1.67339
1.65716
