0.0527372
0.0253535
0.00673149
0.00372206
0.0273489
0.0163311
0.0132791
0.0134959
0.00995975
0.0242469
0.0247487
0.0178155
0.0176364
0.0179782
0.0227066
0.0208096
0.0254775
0.0226075
0.0233373
0.0216553
0.0105513
0.0142015
0.0280253
0.0273836
0.029438
0.023148
0.030637
0.0357943
0.0234988
0.0212566
0.0173494
0.029523
0.0268943
0.0233917
0.0184201
0.0331642
0.0267563
0.0367703
0.0247747
0.0351448
0.0236259
0.0303307
0.024424
0.021132
0.0232288
0.0279679
0.0220919
0.0195361
0.0280969
0.0233084
0.0258206
0.0260794
0.0226112
0.01028
0.0264295
0.026872
0.0317351
0.0379757
0.0404187
0.0326691
0.0293521
0.0418527
0.0480388
0.0293701
0.0292531
0.044067
0.0393823
0.0257775
0.0330837
0.0290057
0.0290391
0.0440768
0.0298988
0.0348881
0.0499748
0.0430257
0.0267721
0.0254581
0.0171192
0.0418406
0.0289385
0.0243353
0.0262741
0.0227212
0.0236185
0.036203
0.0249625
0.0228094
0.0413248
0.0201979
0.047484
0.0319593
0.0255432
0.0268121
0.0296875
0.036791
0.0398163
0.0321838
0.0226487
0.0258897
