0.0166995
0.00911839
0.00861939
0.00849569
0.00870495
0.00880139
0.00895812
0.00916638
0.00914761
0.00903023
0.00922342
0.00922551
0.00919584
0.00914566
0.00947387
0.00934231
0.00939593
0.0095535
0.00954039
0.00965959
0.00949078
0.00958844
0.00954486
0.00967847
0.00986277
0.00968966
0.00968184
0.00955749
0.00975755
0.00970813
0.00975227
0.00966836
0.00992405
0.00998549
0.010088
0.0100433
0.0100394
0.010089
0.0118789
0.0122829
0.0119079
0.012121
0.0122207
0.0140077
0.0139991
0.0122262
0.0118848
0.0125013
0.0100742
0.0141914
0.0100775
0.0201919
0.0162321
0.0181063
0.0260552
0.0357369
0.0451081
0.0395071
0.0518749
0.0514731
0.0513974
0.071749
0.0783037
0.0593679
0.0657435
0.0846588
0.0788289
0.0840524
0.0819758
0.116125
0.0974991
0.0902441
0.0825928
0.130612
0.128213
0.0995866
0.119071
0.168514
0.112003
0.147055
0.171468
0.138543
0.173525
0.172085
0.199972
0.20671
0.197269
0.183153
0.199858
0.187806
0.224944
0.196783
0.179258
0.223159
0.224105
0.25016
0.182095
0.239485
0.225993
0.22137
