0.0264254
0.0262815
0.0280053
0.0292935
0.0316869
0.0306695
0.0329584
0.032411
0.0336253
0.0349633
0.0335882
0.021085
0.0165569
0.0175984
0.0119535
0.013667
0.0164495
0.0185768
0.0181035
0.0165764
0.0153714
0.0167463
0.0171929
0.0165655
0.0176052
0.0160495
0.0177998
0.0167238
0.0167874
0.0183799
0.0169091
0.0174648
0.0176059
0.0178636
0.0187532
0.0183312
0.017195
0.0179412
0.0183153
0.0171026
0.0182102
0.0184487
0.0195526
0.0176769
0.018129
0.0180804
0.018769
0.0192242
0.019195
0.0190466
0.017772
0.0187755
0.0179849
0.0177145
0.0181722
0.0183244
0.0178968
0.0178866
0.0180043
0.0179096
0.0173145
0.0167485
0.0177874
0.0171532
0.0177997
0.0173727
0.0177606
0.0176601
0.0182442
0.0175471
0.0171647
0.0170736
0.0177545
0.0180998
0.0179533
0.0177864
0.0184217
0.0173528
0.0183974
0.0182901
0.0174202
0.0180834
0.0178668
0.0182353
0.0186195
0.0172678
0.0177818
0.0186862
0.0186271
0.0174796
0.0169949
0.0178571
0.0173447
0.0177758
0.0187824
0.0183521
0.0176607
0.0181806
0.0173809
0.0176399
0.0182123
0.0182205
0.0178415
0.0172862
0.0175676
0.0172585
0.0178869
0.0182425
0.0168615
0.0172215
0.0176838
0.0178985
0.0179236
0.0181634
0.0175026
0.018305
0.0184938
0.01641
0.0175547
0.0166111
0.0165906
0.0170273
0.0156502
0.0160421
0.0168632
0.017381
0.0172107
0.0167742
0.0163046
0.0164813
0.0164455
0.0163783
0.0162188
0.0165801
0.0151522
0.0152119
0.0162581
0.0154706
0.0158174
0.0153913
0.0157326
0.0151933
0.0156893
0.015173
0.0151789
0.0147866
0.0155771
0.0152908
0.015153
0.0154611
0.0143256
0.0144184
0.0143642
0.0148066
0.01464
0.0148581
0.0145844
0.0145321
0.0146381
0.0143572
0.0149091
0.0145538
0.0144355
0.0145339
0.015119
0.014717
0.01432
0.0140374
0.0140951
0.0146632
0.0147169
0.014034
0.0138607
0.0143008
0.0139946
0.0138692
0.01356
0.0137559
0.0140376
0.0142952
0.0141041
0.0146181
0.0134601
0.0135383
0.0136339
0.013529
0.0144053
0.0140846
0.0138334
0.0141053
0.0144762
0.0136701
0.014458
0.0137069
0.0132031
0.0135432
0.0133795
0.0143457
0.0138315
0.0137865
