16.6988
14.9464
15.7775
13.5431
15.6671
14.7838
16.0458
16.4016
14.3826
14.6816
13.237
14.7665
14.2883
13.5864
16.4569
14.794
14.7479
14.9594
16.327
15.6554
16.3661
14.788
16.0311
17.4037
16.6132
15.9407
15.4804
15.3183
15.3568
15.841
15.9879
15.595
15.4938
17.5003
15.6327
16.8205
16.2409
15.9428
15.6661
15.9363
14.9257
14.8342
14.8108
15.0845
15.2019
15.6696
15.5454
15.35
15.5458
16.9348
15.0679
15.501
15.6604
15.2448
15.6477
16.6893
14.9637
14.9058
14.8066
14.9735
15.5797
16.0907
14.7802
15.4768
14.6924
15.0428
15.0244
15.3224
15.4416
15.1207
15.3827
15.0106
15.0057
15.7792
14.451
15.2427
14.6905
14.4814
15.2457
16.533
15.1441
16.3991
14.4091
14.7648
14.415
14.3101
15.5806
15.5511
15.2055
14.4824
14.8587
14.2261
13.9373
14.8027
14.2144
14.6277
15.2503
15.7875
15.2388
14.8257
