15.924
16.7069
16.5442
15.1255
15.3384
15.635
15.5781
16.3693
16.4399
16.9962
16.4884
15.8126
15.3898
16.6202
17.1516
16.0219
16.6012
16.7265
15.6231
15.5818
15.7001
17.1148
15.3485
16.1788
16.4159
15.934
15.1553
16.4323
15.5442
16.6553
17.3473
16.5988
16.4989
12.7813
15.3644
16.1572
15.6346
15.964
15.7633
15.5331
16.2931
16.3858
15.5455
17.0485
16.4798
15.36
16.7888
16.1925
16.3922
16.3535
14.6364
15.2038
16.4523
16.9953
15.0055
16.0363
16.6446
15.6398
16.549
15.9616
15.0477
16.3792
16.5345
16.6329
17.2071
16.7885
15.5587
16.0152
16.324
17.4045
17.1629
14.8209
16.0455
15.6666
17.0062
17.1952
17.8259
16.6745
17.2697
16.6964
17.1816
17.5148
16.2251
20.1761
17.4831
19.5079
16.8394
17.596
16.8637
15.7488
16.9973
15.6222
16.5925
16.2161
16.1102
16.8341
17.3723
17.5148
18.195
17.6317
16.4212
16.674
18.8505
17.6088
17.3926
18.5676
18.5457
18.0418
17.2965
19.1604
18.198
18.0021
20.0572
19.0353
19.2707
16.1885
16.942
20.8352
17.1437
19.6139
16.6876
19.1788
17.9202
18.434
17.5365
20.3723
18.9478
18.0809
18.9806
20.2593
19.161
19.182
18.5204
18.3683
18.9734
17.5928
19.1634
20.675
20.2443
19.057
18.6461
18.6234
20.8451
18.655
19.0075
20.1222
19.1211
18.5959
19.1031
17.3563
19.5843
19.1383
18.9812
19.601
19.6937
18.6398
19.6146
20.202
19.601
21.2158
19.0369
20.1791
21.2158
19.1637
19.1146
19.601
20.2892
20.7349
20.123
19.1784
19.601
18.9722
19.1696
19.1255
19.5843
19.4608
19.601
20.3009
18.6225
20.7611
18.619
19.601
19.1665
19.601
19.7384
19.601
19.601
19.601
19.601
20.3291
19.601
18.9448
19.1709
19.601
20.7611
18.9715
19.1694
19.1683
19.601
19.1073
