0.0103215
0.00900847
0.00878016
0.00902643
0.00895291
0.00890097
0.00788111
0.00377233
0.00385142
0.00375489
0.00371393
0.00374995
0.00287475
0.00320256
0.00327725
0.00313786
0.00331203
0.00322555
0.00328631
0.00322497
0.0030479
0.00323622
0.00328375
0.00313145
0.00335051
0.00333076
0.00316506
0.0032249
0.00326056
0.00317576
0.00328423
0.00323065
0.0034233
0.00333623
0.00343574
0.00352544
0.00348659
0.00337934
0.00354735
0.00350406
0.00338698
0.00355003
0.00343789
0.00346998
0.00341187
0.00359719
0.00365438
0.00354678
0.00358249
0.0035878
0.00346897
0.00353315
0.00331675
0.0031507
0.00319674
0.00306274
0.00292959
0.0029104
0.00286102
0.00279986
0.0026958
0.0027639
0.00263732
0.00260544
0.00258122
0.00250611
0.00244191
0.00229529
0.00230776
0.00224159
0.00219581
0.00214181
0.00208619
0.00212958
0.00201859
0.00206408
0.00195562
0.00195265
0.00195354
0.00188317
0.00184363
0.00188273
0.00183235
0.00183119
0.00180859
0.00186337
0.00181899
0.00182557
0.00178676
0.00175799
0.00171623
0.00173511
0.00172075
0.00170383
0.00164365
0.00168651
0.0015618
0.00152744
0.00151838
0.0015556
