0.00852533
0.00928262
0.0093769
0.0102504
0.0106283
0.0104432
0.0100353
0.0100959
0.0102425
0.0097484
0.00998055
0.0100321
0.00999524
0.0102718
0.0102952
0.0100964
0.0104914
0.010253
0.00669183
0.00388497
0.00495649
0.0050836
0.00514986
0.00422091
0.003549
0.00414226
0.00361038
0.00383729
0.00380587
0.00397442
0.0035981
0.0036331
0.00368918
0.00363622
0.00390758
0.00373511
0.0035247
0.00341875
0.00363532
0.00328283
0.00365697
0.00358237
0.00358205
0.00379229
0.00347399
0.00371418
0.00345297
0.00365189
0.00323952
0.00348995
0.00329478
0.00337988
0.00366297
0.00342147
0.00352941
0.00333128
0.00343483
0.00360175
0.00362399
0.00336764
0.00380314
0.00371107
0.003485
0.00357415
0.00370101
0.00351655
0.00358721
0.00356436
0.00347825
0.00361699
0.00335916
0.00341691
0.00347911
0.00348864
0.00352231
0.00345025
0.00340689
0.00344611
0.00338632
0.00341258
0.00335922
0.00350327
0.00331891
0.00318498
0.00344974
0.00345376
0.00345889
0.00332594
0.00369351
0.00328781
0.00350993
0.00332897
0.00364975
0.00344636
0.00353689
0.00343644
0.00351746
0.00336978
0.00339606
0.00346669
0.00344294
0.00324509
0.00352738
0.00344402
0.0033415
0.00340223
0.00330281
0.00330767
0.00320199
0.0033625
0.00335834
0.00325559
0.00313693
0.00320108
0.0030666
0.00304375
0.00321861
0.00322872
0.00324213
0.00327427
0.00301014
0.00306889
0.00321124
0.00315472
0.0029592
0.0031023
0.00313867
0.00313056
0.00291697
0.00302807
0.00306879
0.00319589
0.00304861
0.00316334
0.00311852
0.00316748
0.00315579
0.00314626
0.002975
0.00295116
0.00297798
0.0032623
0.00310379
0.00294916
0.00305065
0.00305598
0.00309345
0.00302602
0.00320769
0.00314603
0.0030027
0.00297068
0.00310304
0.0031713
0.00302993
0.00305395
0.00310951
0.00310086
0.00303972
0.00301989
0.00308817
0.00304209
0.00312388
0.0030704
0.00295465
0.00298004
0.00305238
0.00288332
0.00295527
0.00296214
0.00301068
0.00278941
0.00285582
0.00286187
0.0029756
0.00298618
0.00295289
0.00300835
0.00287404
0.00298782
0.00306866
0.00289081
0.00294823
0.00297889
0.00293592
0.00303078
0.00300175
0.00297659
0.00285079
0.00306189
0.00299908
0.00310132
0.00297986
0.00301326
0.00294381
0.00290388
0.00302358
0.00300209
0.00295043
0.00291289
