259.863
92.1665
279.112
292.721
453.11
310.947
285.484
400.2
495.866
567.231
375.995
314.531
1556.27
773.544
1280.84
1647.85
1405.72
4803.08
2621.02
4561.98
1590.95
1616.39
5365.99
3152.01
6087.74
5060.08
4629.56
4002.38
13310.7
10437.7
13310.7
3430.67
5437.06
14995
10849.4
8718.36
16297.1
16297.1
16297.1
13310.7
9579.43
16297.1
16297.1
16297.1
16297.1
12365
16297.1
15866.5
16297.1
12814.5
16297.1
16297.1
16931.7
16297.1
16297.1
16297.1
16297.1
16297.1
16931.7
16769.3
13197.9
16297.1
16297.1
16297.1
16297.1
16297.1
16297.1
16297.1
16297.1
16297.1
16297.1
16297.1
16297.1
16297.1
16297.1
16297.1
16297.1
16297.1
16260.1
16297.1
16297.1
16297.1
18068.1
16297.1
16931.7
16297.1
16297.1
16931.7
16297.1
16931.7
16521
16297.1
16297.1
16769.3
17288
17706.9
16297.1
16297.1
16629.6
16297.1
