11.0588
10.0052
12.1664
10.5284
9.90334
12.1754
12.3049
11.1913
10.1191
11.1748
12.3127
11.8972
12.2472
8.97165
11.2887
11.7569
11.8777
12.2588
12.1953
11.2607
11.1505
12.3887
11.7099
12.2327
12.1716
12.411
12.3002
12.129
12.1989
12.2743
11.775
11.8617
12.0531
12.3443
12.4188
12.376
12.358
12.3036
12.3512
12.2619
12.3356
12.3258
12.3745
12.3025
12.3175
12.2244
12.4538
11.753
12.3794
11.8416
12.3092
12.2093
12.3191
12.3832
12.3622
12.3357
12.4034
12.4008
12.4487
12.3978
12.3707
12.3656
12.4143
12.3355
12.2806
12.5112
12.3852
12.4248
12.2745
12.2796
12.3729
12.4684
12.3877
12.3997
12.1817
12.3769
12.4071
12.427
12.4464
12.4181
12.4109
12.2759
12.367
12.3966
12.3857
12.3068
12.3821
12.4294
12.3084
12.3934
12.3169
12.4889
12.3739
12.455
12.3834
12.269
12.4994
12.4093
12.286
12.2874
12.3283
12.4103
12.433
12.4666
12.3914
12.3069
12.3413
12.337
12.2545
12.3029
12.3827
12.2982
12.343
12.3051
12.398
12.4227
12.5822
12.3585
12.4255
12.2807
12.3643
12.3009
12.5079
12.4021
12.6374
12.4805
12.4744
12.3777
12.2004
12.3332
12.4418
12.4424
12.4734
12.3414
12.3834
12.2767
12.4674
12.4062
12.3614
12.2329
12.3937
12.4614
12.4087
12.4217
12.4151
12.359
12.3986
12.0916
12.3209
12.4369
12.281
12.4415
12.492
11.9101
12.3713
12.5378
12.329
12.3649
12.477
12.5236
12.436
12.2018
12.4469
12.3338
12.5503
12.3754
12.1983
12.3912
12.4629
12.3621
12.4092
12.4431
12.5148
12.3135
12.4432
12.2922
12.1918
12.4313
12.4273
12.2522
12.3426
12.3681
12.2853
12.5518
12.4541
12.0224
12.4086
12.1989
12.3123
12.3082
12.2225
12.4063
12.3329
11.9807
12.4515
12.4807
12.3344
12.2481
12.2054
12.4542
