0.739139
1.0698
1.17443
1.20471
1.15975
1.04393
1.05308
1.05223
0.978797
0.969756
0.998017
1.0051
1.0356
1.00019
1.0315
1.02225
1.07394
1.022
1.05062
1.02309
1.0489
1.05482
1.01876
1.05486
1.04002
1.05572
1.08156
1.01964
1.01546
1.04511
1.04212
1.04787
1.04445
1.05329
0.992104
0.999297
1.01386
1.07238
1.03737
1.05239
1.0375
0.969112
1.02075
0.991961
1.01989
0.971416
0.970098
1.00201
0.973855
0.982068
0.97093
0.975515
0.929528
1.01947
0.930321
0.969507
0.937474
0.961492
0.96449
0.928586
0.951861
0.948147
0.892864
0.935781
0.932464
0.928889
0.953294
0.927453
0.94618
0.938184
0.955138
0.903333
0.959592
0.935654
0.893716
0.877663
0.931254
0.919563
0.876531
0.912864
0.918185
0.879076
0.900889
0.893882
0.904647
0.877393
0.880656
0.874473
0.883685
0.843673
0.887955
0.857895
0.894129
0.857783
0.860907
0.867443
0.876036
0.852311
0.877865
0.833463
0.834082
0.843106
0.839247
0.884493
0.832534
0.835519
0.841573
0.844385
0.861609
0.882746
0.867155
0.843726
0.79885
0.849654
0.862945
0.835399
0.802352
0.821201
0.810173
0.823358
0.805691
0.803841
0.795639
0.791258
0.845377
0.813644
0.824818
0.814335
0.78233
0.78349
0.833239
0.80877
0.803109
0.762472
0.781562
0.796032
0.780572
0.794334
0.781676
0.779247
0.757993
0.765805
0.81534
0.829624
0.817248
0.779784
0.789731
0.784252
0.778004
0.768111
0.798368
0.738692
0.767203
0.760804
0.772184
0.816054
0.763619
0.746379
0.76371
0.730057
0.741244
0.755847
0.732877
0.746353
0.739042
0.695825
0.751291
0.725447
0.710531
0.734211
0.752284
0.727431
0.705123
0.736162
0.700682
0.743907
0.720286
0.702641
0.677351
0.682644
0.65654
0.652736
0.736626
0.68902
0.69486
0.704021
0.694938
0.661069
0.69266
0.63998
0.664713
0.674089
0.64266
0.682893
0.621968
0.659565
0.675228
0.662541
0.683964
0.65362
