1.39718
0.888308
0.830188
0.970955
0.964456
0.982504
0.961078
1.02671
0.976147
0.986912
0.990838
0.99521
0.98491
1.00662
0.979561
0.932184
0.924382
0.858148
0.786459
0.642672
0.455758
0.304534
0.209323
0.241899
0.34691
0.400246
0.389606
0.415401
0.298063
0.328093
0.287322
0.273833
0.312139
0.353671
0.310482
0.358738
0.37965
0.398338
0.374169
0.361947
0.384945
0.378261
0.376592
0.378161
0.383394
0.382973
0.3907
0.360823
0.376439
0.390949
0.356158
0.388279
0.38183
0.364561
0.380127
0.357409
0.337243
0.359472
0.351994
0.352653
0.346185
0.34942
0.332395
0.347893
0.364332
0.346192
0.345906
0.347242
0.341386
0.347052
0.344339
0.339342
0.337171
0.333164
0.350814
0.342754
0.338024
0.334993
0.330501
0.352226
0.325706
0.354586
0.362164
0.350867
0.359522
0.353845
0.34989
0.348725
0.363219
0.35104
0.348247
0.348286
0.348313
0.350255
0.353112
0.34443
0.338259
0.344583
0.33941
0.336073
0.346654
0.336196
0.361183
0.325568
0.34152
0.3428
0.344429
0.348819
0.339791
0.350296
0.337124
0.339276
0.338291
0.340535
0.324186
0.332175
0.336092
0.329019
0.314789
0.307127
0.322001
0.317911
0.31369
0.305536
0.327378
0.313215
0.320018
0.30864
0.308627
0.318504
0.311682
0.298307
0.297805
0.315516
0.317375
0.315227
0.31166
0.317471
0.304918
0.302473
0.292713
0.315299
0.301172
0.327629
0.292551
0.308989
0.305235
0.29592
0.299026
0.307457
0.291799
0.31311
0.304184
0.293002
0.297765
0.301027
0.302605
0.304528
0.29958
0.303018
0.296057
0.290887
0.299145
0.294278
0.310803
0.284825
0.294606
0.287959
0.300802
0.306715
0.304761
0.300709
0.294081
0.287474
0.29048
0.299453
0.293719
0.290993
0.295476
0.302313
0.291287
0.294774
0.286328
0.288423
0.295311
0.289524
0.29871
0.287562
0.301786
0.296892
0.286566
0.298564
0.295582
0.299069
0.28441
0.287207
0.291395
0.291504
0.287646
0.296236
