18.9221
18.3849
19.641
19.0202
19.1165
19.4943
19.7068
19.3586
19.5479
19.3822
18.8189
18.7708
19.3031
19.5258
19.3479
19.6007
18.737
19.6083
18.7926
19.5722
18.957
19.4433
19.0119
19.6484
19.3245
19.6543
18.7038
19.605
19.2618
19.2416
19.479
19.2814
18.9806
19.0109
18.8835
19.5634
17.5312
19.2539
18.6138
18.9862
18.9135
18.379
18.914
19.1282
19.4612
19.6296
19.4627
19.3265
17.1926
17.954
19.667
17.1884
19.1932
18.7138
17.092
18.8024
18.3739
18.633
18.5318
17.4659
18.9613
18.8257
18.7995
16.5632
16.3839
14.3176
18.8415
17.6688
19.5029
13.2551
19.2332
19.7482
15.1635
17.5113
17.3698
18.9644
13.2394
12.5787
18.3425
14.3333
16.7118
15.7745
19.0015
15.4422
14.3236
13.3974
16.3457
13.7166
13.4188
13.6812
19.8314
19.5483
17.223
13.7496
14.8422
14.8713
18.8989
13.1691
13.2659
16.4857
19.0494
18.415
16.2319
19.5139
15.8666
13.4992
18.3865
19.1048
16.7822
16.0804
13.9076
15.7406
18.3766
16.9176
16.9801
13.4002
19.636
17.1439
13.8878
17.7276
13.971
19.2278
13.7876
19.0067
14.1759
18.8507
20.1566
18.2847
19.6646
16.6492
18.6295
18.8437
18.9286
17.536
19.4812
17.8473
18.9994
17.6938
18.3679
19.6232
18.9611
18.911
19.5075
16.9667
18.6973
19.1427
19.7052
17.9924
19.2378
16.9329
18.6717
19.8198
19.0002
19.8912
19.399
19.3003
18.9789
17.5164
19.0387
19.139
18.683
19.1496
19.1191
19.5871
18.0346
18.8044
19.0511
19.5087
18.9586
18.6942
17.4091
18.8804
19.1655
19.7068
18.6283
18.755
18.1161
19.7052
19.3033
19.1732
18.8696
19.4029
18.3267
18.1845
18.7134
19.5493
18.9474
17.4806
19.9238
18.9596
19.2601
19.7303
19.5182
19.3274
19.0062
19.2403
18.8933
19.5054
19.3564
19.6647
