0.283461
0.337988
0.484334
0.50651
0.268757
0.294191
0.287327
0.286819
0.290669
0.281698
0.287406
0.292852
0.216432
0.0289802
0.0277019
0.0277548
0.0281488
0.0276946
0.0274177
0.0281603
0.0277972
0.0279623
0.0292398
0.0281909
0.0273587
0.027827
0.0295745
0.0296556
0.0281158
0.0281364
0.0288317
0.0279715
0.0285404
0.0282052
0.0286259
0.0272266
0.0265495
0.0252495
0.0229051
0.0204389
0.0202252
0.0191163
0.0210263
0.0213868
0.0191764
0.0208024
0.0196022
0.0206837
0.0202471
0.0196092
0.019527
0.0193232
0.0195083
0.019752
0.0192206
0.018832
0.0180553
0.0187742
0.0192287
0.0189415
0.0182588
0.0186521
0.0184269
0.0181911
0.0176103
0.0173986
0.0180377
0.0170906
0.0166984
0.0173838
0.0168037
0.0170528
0.0173458
0.0168363
0.0165408
0.0173872
0.0163243
0.0167459
0.0169217
0.0158044
0.0165724
0.016874
0.0164673
0.0163744
0.0153814
0.0156198
0.0169514
0.0155449
0.0157085
0.0153115
0.014771
0.0156937
0.0160108
0.0150813
0.015232
0.0147562
0.0152124
0.0149757
0.014851
0.0142373
0.0144985
0.0141033
0.0139966
0.0136649
0.0131533
0.0135843
0.0125124
0.0124314
0.0126445
0.0127598
0.0132901
0.0129764
0.0127026
0.0122231
0.0128928
0.012711
0.0127963
0.0132447
0.0124329
0.0133359
0.0130027
0.0129001
0.0124129
0.0122182
0.0118093
0.0130306
0.0121041
0.0124864
0.0122587
0.0117273
0.0124645
0.0120281
0.0124306
0.0122002
0.0121825
0.0120492
0.0126916
0.011574
0.0116536
0.0110869
0.0117359
0.0119406
0.0115075
0.0120948
0.0115713
0.0118164
0.0117129
0.0113809
0.0112206
0.0114156
0.0109625
0.0113058
0.0113261
0.0119139
0.0114869
0.0109535
0.0105469
0.0103889
0.0109076
0.0105159
0.0109455
0.0113308
0.0110302
0.0105922
0.0106589
0.0104555
0.0110804
0.0102647
0.0101466
0.00990129
0.0112802
0.010692
0.0108438
0.010418
0.0109358
0.0102339
0.0101128
0.0102993
0.010756
0.00980668
0.0103793
0.0099646
0.00998107
0.0100685
0.0104127
0.0101513
0.0103292
0.0101262
0.0098411
0.0100935
0.0103179
0.00978166
0.00983955
0.0101927
0.0103727
0.00948764
0.0101921
0.0091875
0.00899967
0.00959074
