1.51075
1.51758
1.51324
1.50771
1.52023
1.52265
1.50619
1.51586
1.50147
1.52809
1.52917
1.51708
1.48722
1.5153
1.52363
1.48939
1.52632
1.51291
1.50575
1.49664
1.51563
1.51355
1.51675
1.49282
1.51399
1.47474
1.47812
1.46867
1.52421
1.4695
1.52275
1.47527
1.48672
1.48834
1.48557
1.48102
1.50153
1.48084
1.48712
1.48335
1.48124
1.51076
1.46026
1.49408
1.48791
1.4873
1.50347
1.4787
1.49248
1.48842
1.46492
1.48695
1.50088
1.48641
1.4767
1.48038
1.48124
1.49394
1.46816
1.46206
1.47842
1.50232
1.5173
1.49607
1.49953
1.46024
1.47259
1.48613
1.48249
1.48234
1.47664
1.45783
1.48189
1.47826
1.46934
1.48479
1.47366
1.47332
1.49542
1.47261
1.48346
1.47083
1.49421
1.46126
1.47599
1.47933
1.47875
1.47652
1.47442
1.47372
1.45382
1.47775
1.48288
1.48568
1.4586
1.45279
1.47018
1.44314
1.45989
1.47509
1.4484
1.45169
1.46316
1.45829
1.46078
1.44774
1.48226
1.44225
1.42151
1.45958
1.44483
1.45784
1.44141
1.45393
1.45697
1.44802
1.43028
1.45884
1.47971
1.48749
1.44741
1.44638
1.4664
1.46212
1.44303
1.46038
1.46213
1.39007
1.42198
1.45871
1.47402
1.47203
1.45056
1.46338
1.43321
1.44679
1.45023
1.44943
1.45914
1.46628
1.43143
1.44358
1.46908
1.42049
1.45463
1.46757
1.44443
1.44616
1.40598
1.44699
1.42258
1.46763
1.45922
1.4468
1.46576
1.44943
1.45129
1.4293
1.45829
1.43794
1.43219
1.46038
1.44987
1.4514
1.44637
1.47115
1.44733
1.47807
1.45384
1.47035
1.43489
1.43885
1.424
1.49447
1.45139
1.4423
1.43451
1.46646
1.44816
1.45379
1.44055
1.44325
1.44199
1.45572
1.46962
1.45332
1.40684
1.41979
1.4519
1.43036
1.42621
1.42327
1.41237
1.47686
1.46
1.44953
1.42285
1.45698
1.44107
1.41559
