6.55268
6.59687
6.5839
6.63754
6.65465
6.59658
6.72094
6.72163
6.70453
6.60749
6.66613
6.73279
6.35379
6.71056
6.70442
6.59698
6.72044
6.6002
6.7283
6.60043
6.32141
6.72315
6.67313
6.71756
6.51294
6.23301
6.1429
6.58135
6.24381
6.57812
6.72677
6.41347
6.56467
6.58244
6.57405
6.61496
6.20114
6.21338
6.69564
6.57174
6.61022
6.56108
6.53434
6.60725
5.87671
6.73607
6.22977
6.23006
6.1135
6.15544
6.52772
6.16534
6.25793
6.30832
6.5754
6.16553
6.4005
6.18786
5.6806
6.12252
6.47722
6.54105
6.033
6.65484
6.5856
6.58456
6.23206
6.19443
6.18302
5.95101
5.81373
6.28714
6.35869
6.10219
5.81874
6.13476
6.23568
5.8922
6.58576
6.59155
6.50274
6.25345
6.09042
5.98635
6.27736
5.74598
6.40513
5.80966
5.96944
6.32851
5.69592
6.18544
6.36129
6.07483
5.80525
6.24982
6.52096
6.22887
6.62141
6.58256
5.69259
6.02325
6.38693
6.04691
5.921
6.14776
6.16695
5.83805
6.65061
6.61695
6.31978
5.84688
5.798
6.31904
5.68894
6.25163
6.22482
6.71311
6.12346
6.33082
6.16236
6.27901
6.13437
6.10394
5.85693
5.8388
6.19077
6.31397
5.78969
5.8179
5.7812
5.76038
5.93262
6.23557
6.32875
6.13265
6.10164
5.76431
6.2624
6.03304
6.08693
6.0665
6.15598
6.08246
6.25798
5.80473
5.78133
6.32598
5.85631
5.83225
5.85166
5.71455
5.41513
6.09545
5.68533
5.95592
6.36611
6.23074
5.78384
6.29372
6.30816
5.80645
5.7124
6.70992
6.35842
5.42833
6.18664
5.39976
5.92245
5.89556
6.35285
6.56391
6.0222
5.47846
5.3086
5.72813
5.82875
5.95375
5.59503
6.27069
5.79538
5.70407
6.03371
5.75435
5.67455
5.50672
5.93396
5.67145
6.26261
5.94943
6.267
5.54147
5.64895
5.92668
6.12514
5.80032
6.38284
5.95305
6.37613
6.30712
