2.17331
2.28955
2.21055
2.34085
2.24266
2.28696
2.33144
2.29898
2.24629
2.27822
2.31015
2.25044
2.38323
2.33038
2.29708
2.28615
2.27916
2.26258
2.25809
2.22721
2.37474
2.3141
2.28273
2.41409
2.36966
2.3842
2.25511
2.23056
2.28324
2.27681
2.30261
2.33797
2.19997
2.25403
2.26756
2.28586
2.13792
2.1872
2.1578
2.15405
2.16345
2.18247
2.06997
2.11847
2.02188
1.99118
2.09287
1.99592
2.08498
1.98745
1.96981
1.87635
1.93455
1.72589
1.83879
1.77793
1.81068
1.80322
1.81472
1.78815
1.67769
1.75895
1.70494
1.77356
1.62414
1.6862
1.53675
1.61373
1.62373
1.58815
1.60817
1.60581
1.52771
1.5327
1.44987
1.55944
1.3605
1.46221
1.48642
1.47724
1.49472
1.41502
1.38708
1.43519
1.36694
1.39707
1.42858
1.34612
1.33658
1.30132
1.37434
1.41078
1.26011
1.31393
1.34973
1.30114
1.31223
1.34734
1.28523
1.28595
1.25197
1.275
1.20784
1.27794
1.27144
1.24617
1.26014
1.27792
1.19574
1.20957
1.23464
1.1832
1.29102
1.24373
1.21713
1.20505
1.1635
1.27201
1.20593
1.195
1.1801
1.21554
1.20167
1.19756
1.18436
1.23931
1.1953
1.21274
1.2244
1.10727
1.12528
1.2061
1.18646
1.14683
1.12847
1.12195
1.12266
1.13141
1.1268
1.12315
1.12518
1.10703
1.0838
1.06258
1.08179
1.10509
1.11165
1.11697
1.04384
1.07987
1.0692
0.979398
1.05103
1.04314
1.03009
0.99185
1.00156
1.03416
1.0324
0.975334
1.06319
0.943233
1.02967
1.01109
1.03133
0.992931
0.913867
0.968411
1.03013
0.998982
1.06589
0.954512
1.02112
0.982266
0.971011
0.940485
0.957181
0.942634
0.883698
0.923857
0.904025
0.907991
0.935025
0.911764
0.937253
0.908776
0.858264
0.964353
0.938767
0.915441
0.87891
0.880778
0.891973
0.857054
0.884572
0.896233
0.879088
0.931417
0.892641
0.845629
