799.664
807.05
721.578
688.562
679.719
681.302
681.427
692.591
660.083
689.955
684.668
668.438
693.548
705.731
694.107
687.053
647.327
668.483
651.505
634.838
636.896
625.793
614.931
610.637
622.305
621.282
623.04
619.465
622.101
611.821
607.338
589.244
600.373
610.536
598.121
609.376
598.869
576.723
589.019
595.699
576.823
584.559
587.118
562.098
569.24
568.751
574.571
576.056
571.34
563.012
565.672
556.466
560.74
554.807
551.657
548.699
561.999
544.214
528.714
553.206
548.652
525.226
526.066
529.164
533.031
531.25
510.853
522.586
523.768
536.218
529.057
530.638
517.966
497.062
523.382
516.261
522.217
500.355
521.416
509.572
508.201
501.797
494.041
506.922
499.781
495.431
502.538
494.181
495.742
497.26
495.249
494.103
485.015
503.475
476.889
476.004
480.302
485.519
473.609
466.788
476.502
469.584
458.742
463.321
466.789
461.819
446.101
450.803
445.16
439.819
442.32
432.038
421.567
425.485
416.973
416.433
416.085
418.603
407.457
417.465
410.758
408.547
401.17
400.866
402.555
396.686
381.006
397.184
392.263
392.072
389.661
381.626
380.804
380.731
380.554
388.08
370.781
376.731
382.312
383.915
376.058
360.558
362.37
355.827
356.508
360.149
352.564
358.716
357.769
355.987
343.037
361.414
347.325
347.023
343.253
347.031
343.79
344.917
344.173
341.201
339.946
326.947
325.668
326.486
333.674
330.321
331.329
327.2
331.803
317.544
321.969
314.73
319.321
314.921
301.502
313.875
308.598
301.583
308.371
304.571
292.733
300.023
299.04
299.72
292.935
302.252
294.415
293.988
294.929
289.446
299.647
310.222
299.183
297.49
292.291
297.067
285.862
287.601
291.243
288.777
