0.0636289
0.0545286
0.0560607
0.0584951
0.0594286
0.06156
0.0585252
0.060172
0.0613893
0.0610485
0.0597859
0.0112348
0.0103985
0.0102175
0.0104374
0.0103927
0.0101101
0.0100725
0.0101222
0.0100642
0.0100203
0.0101105
0.00990531
0.00860752
0.00323356
0.00444025
0.00402139
0.0021748
0.00328306
0.00388345
0.00416426
0.00345889
0.00378241
0.0037952
0.00377745
0.00379809
0.00366531
0.00358978
0.00379679
0.00361199
0.00357348
0.00369849
0.00389728
0.00381005
0.00371395
0.00396945
0.003655
0.00372803
0.00395843
0.00362474
0.00378779
0.00366762
0.00367376
0.00377012
0.00392924
0.00354778
0.00374024
0.00357399
0.00376011
0.00371344
0.00366536
0.00350751
0.00380156
0.0037974
0.00350646
0.00370174
0.00371477
0.00365393
0.0036403
0.00330382
0.00350597
0.00354156
0.00353519
0.00380378
0.00372968
0.00359004
0.00345444
0.00357822
0.00354361
0.00344311
0.00359432
0.00328748
0.00346198
0.00337011
0.00352721
0.00319081
0.00341169
0.00330166
0.00321043
0.00282334
0.00300331
0.00303819
0.00321282
0.00286347
0.00300729
0.00298984
0.0029608
0.00311962
0.00290613
0.00304681
0.00298428
0.00316415
0.00303777
0.00301936
0.0030016
0.00283792
0.00306831
0.00297901
0.00310368
0.00291293
0.00290427
0.00290164
0.00286168
0.00289465
0.00301108
0.00315829
0.00303576
0.00301619
0.00319811
0.00293053
0.00320024
0.00301636
0.00302525
0.00309187
0.00303359
0.00307195
0.00304603
0.00307327
0.00298695
0.00309909
0.00309705
0.00285244
0.00303738
0.00298619
0.00290488
0.00287006
0.00305309
0.00300498
0.00298003
0.00309745
0.00310723
0.00307964
0.00293322
0.00298276
0.00301054
0.002997
0.00305253
0.00297218
0.00301436
0.00298455
0.0030305
0.00307411
0.0029675
0.00292018
0.00292651
0.0028195
0.00285066
0.00291821
0.00311078
0.00302731
0.00299433
0.0028685
0.00298506
0.00301681
0.00298533
0.00288096
0.00296769
0.00297358
0.00293155
0.00289599
0.00292551
0.00295678
0.00294505
0.00292081
0.00297371
0.00297328
0.00291844
0.00294058
0.00284792
0.00287357
0.00291989
0.00301988
0.00281982
0.00296841
0.00290205
0.00284757
0.00294585
0.00280635
0.00290059
0.00276584
0.0028196
0.00289386
0.00274323
0.00275231
0.0029613
0.00289424
0.0029194
0.00287554
0.00285234
0.00277166
