2.07499
2.12898
2.1628
2.06162
2.05979
2.12674
2.08803
2.14148
2.05812
2.11968
2.10418
2.02047
2.1673
2.05808
2.09393
2.11694
2.09537
2.06121
2.1526
2.08611
2.12868
2.14491
2.13743
2.10846
2.11114
2.08147
2.16697
2.06902
2.12809
2.13557
2.06851
2.05944
2.05796
2.09829
2.09707
2.10031
2.16002
2.11136
1.97787
2.10683
2.10926
1.86417
2.08938
1.91655
2.07627
1.95464
1.64193
2.08188
2.06403
2.05074
1.99422
1.8431
1.75859
2.09452
2.03135
1.7542
2.12055
1.6068
1.64449
1.86278
1.58702
2.04743
2.00812
2.04378
2.06549
1.56085
1.6546
1.80455
2.1187
1.66816
1.5872
2.02652
1.60276
1.64418
2.02506
1.62797
1.97917
1.85131
2.00616
1.88331
1.81037
1.62117
2.13195
1.94597
1.60007
2.01302
1.93275
1.62347
1.60853
1.88202
1.60639
1.65249
1.64396
1.6415
1.62184
1.63021
1.62456
1.61717
1.92447
1.61064
1.67079
1.60404
1.5933
1.60095
1.63444
2.09471
1.59915
1.8863
1.58817
1.88791
1.63
1.63868
2.02489
1.71815
1.60784
1.58322
1.59942
1.62296
1.85225
1.81954
1.84125
1.69834
1.64895
1.59781
1.78233
1.62246
1.62731
1.62031
1.6013
1.56253
1.621
1.60585
2.12717
1.95634
1.62378
1.59712
1.90197
1.64613
1.5929
1.57797
1.61476
1.81659
1.63772
1.94881
1.60199
1.62671
1.96793
1.62997
1.617
1.83011
1.61331
2.0305
1.62547
1.69538
2.19695
1.96621
1.70918
1.61487
1.60437
1.62171
1.64021
1.62402
1.8165
1.65097
1.61638
1.6196
1.93017
1.62145
2.03941
1.62577
1.64431
1.60193
1.74241
1.9241
1.60493
1.62032
1.56981
1.82678
1.57949
1.60392
1.65111
1.62105
1.61612
1.61435
1.6332
1.63749
1.87154
1.63108
1.92475
1.61574
1.61921
1.79218
1.58482
1.84011
1.61411
1.58847
1.98699
1.57218
1.63164
1.81741
