23.2482
23.2173
23.2174
23.0785
23.1113
23.1494
23.2423
23.1826
23.212
23.2369
23.2221
23.2596
23.1782
23.1479
23.2262
23.1556
23.2144
23.2659
23.165
23.1228
23.161
23.1868
23.1125
23.2174
23.2038
23.106
23.1234
23.1367
23.2421
23.1471
23.2265
23.1472
23.0696
23.1945
23.1232
23.1462
23.2121
23.1819
23.0032
22.9973
22.9179
23.2288
23.1122
22.9691
23.175
23.1276
23.1911
23.2227
23.2118
23.0875
23.1649
23.2303
23.1064
23.1088
23.1219
23.0243
23.0337
23.0908
23.2311
23.0492
22.9948
22.9962
22.8038
23.0155
23.0372
23.0146
23.1036
23.0294
23.1689
23.02
22.9397
22.9565
23.1014
22.9429
22.9816
22.9152
23.1443
23.0809
23.031
23.0993
23.1086
22.8908
23.0678
23.1411
22.8844
22.6646
23.0525
23.0144
22.8447
23.0653
22.989
23.0265
23.148
23.1838
22.8683
23.1959
23.0064
22.9113
23.04
23.0078
23.0547
22.7181
23.0341
22.9617
23.0378
22.7052
22.7097
22.8891
22.8714
23.0082
23.0515
22.9806
23.0537
22.7924
22.9617
23.1698
22.813
22.7612
22.9317
23.0234
23.2312
23.0211
22.9955
23.0205
23.1148
22.8678
22.9233
23.045
22.8298
22.8681
22.9181
23.1107
22.9416
22.909
23.0595
23.0148
22.7635
22.928
22.7179
22.9142
23.3251
23.1863
22.9311
22.7362
23.0492
23.1744
22.8338
22.9507
22.9619
22.9978
22.8877
22.913
22.9522
22.9537
22.7803
22.7478
22.8678
22.8775
23.2727
22.9323
22.5405
22.9063
23.0933
23.1556
22.8226
22.7654
22.7387
22.9463
23.01
23.0619
22.9671
22.9949
22.8968
22.9254
22.8647
23.0673
22.7597
22.6251
22.6344
22.7335
22.9768
23.0955
22.8701
22.6666
22.8414
22.9432
23.0744
22.6843
23.187
23.1421
22.5281
22.8344
23.0613
22.775
22.9535
22.9382
23.0847
23.0102
23.0929
23.0768
