0.0139897
0.0111138
0.010847
0.0114405
0.0120636
0.0126099
0.0100345
0.00627769
0.00180612
0.00290202
0.0046141
0.00470839
0.00480246
0.00474601
0.00448405
0.00450545
0.00430976
0.00395902
0.00412123
0.0042696
0.00465578
0.00424952
0.00464292
0.00456922
0.00436287
0.00436602
0.00483844
0.00478351
0.00436041
0.00463437
0.00499613
0.00453888
0.0044171
0.00460518
0.00428419
0.00428765
0.00452582
0.00478399
0.00455017
0.00462452
0.00475357
0.00453425
0.00497675
0.00466489
0.00493427
0.00493725
0.00566389
0.00521927
0.00540606
0.00522682
0.00519874
0.00520542
0.00529311
0.00525663
0.00531557
0.00509657
0.00490136
0.00499525
0.00471157
0.00483874
0.00467296
0.0047884
0.00477918
0.00445883
0.00457697
0.00438944
0.0043384
0.00444174
0.00429022
0.00438941
0.00433053
0.00426517
0.00439651
0.00445273
0.00459668
0.00453629
0.00462476
0.00468578
0.00466185
0.00494911
0.00474901
0.0048451
0.00476268
0.00470625
0.00478965
0.00490687
0.0050753
0.00510213
0.00512158
0.00512424
0.00513011
0.00511373
0.00504923
0.00526162
0.00516641
0.00522452
0.00522799
0.00512496
0.00532829
0.00531999
0.00536241
0.00523893
0.00527912
0.00530365
0.0052245
0.00528853
0.00537727
0.00548762
0.00553027
0.00543066
0.00531999
0.00565899
0.00546386
0.00562787
0.00557095
0.00568249
0.0055459
0.00565692
0.00557747
0.00567707
0.00562322
0.00557294
0.00575548
0.00577739
0.00568776
0.00577639
0.00568055
0.00575811
0.00581123
0.00576508
0.00585973
0.00568105
0.00568269
0.00581543
0.0057695
0.00567241
0.00576214
0.00599836
0.00571222
0.00581589
0.00579566
0.00594077
0.00585709
0.00595727
0.00587553
0.00582714
0.0058955
0.00566355
0.00576806
0.00578453
0.00601786
0.0058669
0.00572423
0.00604606
0.00627788
0.00614066
0.00582863
0.00608767
0.00608598
0.00594461
0.00631983
0.0059946
0.00601177
0.00609571
0.00604799
0.00593251
0.00625675
0.00611103
0.00584949
0.00609559
0.00619729
0.00613439
0.00633224
0.00609257
0.00622119
0.00608421
0.00616693
0.00621791
0.00611282
0.0061994
0.00628314
0.00631733
0.00642268
0.00599578
0.00622125
0.00625527
0.0062043
0.00635981
0.00613346
0.00612376
0.00637426
0.00632093
0.00621742
0.00630575
0.00634153
0.00618127
0.00605164
0.006217
0.00627025
0.00637936
