4.4694
4.5255
3.82635
0.815816
0.79923
0.783252
0.857653
0.904711
0.894766
0.970981
0.977461
0.99481
0.979396
0.986932
1.01126
0.981457
0.954321
0.963234
0.965367
0.962672
0.979147
0.977905
0.955595
0.971585
0.981851
0.981996
0.969904
0.985051
0.96508
0.93928
0.959957
0.980178
1.0018
0.982806
0.928096
0.932573
0.974287
0.928729
0.948666
0.927158
0.97851
0.913848
0.95777
0.950981
0.947611
0.92527
0.947141
0.890302
0.8739
0.892968
0.923101
0.904234
0.915699
0.885933
0.911385
0.918715
0.868272
0.925846
0.873196
0.914145
0.861502
0.89493
0.851026
0.913913
0.885836
0.875215
0.841342
0.88425
0.873393
0.851214
0.841732
0.874965
0.855004
0.847548
0.85993
0.857273
0.84559
0.887038
0.799103
0.846433
0.842864
0.839681
0.858595
0.827459
0.846751
0.855666
0.858002
0.819292
0.836052
0.833782
0.815092
0.827427
0.816542
0.858618
0.81785
0.849178
0.795571
0.788187
0.817245
0.797956
0.828932
0.783154
0.851892
0.808479
0.800589
0.818393
0.797624
0.791774
0.7907
0.804651
0.774291
0.815149
0.799367
0.79204
0.767951
0.811381
0.791721
0.766336
0.791906
0.782345
0.775988
0.777966
0.78605
0.77955
0.759419
0.777364
0.771134
0.7467
0.780758
0.741894
0.726736
0.794823
0.778981
0.760241
0.767595
0.742588
0.777061
0.779559
0.773932
0.789355
0.758594
0.760029
0.762413
0.73656
0.786449
0.754073
0.737292
0.726554
0.755525
0.731071
0.723579
0.791086
0.734306
0.738176
0.762269
0.76154
0.741727
0.771161
0.709728
0.753956
0.757995
0.729372
0.769738
0.709679
0.750896
0.749862
0.771554
0.739739
0.733237
0.733714
0.73991
0.730756
0.739519
0.735446
0.716051
0.758006
0.717885
0.697259
0.75463
0.713524
0.725652
0.737778
0.72267
0.744589
0.71319
0.75633
0.745585
0.715204
0.724367
0.721576
0.758146
0.700452
0.710658
0.727244
0.721404
0.710551
0.689999
0.720483
0.742988
0.708147
