12.795
12.8283
13.5745
13.249
13.9249
11.9314
13.9877
15.0118
14.1407
14.2577
12.9249
13.1552
15.4957
11.6413
11.7303
11.0244
12.843
12.2787
11.1086
13.1124
13.9003
15.3867
13.6332
13.0976
13.8458
12.4523
13.6467
12.5517
14.1068
13.624
13.8957
13.634
11.5906
11.1865
13.7457
12.816
13.7738
10.5132
13.0815
13.5577
11.715
13.8751
13.241
12.2557
12.4067
11.4782
12.2816
11.7523
11.9368
11.5083
11.9873
11.9079
10.8198
12.5931
11.22
11.5407
15.4714
13.653
12.8618
13.9043
10.8091
13.0774
10.8718
11.7529
13.3024
9.99919
10.6626
14.7477
12.5358
10.1505
9.85329
10.5259
10.8706
9.99581
11.2096
10.3398
14.0641
13.639
12.0597
11.2612
12.8104
12.5555
10.1453
12.7522
13.9287
11.5286
13.4936
10.5698
10.9229
13.0509
10.1753
13.9961
9.88749
12.9524
12.5711
9.54558
10.1011
14.04
9.18209
11.7729
10.1184
10.7155
9.79961
12.7755
10.4176
11.6957
9.70905
11.2668
9.61283
9.48061
10.1116
10.1454
13.5555
11.5685
10.3204
9.34313
13.3712
13.6232
9.74401
12.096
9.58353
10.7303
9.1963
10.4153
11.4716
9.24596
10.1571
10.1845
10.0883
13.1149
10.4526
13.5808
10.3035
9.7959
8.02632
8.98979
10.5744
10.2732
8.30069
9.0267
8.4723
11.6946
8.38554
14.0798
13.3246
9.00616
11.3284
9.76099
13.6387
9.06254
12.933
9.95353
10.9251
8.93108
15.1987
13.0126
13.3421
14.5812
10.52
10.2929
9.54393
13.8628
12.758
11.9339
10.8029
13.0483
10.6266
9.59279
10.4903
12.5714
10.2876
10.3893
10.0831
9.85086
13.0121
11.643
13.9543
11.0865
11.5135
11.2454
10.4449
13.0827
12.3709
13.0439
9.33687
11.8833
10.9338
9.79151
9.31068
11.1773
11.9337
9.13956
12.2426
9.81456
13.1205
13.2539
13.426
12.5775
10.1711
9.62727
