3.93489
4.66887
5.27379
5.24483
5.29832
5.18845
5.22031
5.3006
5.18461
5.32871
5.09699
5.33315
5.34346
5.38515
5.19611
5.27988
5.18445
5.26512
5.21931
5.16871
5.03143
4.73022
4.36883
4.01647
3.27932
2.48264
2.05152
1.61657
1.46105
1.57488
1.57658
1.77
1.82021
2.04732
1.86692
2.00758
1.79709
1.9071
2.09001
1.92725
1.91362
2.03591
2.07729
2.07023
2.07542
2.14963
2.17307
2.32308
2.3367
2.4401
2.42462
2.40505
2.45422
2.34273
2.47383
1.83889
1.57043
1.89146
1.97219
1.88845
2.08225
2.15366
2.11072
2.11353
2.12249
2.12585
2.16318
2.18712
2.19896
2.30755
2.18144
2.13869
2.23345
2.17477
2.28001
2.24925
2.12598
2.20843
2.22215
2.28342
2.23858
2.2306
2.19083
2.26303
2.17878
2.1887
2.14619
2.24867
2.33166
2.29399
2.17113
2.18184
2.16909
2.22134
2.29446
2.2521
2.177
2.19598
2.25391
2.16574
2.17969
2.22386
2.19402
2.14987
2.198
2.10883
2.08825
2.19223
2.08032
2.17614
2.12607
2.09975
2.04149
2.04029
2.10524
2.12821
1.98024
2.02065
2.03701
2.0777
1.97107
2.12446
1.97649
2.0202
1.95668
1.98378
2.03332
2.08407
2.02012
2.06032
2.0441
2.01025
2.07715
2.01213
1.97598
1.94005
2.0661
1.95594
1.94441
1.99291
1.95206
1.96663
2.00478
1.95752
1.9455
1.99894
1.90565
1.92418
1.89508
1.96765
1.93214
1.95623
1.83689
1.99742
1.9159
1.8785
1.89095
1.8281
1.79227
1.93142
1.76808
1.8259
1.86013
1.88876
1.75066
1.76397
1.82272
1.77587
1.74134
1.81417
1.77339
1.77668
1.78211
1.70337
1.75555
1.74566
1.81205
1.81057
1.79207
1.70633
1.78962
1.73322
1.67627
1.80659
1.72256
1.71413
1.72015
1.69905
1.63015
1.61346
1.73032
1.70921
1.71823
1.671
1.65922
1.63404
1.68498
1.68671
1.69375
1.67392
