2246.96
2006.23
1822.69
1693.74
1724.7
1759.21
1693.42
1639.77
1653.78
1648.73
1618.93
1617.9
1622.79
1591.47
1559.09
1628.61
1597.28
1561.31
1557.01
1596.47
1565.02
1515.05
1501.28
1502.8
1534.49
1532.04
1595.28
1676.73
1648.13
1753
1896.05
2116.23
2303.52
2446.76
2453.61
2424.04
2386.77
2275.55
2297.6
2213.01
2209.36
2171.74
2114.86
2114.99
2110.48
2184.07
2048.64
2039.72
1998.14
2020.36
1994.81
1926.64
1921.1
1902.42
1860.7
1862.98
1847.47
1821.12
1787.77
1787.53
1808.26
1751.34
1747.62
1719.89
1681.91
1719.56
1653.13
1679.77
1633.44
1628.49
1595.72
1584.67
1611.74
1573.94
1561.92
1569.95
1543.63
1534.59
1526.23
1502.37
1488.61
1468.3
1469.36
1449.27
1429.51
1439.64
1396.28
1411.33
1411.81
1388.63
1374.66
1360.91
1349.13
1299.34
1328.61
1333.82
1313.27
1392.17
1601.21
1382.74
1329.27
1276.76
1278.32
1262.16
1256.8
1208.45
1213.71
1246.45
1153.67
1175.26
1193.48
1168.41
1166.25
1141.88
1170.03
1141
1161.43
1119.8
1137.69
1115.46
1121.64
1104.62
1093.21
1083.24
1108.04
1069.46
1069.61
1045.18
1070.44
1048.91
1053.48
1033.7
1039.43
1019.45
1025.66
1011.06
1012.34
1009.49
1017.6
1002.04
981.935
980.621
978.995
983.546
991.32
962.631
954.037
936.889
937.679
937.786
918.934
941.059
937.278
932.342
929.258
920.756
901.34
889.943
901.948
902.465
901.38
907.569
887.634
890.486
894.696
888.012
878.861
851.192
869.592
831.22
850.133
850.992
865.295
836.548
821.4
831.559
829.91
835.128
824.205
827.62
801.624
818.38
800.981
821.075
800.807
797.62
808.393
792.023
782.412
792.676
786.909
768.831
790.909
769.46
756.879
767.466
766.547
759.589
760.488
748.539
