0.0155898
0.0315029
0.0479621
0.0650346
0.0826396
 0.100585
 0.118602
 0.136389
 0.153716
 0.170539
 0.187033
 0.203526
 0.220376
 0.237862
 0.256112
 0.275081
 0.294547
 0.314147
 0.333467
 0.352208
 0.370323
 0.388028
 0.405697
  0.42372
 0.442364
 0.461705
 0.481607
 0.501767
 0.521791
 0.541311
 0.560117
 0.578238
 0.595924
 0.613547
 0.631463
 0.649898
 0.668871
 0.688201
  0.70758
 0.726671
  0.74519
 0.762986
 0.780085
 0.796684
 0.813094
 0.829643
 0.846575
 0.863979
 0.881768
 0.899728
 0.917596
 0.935122
 0.952123
 0.968528
 0.984415
