2.63594
3.16739
2.84165
2.97674
2.34104
2.88081
2.87883
2.98033
2.83885
2.87181
2.89694
2.50172
2.95055
3.32871
2.74068
3.18631
3.28453
3.10754
3.07146
3.10326
3.28802
3.10598
3.01804
3.18308
3.31101
3.18527
3.29367
3.55704
3.17936
3.26765
3.13615
3.15427
3.28275
3.6922
3.59446
3.49826
3.33346
3.31567
3.57533
3.75693
3.19127
3.43122
3.99702
3.48329
3.58081
3.57248
3.74617
3.37408
3.42207
3.97366
3.69484
3.70987
3.82996
3.88099
3.70465
3.82587
3.98891
3.71582
3.80677
3.77329
4.02745
3.80493
3.96797
3.96895
3.95849
3.95564
4.03212
3.9211
4.02154
3.75106
4.04385
4.00945
3.90151
3.87734
4.00047
4.02626
3.9998
4.04454
4.07523
3.83993
4.09666
3.96845
4.09719
4.04357
4.04453
3.98206
4.06448
4.1437
4.08997
4.1057
4.05777
4.06013
4.08922
4.04528
4.10653
3.9878
4.15527
4.02121
4.17167
4.12275
4.02978
4.06285
4.08115
4.16336
4.16583
4.14326
4.16583
4.1194
4.10058
4.1283
4.08423
4.12332
4.15665
4.12423
4.11826
4.11626
4.11754
4.13375
4.18661
4.16617
4.12369
4.19429
4.12215
4.13077
4.12327
4.12958
4.058
4.13042
4.12392
4.15744
4.18029
4.1797
4.12389
4.16297
4.12251
4.12616
4.1695
4.13484
4.14192
4.1251
4.19523
4.17128
4.11057
4.17679
4.18314
4.11428
4.11454
4.13054
4.1831
4.2075
4.14092
4.1695
4.13628
4.16739
4.15232
4.13674
4.11592
4.13946
4.13723
4.17689
4.16152
4.15617
4.16153
4.14544
4.16919
4.10661
4.17029
4.18046
4.17921
4.19652
4.14928
4.20175
4.14606
4.16486
4.18879
4.2075
4.18266
4.18266
4.12301
4.1695
4.2075
4.16526
4.17627
4.15221
4.1695
4.16877
4.17031
4.17398
4.17029
4.20332
4.1912
4.17474
4.1665
4.17287
4.13896
4.16079
4.19512
4.17689
4.19371
4.18295
