11.0003
9.01947
10.533
11.7792
12.1155
12.4217
12.9468
12.7558
12.7841
12.6594
13.1458
13.2289
13.1809
13.2455
13.2159
13.1666
13.3258
13.1586
13.1796
13.8597
13.4753
13.3509
13.3608
13.5808
13.366
13.0722
13.5852
13.0325
12.8535
12.7857
11.778
10.1381
8.51167
6.09992
5.09048
4.51423
4.72749
4.82763
5.20456
5.18086
5.06437
5.15183
5.37869
5.43523
5.59495
5.91239
6.06075
5.91227
5.91188
5.98667
6.09187
6.20172
6.15826
6.72142
6.36691
6.31504
6.66902
5.9389
6.60804
6.29425
6.1641
6.29642
6.03318
6.20211
5.88063
5.97039
5.85405
5.39356
3.78031
3.87164
4.26417
4.61978
5.22179
5.45684
5.31559
5.06808
5.05807
5.24355
5.391
5.70545
5.37244
5.2725
5.26281
5.20356
5.39366
5.37531
5.40841
5.38748
5.31865
5.32345
5.66693
5.28064
5.33421
5.33283
5.17905
5.43469
5.31374
5.12494
5.2666
5.25746
5.34214
5.40882
5.23944
5.58092
5.64153
5.52326
5.41676
5.19827
5.56177
5.40069
5.35434
5.31376
5.16446
5.46841
5.20123
5.50403
5.51036
5.47226
5.29901
5.47927
5.13102
5.34472
5.1617
5.21916
5.27019
5.29818
5.10265
5.23849
5.11902
5.27418
5.34359
5.2739
5.30757
5.32656
5.38081
5.1466
5.21822
5.27386
5.07048
4.99373
5.16552
5.28685
5.1956
4.84752
5.20855
5.2224
4.9088
4.93396
5.07625
5.02452
4.98707
5.04685
4.97457
4.94922
5.10599
4.90971
4.95881
4.9664
4.97735
4.86315
4.86611
5.05154
5.0514
4.88074
4.92118
4.98943
4.57347
4.79805
4.93489
5.04647
5.05297
4.91707
4.78721
4.65091
4.62509
4.72446
4.6581
4.69234
4.8411
4.73115
4.81739
4.64618
4.372
4.49879
4.75786
4.68079
4.55273
4.58384
4.60071
4.86345
4.91337
4.53249
4.61662
4.55905
4.55905
4.57636
4.58255
4.6155
4.49127
4.40638
