36.5769
36.7503
36.725
36.5783
36.721
36.6722
36.7568
36.8744
36.8375
36.5801
36.7215
36.79
36.7004
36.6712
36.6249
36.7223
36.7314
36.7065
36.6572
36.7945
36.632
36.7038
36.8136
36.6241
36.7479
36.6721
36.7924
36.6585
36.6326
36.7709
36.7333
36.594
36.8763
36.6225
36.4933
36.4984
36.5386
36.3499
36.5686
36.5264
36.6309
36.4333
36.0987
36.2476
36.0569
36.6592
36.7459
36.3936
36.0387
36.7661
36.1563
36.2442
35.886
36.3326
36.2846
36.3475
36.4512
36.4276
36.5463
36.6074
35.9826
36.4593
36.6495
36.4664
36.4667
36.2685
36.4225
36.4583
36.134
35.969
35.6331
35.4991
36.3104
36.0438
36.2923
35.5135
36.2493
36.0432
36.3509
36.2424
36.2406
36.23
36.1258
36.0453
36.2804
35.6203
36.2979
35.8875
36.505
36.0861
36.0621
36.3093
36.0978
36.1064
36.1203
35.9728
36.1914
36.1352
36.1984
35.4921
36.0215
36.21
36.3349
36.4605
36.2947
36.1384
36.1062
36.0509
36.1439
35.8244
36.1681
35.3242
36.5682
35.9899
36.2242
36.2832
36.1929
36.1108
35.8174
36.0946
35.7692
36.0447
35.6404
36.0259
35.9411
36.2262
35.6469
36.6107
36.1039
36.3524
35.7647
36.0871
35.9865
35.4486
36.1205
35.5535
36.3688
35.6629
35.9059
35.9748
36.0605
36.441
36.3133
35.9829
36.5533
36.1476
36.4202
36.5423
35.6034
36.6194
36.3642
35.8504
36.3209
35.8504
35.8909
36.0904
36.4916
36.0571
36.0016
36.4085
35.8329
35.9365
36.2316
36.1861
36.306
36.2566
35.8898
35.9604
36.0482
36.0194
36.3442
36.0148
36.4206
36.0807
36.0952
35.8916
36.2862
35.8756
36.0237
36.239
36.4703
36.2369
35.6379
36.1664
36.1441
36.0339
36.2477
36.6162
36.616
35.7154
35.7586
35.7761
36.0635
35.259
35.7169
35.9514
35.8453
35.6375
36.135
35.909
