13.2676
13.4123
12.6525
12.577
11.1532
15.1219
12.6045
12.5624
13.3221
10.8537
13.6289
12.13
12.7181
11.2599
13.2408
12.2228
12.4049
12.3538
12.7165
12.4497
13.433
11.4405
11.7659
13.4109
12.6763
15.1491
11.8057
12.651
11.7418
11.4563
11.2759
12.4496
12.7348
12.774
13.6503
13.1302
11.9116
12.3062
13.1601
12.5875
13.0434
12.2783
11.5592
12.4824
11.4649
11.4178
13.538
12.2695
12.9957
13.1011
12.4647
12.9757
12.8535
12.7706
13.054
13.1245
13.2534
12.8673
11.8282
12.5311
12.828
13.4106
12.8098
13.3324
11.0069
13.199
12.8797
13.5877
12.1353
11.7947
12.8005
11.5304
11.3673
11.2653
11.2011
11.8461
11.3792
10.9981
12.2748
11.0125
12.8875
11.0266
13.2497
12.5596
11.4917
12.8002
11.7102
13.7184
13.0988
13.7216
13.447
12.181
11.7085
12.9562
13.6067
12.7202
12.8044
12.9863
12.809
12.7522
12.9115
12.9298
13.2224
13.3314
10.9535
13.1864
11.4553
13.3413
12.8611
12.9322
12.615
12.7516
13.2509
12.6303
13.7339
12.9921
11.941
13.0937
13.2429
13.8033
12.7775
12.9544
12.8455
13.1483
13.0671
12.7287
12.6481
12.9539
12.5379
12.321
12.9427
12.7512
14.0469
13.3961
14.1229
12.6414
12.987
13.538
12.9775
13.9915
13.0285
13.8169
12.805
12.6924
13.184
11.5873
13.1486
12.9952
12.9517
13.154
12.5245
12.7886
13.0377
12.9888
14.0238
12.8995
12.9704
13.1358
13.1227
13.4546
13.0732
13.078
12.7934
13.1806
13.1404
13.1964
12.9379
13.3101
13.0003
12.9751
13.0192
12.7586
12.8786
13.1169
13.4388
13.1816
12.7566
13.2058
13.1585
12.6237
13.3326
13.5382
13.1345
12.4617
13.0624
13.0776
13.8129
13.2332
13.2477
12.8765
13.0665
12.9472
13.6224
13.1604
13.9215
13.2663
12.8811
13.1641
13.1788
13.0066
