0.23374
0.0887888
0.0967605
0.107012
0.105154
0.0996435
0.0944929
0.094878
0.0886915
0.0944422
0.0932337
0.0902898
0.0924644
0.0990673
0.0991692
0.101168
0.10427
0.0976187
0.110091
0.107812
0.110991
0.107664
0.108902
0.120317
0.11959
0.122068
0.12703
0.12514
0.128149
0.123017
0.125584
0.119263
0.122575
0.128888
0.130048
0.130833
0.131755
0.134114
0.128311
0.133022
0.125327
0.125164
0.125706
0.132943
0.126374
0.126757
0.122532
0.130845
0.124264
0.120697
0.127355
0.127794
0.130726
0.132581
0.129451
0.13018
0.134999
0.134229
0.137934
0.133216
0.13371
0.134315
0.134266
0.138587
0.141154
0.133227
0.140746
0.136613
0.138823
0.135845
0.13751
0.142694
0.148302
0.144142
0.143981
0.143727
0.146954
0.152765
0.148778
0.154404
0.150344
0.154553
0.156094
0.15848
0.160048
0.162422
0.167362
0.167727
0.168143
0.174231
0.176695
0.176353
0.181168
0.180833
0.18352
0.182372
0.188751
0.187104
0.187319
0.189128
