147.565
160.737
158.913
148.231
147.405
149.132
149.527
148.879
147.376
148.527
148.774
146.326
145.373
150.094
146.721
145.539
145.164
143.281
142.298
144.467
143.312
145.101
149.55
157.032
163.89
164.717
180.366
187.313
180.091
192.947
177.86
189.011
183.514
185.198
178.744
177.817
174.416
176.114
169.907
170.768
169.702
172.654
169.269
167.998
168.389
164.863
162.472
158.537
161.965
158.638
157.645
161.932
150.101
153.881
152.109
150.348
148.6
151.394
149.989
144.631
144.684
146.535
140.659
142.318
139.717
140.519
139.684
141.593
140.918
137.386
135.293
138.048
138.17
131.81
133.535
129.152
131.04
130.433
129.566
128.191
126.357
126.327
123.673
126.634
124.445
121.389
120.893
120.709
120.648
119.537
116.939
117.528
115.39
112.913
114.671
112.651
113.111
112.08
109.34
111.868
111.861
111.198
111.339
108.625
108.99
105.09
108.065
108.526
105.652
105.114
106.943
106.851
110.385
108.075
105.798
105.969
100.589
101.63
100.942
98.0828
99.1007
99.4078
101.217
98.4419
101.606
101.269
95.2097
93.3165
98.6012
97.5847
97.7925
96.3917
94.0865
95.6016
94.5845
93.7558
91.1961
94.1528
91.7333
90.5348
89.5497
90.1704
90.0883
88.9163
86.711
88.3846
88.7811
87.8473
85.6738
88.1598
88.0185
87.977
84.8249
85.3297
83.261
83.5659
82.1503
83.3826
82.552
81.6515
84.2175
79.3831
82.4772
79.6841
80.5448
80.7916
78.4444
78.8528
80.6734
81.115
79.2302
79.6397
74.5041
76.9713
77.5676
76.7721
76.22
74.1384
75.5662
73.2105
75.068
72.2319
74.3677
74.8566
74.7797
74.1306
74.3898
73.201
70.4863
71.4306
71.8945
72.1939
70.5559
72.4732
70.2645
67.5578
68.401
69.5939
69.9956
69.2678
