1.39738
1.34046
1.33992
1.34221
1.40294
1.39179
1.28915
1.38363
1.31375
1.35348
1.2888
1.2861
1.34509
1.36705
1.36163
1.30957
1.29482
1.29552
1.32134
1.39117
1.40667
1.38654
1.33032
1.39002
1.30992
1.34828
1.30907
1.39233
1.33767
1.4047
1.37752
1.33424
1.35334
1.39586
1.39189
1.38103
1.36512
1.40282
1.39951
1.4094
1.3588
1.36506
1.40767
1.37397
1.32207
1.36488
1.3716
1.39931
1.35542
1.36631
1.34439
1.28585
1.41004
1.29277
1.40402
1.36083
1.40161
1.33254
1.35085
1.37284
1.29783
1.37149
1.40834
1.36274
1.37114
1.40394
1.3699
1.35995
1.25763
1.34478
1.27409
1.32806
1.40408
1.35946
1.35611
1.36681
1.28684
1.372
1.3005
1.35664
1.30128
1.40654
1.26375
1.32806
1.34711
1.32444
1.25979
1.29492
1.32646
1.21009
1.28467
1.358
1.224
1.26328
1.29536
1.32614
1.28477
1.28249
1.36926
1.29783
1.29629
1.33246
1.29992
1.29228
1.31845
1.34504
1.36559
1.3669
1.30951
1.32903
1.29503
1.2803
1.37357
1.29653
1.18186
1.36297
1.24965
1.37607
1.3269
1.30536
1.27253
1.25949
1.33938
1.36512
1.28678
1.3759
1.36991
1.3668
1.238
1.26681
1.25564
1.24522
1.36769
1.37779
1.35609
1.29988
1.39096
1.36102
1.28197
1.25223
1.37344
1.38166
1.21277
1.27022
1.14473
1.38079
1.31876
1.24785
1.29077
1.26936
1.26475
1.34051
1.37103
1.29405
1.26932
1.28678
1.21586
1.3126
1.278
1.37486
1.32741
1.30091
1.29234
1.3315
1.2934
1.25653
1.22801
1.34355
1.24615
1.26632
1.35607
1.33355
1.37337
1.31674
1.32956
1.35749
1.40697
1.35607
1.35144
1.25433
1.32882
1.30662
1.29545
1.28813
1.28659
1.28897
1.27082
1.25669
1.32854
1.28922
1.2529
1.25696
1.25216
1.28409
1.35707
1.25037
1.26634
1.36115
1.28125
1.26735
