9.74698
11.5683
12.7107
11.9881
10.9666
10.4657
11.0994
11.1478
11.9165
2.17897
0.96376
0.917302
0.974543
0.964494
0.955033
0.942078
0.920764
0.916963
0.860295
0.849753
0.846135
0.805705
0.820074
0.782498
0.763079
0.748607
0.739783
0.725319
0.713922
0.695255
0.706028
0.701826
0.707209
0.712385
0.691366
0.681215
0.698091
0.705437
0.688038
0.695562
0.69212
0.715617
0.720434
0.701127
0.722083
0.690313
0.688491
0.694335
0.677448
0.72785
0.69977
0.73704
0.728778
0.743047
0.715254
0.749524
0.746637
0.754627
0.748615
0.723808
0.742367
0.73992
0.748557
0.767769
0.771628
0.742833
0.749913
0.766724
0.771402
0.75979
0.722154
0.753071
0.759124
0.732292
0.72227
0.741094
0.734139
0.719573
0.716714
0.715945
0.718393
0.710273
0.691334
0.686742
0.668367
0.688358
0.690362
0.670479
0.664078
0.651572
0.659996
0.636548
0.630017
0.6498
0.617474
0.647967
0.635956
0.619281
0.608483
0.612846
