10.1278
10.0551
10.1096
10.0792
10.0917
10.0659
10.1389
10.083
10.0756
10.1377
10.1105
10.1389
10.1133
10.1109
10.0882
10.0568
10.0755
10.142
10.0642
10.0712
10.1427
10.1106
10.0613
10.0496
10.1102
10.108
10.0292
10.0397
10.1057
10.0917
10.0987
10.0568
10.0726
10.0615
10.0212
10.0969
9.97211
10.1147
9.94764
10.1113
9.94881
9.99756
10.0174
10.0926
9.97536
9.90686
10.0256
10.0968
10.1133
10.0097
9.96347
9.93274
9.90284
9.81702
9.90511
9.96137
9.92307
9.87618
9.9155
9.97054
10.058
9.87712
9.97602
9.81078
9.99122
10.0295
10.0162
9.97462
9.98787
10.1123
10.1043
9.96276
9.87461
9.91836
10.097
10.0435
10.0205
9.98774
9.97009
10.0288
10.1131
10.1161
10.0272
10.0761
10.1163
10.1166
10.1295
10.1277
10.1093
9.84176
10.1189
10.1156
10.0977
10.1133
10.0943
10.0803
10.0094
10.0749
10.1174
10.0313
10.1257
10.0174
10.081
10.1384
10.0823
10.0349
10.0191
10.1044
9.9891
10.0989
10.1055
10.0774
10.0456
10.026
9.99106
10.0465
10.0903
10.1238
10.0991
10.0842
10.0754
10.0781
10.1125
10.0904
10.0468
10.1182
10.1195
10.0635
10.0757
10.08
10.1178
9.89229
10.1015
10.0516
10.0899
10.0971
10.0212
10.0473
10.118
10.122
10.052
10.0744
10.109
10.1392
9.94526
10.0273
10.1403
9.85812
10.1148
9.98815
10.0024
10.1335
10.0631
10.0804
10.0419
10.0194
10.0671
10.1027
10.1182
10.0931
10.1217
10.0252
10.1163
10.1279
9.90879
10.0088
9.94101
10.0265
10.1071
10.0979
10.1022
10.1043
10.1386
9.89864
10.1424
9.97959
9.90701
10.0071
10.0956
10.1389
10.011
9.96697
10.0214
10.0334
10.0752
9.96741
10.0957
10.0315
9.9244
10.0654
10.1307
10.0994
10.1165
9.94002
10.1116
9.86324
10.0124
9.99375
10.1447
10.0613
