0.17389
0.154056
0.155925
0.155881
0.154957
0.154144
0.189772
0.156375
0.0790566
0.0818958
0.0803648
0.079352
0.0795952
0.0676842
0.0149036
0.0143153
0.01432
0.0140848
0.014315
0.013454
0.0140427
0.0142149
0.0142625
0.0137536
0.0135766
0.0139444
0.013396
0.0118148
0.0053458
0.00284877
0.00370665
0.00353084
0.00412694
0.00385862
0.00405484
0.00427112
0.0036181
0.00432812
0.00431451
0.00430443
0.00438527
0.0043109
0.00437275
0.00458674
0.00478569
0.0051731
0.00535921
0.00483605
0.00514143
0.00504165
0.00524629
0.0051355
0.0053115
0.00523943
0.00532528
0.00550639
0.00529897
0.00550827
0.00532624
0.00537144
0.00523084
0.00559957
0.005652
0.0055209
0.00553535
0.00557022
0.00559451
0.00579617
0.00586165
0.00602723
0.00590167
0.00588579
0.00594759
0.00578428
0.00601073
0.00611166
0.00615096
0.00609275
0.0058472
0.00610391
0.00588724
0.00604517
0.00616363
0.00630672
0.00632673
0.00618097
0.00620371
0.00635313
0.00630531
0.00640584
0.00616148
0.00614054
0.00665423
0.00618522
0.00616323
0.00647361
0.00608906
0.00582238
0.00624141
0.00641746
0.00617117
0.00590776
0.00615794
0.00609241
0.00632651
0.00626759
0.00634259
0.00634901
0.00624698
0.00638607
0.00607964
0.00621365
0.00654045
0.00625157
0.00647896
0.00610923
0.00638206
0.00623655
0.00626612
0.00644838
0.00631966
0.00639932
0.00603377
0.00629061
0.00611752
0.0065371
0.00637059
0.00658374
0.0064511
0.00624073
0.00624783
0.00621062
0.00615486
0.00594368
0.00610172
0.00608504
0.00625368
0.00621148
0.00638203
0.00620464
0.00631772
0.0063731
0.00637804
0.00646303
0.00634151
0.00607425
0.00592144
0.00622025
0.00615221
0.00633167
0.00615427
0.00617526
0.0062222
0.00590387
0.00619527
0.00643746
0.00633459
0.00618718
0.00611121
0.00636834
0.00640772
0.00646452
0.00641219
0.00631874
0.00605343
0.00601458
0.00617585
0.00612497
0.00616864
0.0062141
0.00612329
0.00580741
0.00579639
0.00612376
0.00601076
0.0059902
0.0059705
0.00595281
0.00610595
0.00593344
0.00594212
0.00612593
0.00602653
0.00625861
0.00618118
0.00629483
0.00596042
0.00602479
0.00605344
0.00576128
0.00588161
0.00575686
0.005832
0.00572433
0.00577826
0.00569274
0.00572528
0.00573183
0.00566808
0.0055437
