1.34002
1.30747
1.34068
1.27869
1.36162
1.32647
1.34092
1.3281
1.40802
1.39905
1.34047
1.32341
1.32716
1.33741
1.35712
1.36035
1.39085
1.36693
1.30627
1.34218
1.37069
1.33851
1.32165
1.40394
1.40054
1.34885
1.40461
1.36715
1.33953
1.41287
1.37785
1.38791
1.40121
1.40087
1.34248
1.40959
1.34815
1.40148
1.40292
1.36628
1.3686
1.33275
1.39947
1.41083
1.4124
1.39948
1.40467
1.37452
1.39136
1.36624
1.37637
1.33152
1.36962
1.37307
1.39271
1.4056
1.40034
1.36599
1.33474
1.36747
1.41165
1.39175
1.41198
1.37393
1.40227
1.35235
1.28876
1.36615
1.31844
1.37049
1.39186
1.28383
1.36639
1.30854
1.3498
1.35493
1.36386
1.29184
1.3665
1.32846
1.33276
1.32881
1.31718
1.33982
1.31652
1.32509
1.36493
1.37
1.33323
1.34297
1.36502
1.25373
1.34057
1.35114
1.39422
1.40627
1.2927
1.28313
1.36621
1.36325
1.29127
1.26294
1.36389
1.32359
1.33499
1.27671
1.26541
1.36899
1.36747
1.38031
1.25693
1.33781
1.35155
1.29363
1.35673
1.36418
1.29988
1.34609
1.38931
1.33884
1.3286
1.35062
1.36315
1.27754
1.33172
1.39364
1.26357
1.29357
1.32928
1.36598
1.26193
1.31813
1.36545
1.3635
1.25027
1.26494
1.3698
1.26528
1.38334
1.30451
1.3653
1.37272
1.33109
1.33661
1.35232
1.32496
1.35277
1.3639
1.28311
1.41932
1.36026
1.33692
1.34602
1.2341
1.37117
1.36809
1.31778
1.3641
1.36441
1.29095
1.32494
1.30514
1.37102
1.32902
1.27875
1.3503
1.33169
1.25003
1.32649
1.25273
1.3619
1.29858
1.31469
1.26235
1.3644
1.26952
1.31724
1.34825
1.27729
1.41227
1.34528
1.36913
1.29479
1.32954
1.36573
1.2633
1.33263
1.37648
1.32813
1.29791
1.34075
1.20069
1.31454
1.3962
1.29634
1.33233
1.35795
1.33458
1.31112
1.33355
