1.71609
1.94893
2.07232
2.04726
1.97628
1.98385
2.03641
1.8835
1.93821
1.95969
1.97067
1.94512
1.96063
1.96413
2.00264
2.01821
2.04775
2.05579
2.10824
2.137
1.71636
0.313465
0.271583
0.263845
0.268553
0.263004
0.255128
0.230684
0.235694
0.253518
0.262724
0.252636
0.2605
0.252916
0.245461
0.261426
0.263904
0.261143
0.266578
0.259104
0.249038
0.256366
0.259472
0.24748
0.256796
0.25426
0.25156
0.254093
0.251089
0.257864
0.254283
0.230999
0.252875
0.238625
0.251171
0.240853
0.246473
0.230733
0.248692
0.249157
0.235449
0.246551
0.234659
0.231349
0.243091
0.243042
0.238699
0.245539
0.247134
0.237997
0.241489
0.234709
0.243947
0.245027
0.226941
0.239099
0.241985
0.237574
0.237567
0.223195
0.24008
0.231607
0.23806
0.229252
0.227983
0.232039
0.233543
0.228168
0.236233
0.23611
0.242573
0.230138
0.230315
0.231525
0.233477
0.231206
0.229482
0.223065
0.231996
0.228748
0.221393
0.219752
0.221605
0.228891
0.210818
0.219269
0.2177
0.219842
0.221255
0.215284
0.206244
0.206275
0.194788
0.207252
0.205943
0.206197
0.204228
0.202584
0.207901
0.212062
0.210244
0.205833
0.203686
0.199421
0.199421
0.19867
0.206672
0.194206
0.205998
0.201617
0.193802
0.205491
0.204617
0.200652
0.202541
0.18893
0.192585
0.190887
0.201327
0.196935
0.200836
0.202288
0.189029
0.203191
0.197786
0.202153
0.188314
0.184869
0.188014
0.187279
0.188599
0.189862
0.190107
0.193059
0.188859
0.185885
0.187997
0.183597
0.192486
0.19523
0.189866
0.182129
0.179148
0.193051
0.192462
0.187458
0.184621
0.183135
0.182118
0.184386
0.171765
0.184403
0.179244
0.182901
0.181944
0.181391
0.180915
0.183892
0.180859
0.188807
0.182397
0.178929
0.189358
0.190462
0.180216
0.186906
0.183254
0.184461
0.188123
0.182012
0.184252
0.188914
0.189654
0.183365
0.17695
0.185147
0.178908
0.181953
0.184212
0.179078
