10.6579
9.72199
7.48122
12.0623
13.8811
9.91407
12.1206
9.27117
9.23584
12.8273
11.2203
13.2451
10.6057
10.603
12.9175
11.4162
12.0001
11.6668
13.2165
13.7047
10.7989
11.0534
12.4248
11.3067
14.2238
12.2781
11.6685
12.9103
11.7177
10.2243
13.2723
11.4515
13.4972
12.0241
11.5373
13.2094
14.6569
11.6777
11.7211
14.179
11.7073
12.143
12.8969
11.2732
11.8768
12.9955
13.5371
12.4865
11.2204
13.1106
11.6453
12.7153
11.3395
11.3409
12.7413
11.9002
11.5014
12.1409
12.8324
10.893
13.1732
11.6476
12.5511
12.0298
12.6184
12.4773
11.4447
14.2828
13.999
12.3568
15.0608
12.0655
12.2799
13.179
12.5445
11.4319
11.8294
13.047
12.0141
12.8216
11.799
11.8076
11.5341
12.9467
13.7839
11.1308
11.8654
13.3941
12.0159
11.8182
12.8552
12.0702
12.5853
12.5645
11.2596
11.9281
11.9171
11.8889
11.7805
12.2516
