0.331398
0.082006
0.115368
0.132748
0.119862
0.118262
0.118324
0.0994036
0.0855932
0.0898954
0.088636
0.0732229
0.092317
0.103313
0.0800478
0.0717359
0.0611979
0.0577176
0.079586
0.0694583
0.0565626
0.0596401
0.0752913
0.0775749
0.0659463
0.0507929
0.0852578
0.0710515
0.0601033
0.0641402
0.0761775
0.0833672
0.0549866
0.0410349
0.0610933
0.0375998
0.0527045
0.0698336
0.0561166
0.0553333
0.0504817
0.0467247
0.0426197
0.0501353
0.0399338
0.0552637
0.0556675
0.0603603
0.0353407
0.0459523
0.0451238
0.0500235
0.0352108
0.0503137
0.0290439
0.0401264
0.0521375
0.0340545
0.0331233
0.0440229
0.0474679
0.0423928
0.0271774
0.0453512
0.0359877
0.0362084
0.0480091
0.036391
0.0339584
0.0299967
0.0303386
0.0430856
0.0318606
0.0368705
0.0441744
0.042151
0.0285965
0.0528361
0.0330579
0.0552459
0.0438638
0.0503436
0.0538043
0.0507501
0.0364975
0.0369845
0.0534558
0.0437114
0.0430725
0.0324585
0.0544828
0.0613242
0.0454661
0.0499122
0.0623978
0.0538568
0.046005
0.0475415
0.0569298
0.0553986
