1.00404
1.00413
1.00392
1.00402
1.00396
1.00406
1.00452
1.00392
1.00405
1.00414
1.00398
1.00392
1.00392
1.00399
1.00405
1.00388
1.00397
1.00404
1.00392
1.00389
1.00414
1.0036
1.00477
1.00407
1.00418
1.00394
1.00428
1.00493
1.00388
1.00372
1.00376
1.00391
1.00409
1.005
1.00415
1.00435
1.00336
1.00566
1.00415
1.00443
1.00374
1.00576
1.00573
1.00394
1.00347
1.0029
1.00487
1.0053
1.00412
1.00291
1.00648
1.00793
1.00621
1.00636
1.00419
1.00399
1.00371
1.00424
1.00665
1.00626
1.00697
1.00335
1.00339
1.00651
1.0045
1.00947
1.00466
1.00525
1.01045
1.0057
1.0077
1.00879
1.00671
1.00735
1.00532
1.00619
1.01268
1.0067
1.01019
1.00767
1.00879
1.01005
1.0107
1.00863
1.00871
1.01469
1.01378
1.00944
1.01001
1.01358
1.00872
1.01024
1.00819
1.01138
1.00891
1.00982
1.00912
1.01521
1.0155
1.01271
1.00965
1.01129
1.01102
1.01368
1.01192
1.01059
1.01287
1.01303
1.01098
1.01404
1.00776
1.00891
1.01321
1.01029
1.0125
1.00828
1.01113
1.00583
1.01144
1.01063
1.00893
1.01357
1.01248
1.01729
1.00939
1.00821
1.01194
1.01157
1.01126
1.01497
1.01443
1.01116
1.00818
1.00974
1.01516
1.01768
1.0135
1.01283
1.01422
1.01139
1.00887
1.01009
1.01859
1.01218
1.01077
1.00948
1.01393
1.01416
1.01341
1.01568
1.01712
1.01119
1.01173
1.01622
1.011
1.01093
1.01412
1.01423
1.01106
1.01513
1.01548
1.01719
1.01535
1.0167
1.00969
1.01798
1.01387
1.01466
1.01006
1.01187
1.01751
1.01499
1.01674
1.01158
1.01248
1.01005
1.01479
1.01543
1.01284
1.01853
1.01182
1.0152
1.01594
1.01525
1.01441
1.01278
1.01634
1.01379
1.01103
1.01373
1.01347
1.01276
1.00887
1.01079
1.01172
1.01204
1.01682
1.01492
1.01188
1.01387
