310.607
380.962
339.889
343.873
320.776
311.865
311.367
313.586
318.126
317.49
303.189
315.233
315.373
300.804
302.047
299.749
295.909
308.946
299.656
297.625
291.898
303.159
296.364
289.537
297.073
291.073
285.807
286.407
288.39
276.349
284.385
280.69
270.488
267.932
276.991
279.162
272.947
266.184
266.532
275.901
268.445
288.6
281.608
294.564
297.47
299.18
309.064
318.247
338.593
329.732
328.773
317.715
320.613
315.345
325.57
310.515
310.78
305.674
308.6
303.219
305.509
290.078
289.378
286.831
287.775
282.486
282.798
280.908
283.329
276.88
277.593
272.07
268.089
268.958
268.202
259.662
260.723
262.767
257.526
255.786
254.929
253.944
247.876
243.028
240.716
245.527
243.055
243.262
242.215
239.292
239.312
231.432
231.499
233.739
247.366
252.094
249.84
235.822
228.417
220.559
215.146
220.336
218.357
223.482
218.531
215.817
218.831
209.052
212.451
213.958
207.379
211.442
208.706
205.818
205.068
209.321
201.371
199.911
198.084
196.263
201.381
200.149
191.002
197.847
194.377
192.158
192.395
187.025
183.036
185.734
184.572
182.966
184.973
181.741
189.609
183.19
183.747
179.705
176.969
173.915
174.123
175.222
176.143
170.428
173.729
170.387
167.907
175.909
169.776
167.818
169.74
170.129
163.671
163.957
167.589
163.413
161.699
163.462
161.813
155.918
158.327
155.768
159.472
157.758
159.442
153.906
152.367
156.642
152.544
149.463
149.173
156.973
153.469
157.573
149.879
150.523
150.069
144.047
152.275
142.93
147.13
145.129
140.17
140.138
145.469
139.051
142.721
140.522
142.547
140.361
144.597
135.455
138.045
134.194
136.311
135.123
134.222
136.419
133.212
135.443
