0.087301
0.103073
0.113433
0.11306
0.115597
0.121828
0.0589954
0.0311509
0.0257863
0.0231741
0.0254036
0.021766
0.0182798
0.0155814
0.014887
0.0178458
0.0173165
0.0214339
0.0216087
0.0253344
0.0309651
0.0326822
0.0336179
0.0344132
0.0404494
0.0415321
0.0365435
0.0384412
0.0347791
0.0362075
0.0364823
0.0385683
0.0329065
0.0347218
0.0354215
0.0358934
0.0338618
0.0359978
0.0379984
0.0362253
0.037779
0.0341474
0.0363378
0.0354581
0.0346987
0.0362165
0.0365598
0.0352834
0.0348171
0.0349686
0.0399403
0.0387782
0.0424185
0.0409485
0.0424857
0.0408143
0.0428283
0.0419061
0.0421109
0.0440401
0.0412703
0.0452504
0.0408697
0.0419143
0.0413114
0.0434861
0.0427965
0.0431623
0.0438745
0.0440213
0.04346
0.0440191
0.0440922
0.0414254
0.0418807
0.0399399
0.0424006
0.0420771
0.0407092
0.0434035
0.0437114
0.0408503
0.0419362
0.0439515
0.0418852
0.0400119
0.0428658
0.0424419
0.040164
0.0415973
0.041925
0.0417771
0.0425112
0.0416495
0.0423706
0.0409979
0.0427114
0.0403587
0.0407551
0.0422803
0.0420773
0.0427785
0.0424458
0.0424766
0.0421902
0.0418127
0.0415884
0.0427872
0.0412584
0.0407244
0.0420549
0.0429297
0.041548
0.0422353
0.0435163
0.041299
0.04248
0.0422859
0.0437289
0.042705
0.0429365
0.0427234
0.0444155
0.0424941
0.043185
0.0448055
0.0442126
0.0448412
0.0449075
0.0435355
0.0438904
0.0429245
0.0448084
0.0437737
0.043191
0.0455675
0.0458956
0.0447571
0.0458747
0.0460396
0.043478
0.0450621
0.0454629
0.0462652
0.0433533
0.0455799
0.0461685
0.0466474
0.0478624
0.0459322
0.0455274
0.047904
0.0468746
0.0478222
0.0487825
0.0456627
0.0471052
0.0490751
0.0505316
0.0459931
0.0463863
0.0466859
0.0491064
0.0480584
0.0500425
0.0496355
0.0450951
0.0488042
0.0469838
0.0499009
0.0468768
0.0496416
0.050818
0.0486333
0.0486799
0.050223
0.050275
0.0505747
0.0519018
0.0493984
0.0509269
0.0524801
0.0497223
0.0533115
0.0521071
0.0485319
0.0525213
0.0550066
0.0517568
0.0527476
0.0508425
0.0518523
0.0528502
0.0512493
0.0545835
0.054583
0.0528832
0.0535783
0.0563171
0.0545319
