824.133
1121.51
1183.16
1177.18
1215.57
1240.91
1165.72
1209.92
1244.42
1265.83
1236.91
1179.97
1204.3
1217.9
1171.56
1177.04
1183.63
1160.69
1151.02
1136.24
1137.24
1151.36
1133.3
1139.77
1121.17
1149.85
1099.85
1110.2
1118.29
1081.68
1064.69
1083.34
1085.43
1048.76
1076.71
1074.22
1065.73
1071.66
1013.18
1029.26
1047.21
1029.52
1046.17
1041.59
1049.11
1051.62
1034.78
1038.99
1023.89
997.292
976.885
1039.04
1030.51
1007.24
992.055
1022.86
996.586
1013.86
1051.44
1006.36
996.691
1000.83
1014.29
1018.67
1003.37
1041.33
1011.58
994.674
973.85
995.982
963.133
984.242
977.063
1004.58
953.415
944.976
936.239
939.316
957.193
930.895
922.525
879.96
903.069
891.867
871.842
909.973
854.101
877.484
864.274
846.006
843.535
844.466
826.159
810.521
830.661
803.891
807.41
791.481
813.847
792.891
787.533
769.517
775.774
761.406
745.873
752.786
741.897
760.266
720.38
730.569
734.547
734.301
733.484
727.329
744.028
735.205
749.348
754.394
748.514
704.21
722.099
711.047
715.404
722.227
683.081
700.8
677.13
687.377
670.451
669.94
667.575
665.064
648.443
669.771
655.698
664.049
656.57
650.068
631.096
650.583
648.65
642.23
639.088
628.029
635.362
605.564
614.092
620.079
629.537
615.854
606.691
596.78
609.083
593.515
598.445
600.95
601.158
586.436
586.913
582.819
583.917
579.992
580.112
568.795
574.631
578.71
574.151
559.271
561.489
585.367
564.755
571.017
549.872
545.221
548.448
553.062
556.342
555.016
546.127
540.268
549.758
543.731
525.999
510.103
518.104
507.061
519.975
516.262
524.769
499.689
510.504
510.417
500.071
499.971
507.928
486.179
489.712
508.419
508.695
503.834
