 0.015982
0.0319606
0.0479654
 0.063971
0.0800091
0.0960722
 0.112158
 0.128294
 0.144452
 0.160662
 0.176914
 0.193204
 0.209554
 0.225934
 0.242374
 0.258853
 0.275371
 0.291943
 0.308537
 0.325179
 0.341847
 0.358538
 0.375264
 0.391991
 0.408747
 0.425504
 0.442262
  0.45903
 0.475776
 0.492526
 0.509251
 0.525955
 0.542642
 0.559284
 0.575906
 0.592477
 0.609003
 0.625488
 0.641903
 0.658274
 0.674569
 0.690799
 0.706962
 0.723036
 0.739047
 0.754964
 0.770803
 0.786564
 0.802228
 0.817826
  0.83333
 0.848762
 0.864123
 0.879404
 0.894635
 0.909795
 0.924912
 0.939986
 0.955015
 0.970032
 0.985016
