14.0867
13.0611
12.9046
13.6467
13.3579
13.1938
13.3364
13.1079
13.7955
12.8647
12.9075
12.3443
8.93627
2.54167
2.38157
2.42806
2.59112
2.46586
2.45511
2.4225
2.41635
2.36656
2.3965
2.40178
2.35099
2.43847
2.41227
2.40188
2.37283
2.38877
2.30224
2.38032
2.3677
2.29702
2.28261
2.28377
2.2215
2.25029
2.16411
2.27998
2.31099
2.19778
2.10094
2.23525
2.06622
2.12466
1.99255
1.97119
2.03948
2.08387
2.03206
2.02218
2.00779
2.04175
2.03415
1.90868
1.99329
1.91984
2.01766
2.00142
1.92196
1.89375
1.92454
1.97005
1.88351
1.94801
1.90651
1.89092
1.84943
1.83833
1.90906
1.99943
1.84678
1.87716
1.78403
1.85004
1.87528
1.84568
1.73328
1.78431
1.80303
1.78326
1.80094
1.7254
1.78512
1.71763
1.79296
1.82842
1.74095
1.80354
1.6942
1.75085
1.63862
1.76998
1.73791
1.70334
1.71165
1.73024
1.63973
1.69425
1.67844
1.69601
1.74329
1.67716
1.68565
1.6715
1.69941
1.63508
1.67313
1.72714
1.68584
1.68385
1.72898
1.66647
1.67037
1.65771
1.68187
1.69001
1.64876
1.69299
1.61662
1.71771
1.64596
1.64898
1.65317
1.63596
1.6461
1.6795
1.63516
1.58797
1.60043
1.63494
1.66109
1.66029
1.62403
1.66634
1.68564
1.62509
1.58852
1.5622
1.59456
1.56303
1.64035
1.59041
1.64682
1.64011
1.62906
1.57356
1.59932
1.54915
1.58328
1.59605
1.52029
1.58585
1.61058
1.53938
1.60134
1.59735
1.57851
1.57616
1.58139
1.60255
1.54632
1.52582
1.6117
1.5979
1.56924
1.48533
1.52077
1.49073
1.52509
1.5149
1.49788
1.49694
1.49008
1.44255
1.44633
1.46167
1.47235
1.45643
1.42801
1.47859
1.45008
1.43996
1.4295
1.33223
1.36686
1.44055
1.36832
1.39631
1.41889
1.34621
1.43119
1.38372
1.36453
1.36044
1.36519
1.3929
1.37633
1.31526
