75.9233
61.9252
58.8745
67.3555
65.7769
63.7271
69.4092
67.0251
65.5559
68.9717
67.9144
68.9256
71.8364
69.8137
70.2228
71.7145
70.6925
68.9206
71.2154
69.9351
72.6107
69.8615
67.5248
68.498
71.7923
68.0038
68.8604
68.1819
69.6711
71.2895
69.7436
67.7846
70.1534
69.8812
67.7359
70.9918
69.4578
67.202
67.6525
70.0416
65.6792
67.7733
66.7082
69.5519
64.2533
64.7982
64.2609
65.9677
62.0178
60.7833
58.9872
54.0011
52.6209
50.6261
48.9934
44.3359
40.1996
37.6385
36.2684
36.6302
34.1671
35.8351
36.2394
37.2517
36.5255
35.7606
33.9863
34.2039
34.8089
34.7709
34.9197
35.226
36.1265
34.4171
37.3696
36.7749
36.6845
36.0686
34.8808
35.4596
34.4486
35.7845
35.7688
35.2709
36.504
36.353
36.6554
35.2195
35.7063
36.0635
36.4785
34.1327
35.6149
34.8218
34.1417
34.6259
35.2108
35.2895
35.8855
34.6878
34.4274
35.9437
34.2141
34.5993
33.4777
32.7549
32.8796
30.5508
25.3925
25.2387
27.3374
28.8062
29.1263
31.4815
31.2617
31.9563
30.6878
32.2949
31.3516
31.3732
31.8306
30.9219
30.9384
31.3072
30.4251
31.4016
30.444
31.2147
30.2458
31.1085
31.7964
31.9726
32.3692
30.6931
31.2093
30.4747
31.6424
30.2021
31.4404
31.3273
30.953
31.6229
31.0602
31.3279
30.3134
31.0922
30.7021
30.0961
31.4859
29.6327
30.8025
30.0871
31.7324
30.2093
30.2462
29.8496
29.9703
29.6961
28.2841
29.4945
29.1983
29.173
30.4814
29.435
28.5663
29.0585
28.4295
29.7988
28.0077
29.2551
29.0911
28.5468
29.6389
29.5357
29.8385
29.4464
29.7095
29.2895
29.3744
29.9581
28.7314
27.3926
27.9231
28.105
29.2345
28.0096
29.568
28.9772
28.4642
27.9422
28.8491
29.2469
29.8998
28.823
27.721
27.1287
27.5076
28.1689
26.9235
27.9024
