2.55979
2.49674
2.38847
2.3432
2.30826
2.32325
2.40924
2.41804
2.44783
2.38189
2.44532
2.58153
2.52062
2.46717
2.65882
2.65044
2.65645
2.6415
2.55556
2.70016
2.58728
2.70145
2.55119
2.60761
2.65767
2.65041
2.63241
2.55238
2.62947
2.6008
2.64212
2.5673
2.43995
2.47686
2.28016
2.11703
1.71462
1.28496
1.30007
1.25939
1.32115
1.33218
1.35081
1.28575
1.26197
1.23414
1.28598
1.26278
1.28342
1.19078
1.2755
1.20417
1.33352
1.23002
1.30169
1.19585
1.14975
0.592861
0.692375
1.00718
1.15026
1.1818
1.16476
1.09638
1.12152
1.11792
1.11157
1.09915
1.09162
1.10382
1.07647
1.06217
1.0909
1.08575
1.04434
1.04182
1.0936
1.07072
1.06638
1.10263
1.09862
1.09726
1.11104
1.06815
1.05601
1.06257
1.08484
1.0835
1.06853
1.0614
1.0849
1.10298
1.09531
1.06065
1.11597
1.09433
1.10586
1.1133
1.13139
1.08026
1.02319
1.10422
1.02769
1.09434
1.0359
1.07358
1.02272
1.05804
1.01884
1.03212
1.00629
1.04217
1.0343
1.01406
0.988447
1.06533
1.02022
0.992862
1.05144
1.02233
1.01699
1.0152
0.985455
1.01789
0.967811
0.991818
0.977031
1.02546
0.952509
0.994497
1.00424
0.913591
0.974762
0.990707
0.987684
0.92448
0.962607
0.980511
0.923627
0.90951
0.930148
0.905015
0.941821
0.971505
0.916621
0.922657
0.92856
0.928986
0.911018
0.954795
0.922488
0.873327
0.915121
0.938885
0.943347
0.922996
0.936628
0.933435
0.869122
0.915111
0.912053
0.896614
0.888399
0.881961
0.933759
0.916385
0.914393
0.923473
0.904323
0.905716
0.887635
0.892783
0.890544
0.898766
0.912617
0.916411
0.854306
0.90902
0.8898
0.884098
0.858119
0.894593
0.90418
0.848409
0.86244
0.895903
0.878452
0.879976
0.847642
0.866846
0.883733
0.867425
0.884123
0.852868
0.890901
0.873339
0.841956
0.886659
0.847493
0.857169
