1.13443
1.29656
1.51054
1.309
1.3846
1.46491
1.4453
1.46942
1.41595
1.44416
1.49286
1.49446
1.52448
1.4654
1.38295
1.1682
0.813755
0.497936
0.266881
0.292838
0.429031
0.411122
0.466455
0.476446
0.491604
0.46904
0.51367
0.539305
0.500858
0.483921
0.420918
0.401958
0.479526
0.515592
0.511182
0.517788
0.534025
0.519353
0.543556
0.540541
0.506404
0.530601
0.534224
0.509636
0.565695
0.561676
0.55979
0.538506
0.536468
0.555751
0.539962
0.545808
0.548181
0.56231
0.557886
0.528502
0.548933
0.539117
0.560219
0.581127
0.538341
0.575129
0.583441
0.557679
0.569256
0.575363
0.571034
0.573226
0.571464
0.592614
0.592229
0.571989
0.559436
0.578488
0.608124
0.588333
0.586469
0.58551
0.58167
0.586401
0.600406
0.596195
0.585931
0.583107
0.558124
0.591873
0.592796
0.568534
0.591017
0.566579
0.572474
0.573201
0.566509
0.581777
0.571008
0.572876
0.572449
0.543907
0.51487
0.560461
0.537116
0.553597
0.579832
0.550162
0.525946
0.531035
0.551273
0.523965
0.536699
0.559159
0.558009
0.544157
0.540148
0.543197
0.543727
0.538945
0.517556
0.53125
0.531745
0.515845
0.548517
0.517004
0.529127
0.538536
0.529353
0.521616
0.543561
0.511938
0.52777
0.559988
0.531425
0.52575
0.562683
0.544922
0.532298
0.5385
0.522008
0.527062
0.533636
0.556192
0.525852
0.540267
0.565647
0.533743
0.555516
0.540358
0.568345
0.541146
0.548616
0.525986
0.548096
0.553773
0.53092
0.548996
0.565663
0.512589
0.546154
0.566599
0.549642
0.564217
0.544021
0.54481
0.533396
0.532136
0.550129
0.548892
0.559433
0.540865
0.53427
0.560088
0.567331
0.562089
0.545612
0.536563
0.538672
0.549784
0.552558
0.535252
0.540352
0.533906
0.563855
0.577151
0.533981
0.551056
0.553448
0.548665
0.537179
0.545596
0.548389
0.523988
0.560585
0.543371
0.547413
0.560417
0.573629
0.553271
0.552308
0.540746
0.561581
0.538375
