0.188512
0.173938
0.189965
0.196433
0.201401
0.204941
0.210524
0.21641
0.213261
0.222009
0.216659
0.183379
0.114187
0.122243
0.125614
0.0976335
0.0824175
0.0720387
0.0855628
0.0789632
0.0840798
0.0842391
0.0856242
0.0917561
0.096407
0.0928003
0.096328
0.0972583
0.0941617
0.0937993
0.0949034
0.0979543
0.0871043
0.0938232
0.0880243
0.09083
0.0931687
0.0884732
0.0885782
0.0784617
0.0808506
0.0837747
0.0798111
0.0788616
0.0828895
0.0861952
0.0826649
0.0817472
0.0774432
0.0813306
0.0834724
0.0814871
0.083141
0.0807118
0.0884412
0.0847765
0.0829408
0.0839693
0.0834239
0.0822088
0.0843332
0.0863427
0.0854157
0.0825585
0.0867721
0.0830236
0.0847014
0.0852483
0.0822711
0.0825124
0.0835937
0.0825189
0.0835913
0.0818783
0.0791574
0.0868013
0.0888289
0.0864481
0.088094
0.0852248
0.0864122
0.0838921
0.0830523
0.0852049
0.0856369
0.0863988
0.0856772
0.086476
0.0836884
0.0844009
0.0835603
0.0828517
0.0851222
0.0842115
0.0817967
0.0881273
0.0878773
0.0895489
0.0866079
0.0842707
0.0822779
0.0859032
0.086616
0.0908331
0.0868814
0.0857237
0.0876638
0.0840539
0.0839879
0.0904928
0.0872107
0.0880953
0.0842912
0.0875181
0.0858849
0.0891819
0.0821904
0.0837919
0.0810112
0.0823908
0.0880818
0.0853037
0.0872303
0.0882178
0.0901622
0.0845749
0.0861452
0.0856409
0.0882313
0.0851904
0.0859861
0.0862202
0.0837543
0.0853569
0.0892975
0.0835717
0.0894858
0.0875015
0.0856083
0.0845278
0.0838446
0.0833025
0.0881018
0.0870716
0.0887943
0.0886396
0.088369
0.090348
0.0875115
0.0845548
0.0889061
0.0840568
0.0897077
0.086845
0.0874327
0.082783
0.086293
0.0899966
0.085581
0.0914245
0.0869915
0.0857352
0.0890609
0.0880419
0.0860384
0.0843075
0.0865098
0.0873174
0.0855946
0.0850418
0.0878694
0.0919572
0.088531
0.0864626
0.0825176
0.0872238
0.0883144
0.0857923
0.0834221
0.0880883
0.0875614
0.0809792
0.0877895
0.0889409
0.0884114
0.0823727
0.0856664
0.0870041
0.0866454
0.0829486
0.0862829
0.0857151
0.0854209
0.0846602
0.0836904
0.0836609
0.0842733
0.0862319
0.0828515
0.0877251
