5.03139
4.99041
4.98536
5.02248
5.01751
5.05196
4.97125
5.02459
5.0503
5.05024
5.02688
5.03129
5.05371
4.98544
5.03425
5.03042
5.03761
5.00204
5.00862
4.98538
4.87883
4.94392
4.9492
4.94445
4.98499
4.98181
5.02212
4.92883
4.98738
5.02379
5.02306
4.89192
5.03977
4.95101
5.03756
4.99499
4.97986
5.0483
4.99456
4.96482
5.00896
5.02409
5.02334
4.96708
5.00585
4.99867
4.99955
5.00724
4.91783
4.96657
5.03712
4.92312
5.00696
4.98598
4.87518
4.96629
5.0244
4.90274
4.92913
4.98184
4.99019
4.92394
4.90966
5.02893
4.97275
5.00638
4.87598
5.03123
4.92485
4.92129
5.02402
4.96826
4.94401
5.02406
4.85747
4.90952
4.9604
4.87328
4.88961
4.91549
4.87847
4.91202
4.94839
4.94679
4.91641
4.92597
4.97645
5.0012
4.98726
4.88591
4.85887
4.84556
5.00863
4.95571
4.87173
4.90303
4.89191
4.98058
4.7614
4.80296
4.86715
4.95609
4.94144
4.95579
4.91667
4.94768
4.8441
4.92874
4.84988
4.93452
4.98379
4.86274
4.96061
4.91502
4.77588
4.90476
4.94335
4.83961
4.75955
4.95398
4.88173
4.96282
4.82268
4.97554
4.99074
4.72118
4.91534
4.78231
4.76836
4.87012
4.81157
4.93598
4.82764
4.94117
4.9528
4.77617
4.87636
4.97019
4.96632
4.70654
4.79332
4.63747
4.89802
4.97913
4.6493
4.83589
4.88227
4.79018
4.7609
4.8447
4.99544
4.96881
4.85508
4.95626
4.74517
4.8235
4.83694
4.8968
4.70047
4.81531
4.82387
4.88455
4.72311
4.82362
4.79372
4.90895
4.91934
4.62865
4.79372
4.90178
4.81767
4.89381
4.80161
4.67446
4.72698
4.80522
4.88324
4.78434
4.9826
4.76459
4.80357
5.02246
4.79584
4.84212
4.83638
4.85962
4.85453
4.95493
4.86941
4.86283
4.75298
4.78239
4.67894
4.87692
4.91612
4.73694
4.74584
4.86798
4.96963
4.78995
