5.69897
5.02977
5.31202
6.63818
5.16755
6.01098
5.35884
7.29169
5.29195
7.02354
5.05668
5.84582
6.42035
7.04398
8.38527
6.67047
6.37436
7.45852
5.45112
7.16449
6.12535
8.14847
6.23428
5.81902
8.36936
6.84129
6.76623
7.29911
7.24525
8.05355
6.93976
7.84644
7.27019
7.38538
6.87369
7.28859
7.38277
7.33508
7.48363
8.08413
8.0303
8.00355
7.48845
7.47836
8.61451
8.04039
7.76321
8.10354
7.75378
8.06663
7.34288
8.21733
7.13812
7.9393
8.22487
8.14184
7.58188
8.19636
8.30642
8.11075
8.07857
8.15895
7.96404
8.00094
8.16257
8.30919
8.34157
8.23114
8.37379
8.10336
8.44336
8.27004
8.27568
8.1948
8.12359
8.13994
8.09765
8.33538
8.14966
7.93891
8.07527
8.63552
8.34314
8.74559
8.07352
8.1731
8.21728
8.00527
8.33446
8.10439
8.1418
7.86045
8.19381
8.63499
8.16976
8.19462
8.25148
8.35291
8.16052
8.3119
8.23176
8.2297
8.85293
8.27394
8.42684
8.35292
8.15888
8.29734
8.4508
8.18402
8.30006
8.51472
8.3073
8.16265
8.15453
8.24499
8.17386
8.19446
8.48065
8.35636
8.37635
8.21175
8.39251
8.25363
8.13637
8.23384
8.64173
8.27135
8.23761
8.12178
8.0328
8.23537
7.92536
8.23265
8.47285
8.23572
8.70789
8.85551
8.1944
8.34845
8.74126
8.44755
8.24701
8.20598
8.29895
8.6348
8.08728
8.22069
8.44055
8.26162
8.50321
8.40226
8.6728
8.3777
8.64052
8.46234
8.25302
8.38918
8.15264
8.36081
8.58764
8.17942
8.19317
8.51073
8.26013
8.25099
8.556
8.18206
8.11762
8.10691
8.0154
8.35597
8.75155
8.33268
8.29807
8.22459
8.18064
8.33406
8.20601
8.31101
8.30598
8.69503
8.6006
8.18697
8.16765
8.4594
8.52961
8.28723
8.35642
8.24357
8.46117
8.35282
8.07428
8.1925
9.02265
8.19281
8.7982
8.14024
8.22148
8.23999
