0.902788
0.36111
0.383248
0.409822
0.429012
0.447275
0.436529
0.413176
0.410909
0.397472
0.391243
0.376766
0.373139
0.366622
0.36004
0.354312
0.355052
0.357829
0.332319
0.350484
0.350991
0.344963
0.332422
0.32699
0.338304
0.328685
0.324087
0.329778
0.318682
0.336024
0.324245
0.338854
0.329666
0.327677
0.33156
0.326563
0.337411
0.335573
0.341061
0.32896
0.33577
0.340675
0.336606
0.343917
0.345282
0.335837
0.344558
0.333859
0.339388
0.343574
0.344686
0.349393
0.351622
0.353791
0.357543
0.368564
0.382842
0.37379
0.363284
0.381586
0.365387
0.374313
0.384486
0.376856
0.39013
0.39721
0.403127
0.402038
0.408198
0.407588
0.400811
0.414924
0.429719
0.406809
0.424905
0.433131
0.430127
0.438017
0.434563
0.43537
0.44323
0.445647
0.446843
0.442899
0.436225
0.44914
0.446991
0.446952
0.44503
0.438566
0.446664
0.438246
0.430069
0.423772
0.440414
0.430492
0.415034
0.424557
0.413001
0.402662
