11.5509
11.4123
15.5013
16.3986
14.0896
11.1016
13.8266
12.8659
11.4383
13.2386
12.2052
13.1469
11.2984
15.9952
12.7863
12.3734
15.4849
12.1552
12.2522
12.6465
12.5514
12.9067
12.3236
12.5835
15.0445
12.9112
13.8927
12.4638
14.7181
13.5519
15.5528
13.2195
13.6711
15.5774
15.6132
15.3501
14.7497
15.2053
14.348
14.8234
14.5135
14.5541
15.0092
14.6918
15.4229
15.2941
14.617
15.93
14.5376
15.3005
14.1891
13.8477
15.2552
15.903
14.0483
15.3962
14.7881
15.3136
14.059
14.5597
15.1669
14.2944
13.5104
13.4952
14.4489
14.2802
13.7708
14.9593
14.3991
13.5927
14.4751
13.9087
13.4562
15.0445
14.1004
14.4326
13.3005
13.5945
13.0151
13.7014
13.212
13.6773
13.4066
14.4123
13.9728
15.6155
14.3541
15.217
15.6745
16.2971
13.229
12.7451
12.7201
13.4982
13.4601
13.5199
14.0931
14.1862
14.3457
13.3084
