3.34559
3.32202
3.32564
3.32672
3.34474
3.31611
3.34321
3.3362
3.35287
3.3245
3.32069
3.34551
3.36552
3.315
3.3139
3.33514
3.33516
3.46672
3.4047
3.34922
3.35907
3.31885
3.33717
3.33545
3.32409
3.33333
3.36339
3.33661
3.37372
3.35996
3.3486
3.40835
3.45042
3.60542
3.37734
3.60495
3.35982
3.46054
3.59847
3.4781
3.32314
3.54057
3.5346
3.45309
3.4112
3.52254
3.39075
3.51685
3.79804
3.46877
3.42151
3.64556
3.46711
3.87559
3.59751
3.5089
3.45322
3.54094
3.48267
3.4743
3.59276
3.5676
3.46164
3.6175
3.99959
3.61241
3.58355
3.55416
3.47721
3.56664
3.58532
3.58307
3.60258
3.77636
3.59722
3.55207
3.5261
3.76269
3.83649
3.70627
3.81249
3.90601
3.68701
4.00513
3.87139
3.76346
3.69256
3.91364
3.69224
3.69252
3.85068
3.62312
3.93049
3.89604
3.70991
3.77636
3.88803
3.65857
3.80912
3.93746
4.04229
3.80853
3.70026
4.1809
3.70292
3.8761
3.95929
3.85597
4.21217
3.99829
4.05322
3.94288
3.91145
4.01768
4.0452
4.04964
4.02546
3.8904
4.01884
4.17248
3.90736
3.90722
4.0033
4.05799
4.16358
4.13545
4.04988
3.89548
3.88951
4.24222
4.19857
4.20899
4.11429
4.2127
4.25815
4.06965
4.14221
4.03002
4.07569
4.04349
4.13054
4.23237
4.01998
4.1694
4.12452
4.03933
4.1397
4.2727
3.98645
4.20513
4.17758
4.02315
4.19512
4.14113
4.16437
3.91302
4.21452
4.23505
4.32546
4.15129
4.18878
4.17704
4.19935
4.26972
4.25782
4.25879
4.27726
4.20119
4.23853
4.14025
4.20467
4.16161
4.2743
4.23518
4.20721
4.2166
4.18275
4.1993
4.32452
4.08205
4.20071
4.09217
4.19671
4.303
4.29008
4.17896
4.27148
4.25749
4.27178
4.28277
4.17797
4.2743
4.12466
4.18748
4.13847
4.16543
4.16006
4.27438
4.28178
4.31202
