0.0775997
0.0636967
0.0506507
0.0483191
0.0441758
0.0441023
0.0374195
0.0441328
0.043351
0.0473311
0.0472707
0.0441435
0.0402254
0.046803
0.0451699
0.041068
0.03988
0.0449116
0.041894
0.0427772
0.0438292
0.0469125
0.0455947
0.0457479
0.04461
0.0479288
0.0453874
0.0459635
0.0476308
0.049598
0.0468276
0.0521411
0.0474165
0.0529987
0.0483542
0.0526006
0.0574612
0.0573451
0.0602111
0.0597907
0.0673143
0.0739587
0.0741178
0.0842462
0.0856745
0.0920995
0.0931943
0.0954563
0.0997723
0.0992695
0.108438
0.108978
0.116192
0.119508
0.121402
0.128243
0.130725
0.138187
0.143849
0.149761
0.14997
0.154248
0.16153
0.159528
0.173545
0.170365
0.183983
0.190402
0.193506
0.196807
0.213127
0.216269
0.219654
0.228857
0.241854
0.235164
0.248137
0.247717
0.257393
0.258133
0.270185
0.274288
0.277415
0.275814
0.286912
0.294635
0.298925
0.302898
0.306708
0.316203
0.316197
0.3259
0.326648
0.327323
0.325818
0.331517
0.33407
0.343732
0.344028
0.347097
