11.9101
2.77459
2.64055
2.65254
2.64043
2.55817
2.59991
2.60056
2.6105
2.678
2.48263
2.48713
2.56339
2.7289
2.59752
2.62574
2.63346
2.48426
2.5288
2.55491
2.59379
2.56084
2.61427
2.63143
2.55977
2.49941
2.51989
2.46724
2.46476
2.52511
2.42404
2.39092
2.30609
2.15513
2.05324
2.0583
1.79811
1.79847
1.79451
1.74783
1.64812
1.69063
1.65935
1.72557
1.89402
1.7873
1.87124
1.88936
1.88129
1.84019
1.88059
1.75645
1.75834
1.77365
1.72632
1.70253
1.69936
1.68741
1.75197
1.72295
1.64564
1.61721
1.69926
1.68647
1.67397
1.69352
1.80219
1.67715
1.68702
1.72011
1.72977
1.74598
1.72947
1.75055
1.72752
1.74438
1.7667
1.82468
1.80494
1.76743
1.75664
1.76733
1.74082
1.77217
1.77666
1.75811
1.76164
1.73151
1.76062
1.7365
1.79608
1.71756
1.70885
1.66002
1.74532
1.66515
1.70823
1.71111
1.68961
1.72617
1.68953
1.65758
1.63726
1.67187
1.64979
1.64318
1.59209
1.66035
1.67787
1.59033
1.58235
1.56327
1.58941
1.59453
1.59218
1.56602
1.55575
1.56464
1.5325
1.5462
1.54603
1.56516
1.58685
1.54437
1.53089
1.57537
1.49336
1.55023
1.44715
1.45565
1.47091
1.51818
1.49615
1.5251
1.54538
1.52851
1.48047
1.53339
1.48143
1.53179
1.50056
1.46975
1.47534
1.54534
1.45857
1.49827
1.54811
1.54062
1.55998
1.5117
1.47195
1.51722
1.49132
1.45582
1.4717
1.47813
1.4455
1.48055
1.48572
1.46056
1.46425
1.40027
1.3839
1.45808
1.46079
1.45114
1.4582
1.45655
1.47232
1.40385
1.44342
1.40387
1.45068
1.36546
1.44936
1.44446
1.45524
1.42272
1.43284
1.40082
1.41438
1.47058
1.4288
1.42303
1.41507
1.40459
1.42926
1.37493
1.36744
1.4462
1.34607
1.41273
1.37933
1.38705
1.40972
1.35951
1.43599
1.38135
1.35115
1.35687
