2.39543
2.3857
2.62255
2.62347
2.63065
2.60615
2.46218
2.45216
2.47772
2.50498
2.44991
2.4322
2.43575
2.61171
2.42833
2.43443
2.40492
2.60272
2.42847
2.37296
2.36902
2.48864
2.3152
2.42823
2.30684
2.49494
2.4005
2.50724
2.33852
2.4348
2.61874
2.42406
2.24922
2.29586
2.34559
2.33066
2.41257
2.30797
2.25332
2.22129
2.3749
2.32516
2.40416
2.38395
2.3597
2.2566
2.35935
2.28999
2.29659
2.17577
2.25365
2.18098
2.24265
2.14257
2.20667
2.34199
2.16004
2.28255
2.37424
2.14148
1.99771
2.39863
2.20413
2.4182
2.17081
2.35599
2.20414
2.13961
2.43636
2.36575
2.15906
2.09102
2.27834
2.43123
2.34782
2.19412
2.16563
2.15969
1.95577
2.15109
2.3922
2.24546
2.1111
2.42943
2.24817
2.07682
2.10065
1.95801
2.22774
2.03773
2.17704
2.1595
2.42887
2.16782
2.01888
2.22575
2.29453
2.12388
2.22561
1.83891
2.09586
2.02609
2.0805
2.32121
1.99342
2.21046
2.342
2.15454
2.12769
2.07734
2.36325
2.18807
2.00519
2.05583
2.17595
2.03909
2.08846
2.23681
2.21456
2.34744
2.21633
2.28176
2.12247
2.12087
2.37863
1.94941
1.77485
2.00451
2.29705
2.12747
2.05198
1.89295
1.99589
2.31037
1.96412
2.26281
2.21998
2.28663
2.22633
2.13082
2.22362
2.36677
2.31016
2.09354
2.19561
2.23402
2.22612
2.02332
2.2044
2.07203
2.06486
2.04379
2.1382
2.11464
1.92059
1.93804
2.14175
2.19561
2.16994
2.21493
2.29393
2.29116
2.13938
2.22582
2.21637
2.22611
2.08768
2.3704
2.17459
2.32139
2.14762
2.18347
2.14951
2.10408
2.15299
2.2238
2.07287
2.16946
2.36134
2.1449
2.00087
2.03798
2.01888
2.40146
2.0557
2.03251
2.06269
2.32957
2.3649
2.08734
2.07888
2.18235
2.17157
2.14499
2.18206
2.17318
2.35751
2.10252
2.17455
2.31962
