0.099446
0.0627033
0.0714515
0.0910484
0.0758629
0.0790857
0.076218
0.0885127
0.090287
0.0964528
0.0930181
0.0907485
0.0867462
0.0959387
0.0933875
0.0988537
0.0952344
0.110387
0.117543
0.109687
0.110562
0.114118
0.11329
0.116561
0.114171
0.118105
0.117143
0.118213
0.123058
0.124507
0.121866
0.124859
0.123586
0.13738
0.127114
0.134948
0.130864
0.13544
0.13734
0.136467
0.141756
0.143511
0.139676
0.146456
0.142748
0.147614
0.142633
0.147845
0.149026
0.149238
0.145467
0.15203
0.156188
0.153278
0.150159
0.158486
0.154216
0.158301
0.154434
0.160282
0.16795
0.166666
0.174346
0.17042
0.17618
0.175409
0.175979
0.178687
0.184305
0.186733
0.186516
0.19072
0.195502
0.192771
0.194349
0.196946
0.198359
0.205659
0.205355
0.202624
0.205576
0.204087
0.203357
0.210971
0.215063
0.21028
0.220343
0.215768
0.218038
0.218416
0.221985
0.218423
0.22033
0.226357
0.228797
0.227659
0.230922
0.225837
0.226999
0.236884
