0.0670732
0.053684
0.0494541
0.0434952
0.0444594
0.0447386
0.0432493
0.0472475
0.0494842
0.0450435
0.0446895
0.0465529
0.0475005
0.0495427
0.0536655
0.0511755
0.0533747
0.0511139
0.053305
0.0529544
0.0543251
0.054572
0.0576679
0.0547056
0.0551424
0.0560907
0.0563964
0.0580744
0.0576423
0.0566633
0.0578307
0.060134
0.0632632
0.0611984
0.0630881
0.0656279
0.0647708
0.0647702
0.0640307
0.0684852
0.0670974
0.0678845
0.0709067
0.0690903
0.0688661
0.0714118
0.0705774
0.0703291
0.0749619
0.0734336
0.0758977
0.0764203
0.0771458
0.0827728
0.0823272
0.0839894
0.0848557
0.0853951
0.0890342
0.0906928
0.0896636
0.0917058
0.0907206
0.0922398
0.0964815
0.0957287
0.0950303
0.0991406
0.0970069
0.102023
0.105408
0.106104
0.105815
0.107177
0.108675
0.11197
0.116435
0.113079
0.113225
0.114496
0.120023
0.12298
0.127025
0.134889
0.142623
0.149076
0.159518
0.165713
0.168836
0.185967
0.25449
0.217213
0.212037
0.218823
0.232568
0.229061
0.241157
0.247054
0.253293
0.260285
