0.401655
0.530309
0.540426
0.315384
0.192013
0.165102
0.175867
0.148243
0.153606
0.157722
0.151845
0.145002
0.11517
0.115698
0.101868
0.102285
0.109537
0.19487
0.132071
0.124069
0.115688
0.138175
0.138741
0.141344
0.135825
0.127528
0.122106
0.128443
0.127942
0.124197
0.116923
0.114964
0.11477
0.122683
0.118211
0.124394
0.118936
0.114442
0.115114
0.114146
0.107575
0.108457
0.108291
0.105433
0.107415
0.101533
0.107029
0.10214
0.102639
0.10457
0.107645
0.101469
0.105235
0.10882
0.113992
0.120861
0.14007
0.104425
0.102111
0.0999355
0.105455
0.104821
0.103105
0.100599
0.10675
0.109124
0.105269
0.106444
0.112805
0.114201
0.115376
0.111095
0.12112
0.122885
0.120917
0.126739
0.129814
0.128665
0.125543
0.12876
0.138223
0.137362
0.136624
0.139331
0.141205
0.137404
0.146401
0.148121
0.150228
0.147212
0.148864
0.146694
0.152994
0.15138
0.159027
0.15139
0.156261
0.162055
0.155379
0.165792
0.15819
0.161184
0.157499
0.162988
0.157908
0.157863
0.17069
0.163233
0.167711
0.168358
0.17318
0.16117
0.167597
0.166154
0.171717
0.168242
0.165253
0.167701
0.174
0.172103
0.168592
0.173193
0.174135
0.17491
0.171245
0.178705
0.169083
0.174716
0.170912
0.16768
0.178855
0.171151
0.169138
0.169815
0.173172
0.171408
0.179824
0.170065
0.167109
0.181886
0.179577
0.169009
0.177026
0.17831
0.175835
0.171366
0.173875
0.170801
0.181361
0.176714
0.173714
0.173031
0.170675
0.172606
0.176447
0.176797
0.174688
0.167557
0.169575
0.171314
0.174511
0.171079
0.174841
0.176694
0.178804
0.177277
0.17451
0.180339
0.173177
0.176695
0.174538
0.176305
0.184859
0.174969
0.18035
0.184658
0.171796
0.182331
0.169453
0.184935
0.175555
0.175921
0.17601
0.167371
0.174198
0.180133
0.175432
0.184871
0.183741
0.178935
0.17627
0.175829
0.181531
0.179811
0.17971
0.175475
0.175682
0.168007
0.179728
0.169102
