0.0157984
 0.031652
0.0474523
0.0633876
0.0792752
0.0953009
 0.111347
 0.127492
 0.143737
 0.160052
 0.176502
 0.193037
 0.209698
 0.226484
 0.243368
 0.260399
 0.277529
 0.294786
 0.312167
  0.32963
 0.347236
 0.364899
 0.382687
 0.400531
 0.418452
 0.436441
 0.454458
 0.472537
 0.490609
 0.508719
 0.526799
  0.54489
 0.562927
 0.580941
 0.598891
 0.616768
 0.634601
 0.652291
 0.669955
 0.687447
 0.704876
 0.722182
 0.739331
 0.756433
 0.773315
 0.790167
 0.806837
   0.8234
 0.839892
 0.856187
 0.872494
 0.888605
 0.904698
 0.920709
 0.936606
 0.952551
 0.968341
 0.984207
