0.0186911
0.0373905
0.0560933
0.0748248
0.0935536
 0.112324
 0.131092
   0.1499
  0.16872
 0.187618
 0.206486
  0.22534
 0.244229
 0.263261
 0.282238
 0.301072
 0.319943
 0.339064
 0.358148
 0.376918
 0.395677
 0.414822
 0.434022
 0.452748
 0.471355
 0.490463
 0.509798
 0.528563
 0.547045
 0.566066
 0.585527
 0.604432
 0.622859
  0.64174
 0.661247
 0.680346
 0.698801
 0.717496
 0.736889
 0.756138
 0.774695
 0.793217
 0.812328
  0.83157
 0.850262
 0.868727
 0.887514
 0.906556
 0.925326
 0.943887
 0.962523
 0.981288
