8.69482
6.68095
7.44273
7.66147
7.95472
8.33889
8.46919
8.48272
8.48262
8.71613
8.58726
8.40715
8.27083
8.26613
8.48426
8.06562
8.37856
8.59663
8.69025
8.62076
8.32248
8.47557
8.53592
8.2525
7.86588
7.32226
6.72587
5.55275
4.43745
2.93764
2.21873
2.20802
2.57294
2.7821
2.77348
3.00158
2.90817
2.92699
3.16433
3.06917
3.06388
3.16372
3.14568
3.10458
3.20025
3.20214
3.29279
3.2744
3.23365
3.35702
3.47316
3.56017
3.30902
3.51108
3.4412
3.28439
3.46622
3.54178
3.40672
3.50933
3.40052
3.47957
3.29694
3.3305
3.32837
3.35835
3.32111
3.29003
3.14794
3.14574
2.50491
2.79685
3.15521
3.34058
3.28141
3.2758
3.23463
3.34667
3.40663
3.15546
3.2703
3.2719
3.23457
3.21585
3.23487
3.19322
3.13559
3.27782
3.20799
3.39487
3.38086
3.39141
3.35861
3.11681
3.3607
3.28212
3.42579
3.40159
3.21734
3.419
3.26444
3.32518
3.29308
3.18604
3.11116
3.47827
3.2336
3.19399
3.45446
3.29556
3.2419
3.31721
3.38098
3.20198
3.21791
3.30981
3.33324
3.04297
3.22219
3.02518
3.07172
3.2388
3.19794
3.22565
3.17272
3.10245
3.31508
3.20213
3.18263
3.23948
3.20527
3.23475
3.11371
3.24583
3.32799
3.18999
3.24698
3.19555
3.27711
3.13868
3.16034
3.09044
3.22118
3.14698
3.01167
3.19841
3.16584
3.06026
3.16783
3.25392
3.15255
3.27791
3.05248
3.04894
3.08665
3.16097
3.25268
3.20602
3.14062
3.17295
3.10232
3.17108
3.07692
3.06059
2.94037
3.02926
3.02271
3.03056
3.0597
3.07643
3.16078
3.01184
3.06443
3.12502
3.12173
3.00219
3.18421
2.98199
2.98755
2.97699
2.99705
3.09651
3.07954
3.16156
3.0122
3.02683
3.15886
3.02196
3.07697
3.04893
3.01615
2.95231
2.955
3.11833
2.92904
3.05478
3.05644
3.02359
2.9125
2.96793
