615.635
740.215
791.731
816.01
790.509
765.619
775.631
755.49
748.801
746.368
737.682
747.786
740.554
733.788
741.176
718.144
721.367
725.384
726.823
728.794
725.32
708.351
714.712
692.092
712.082
697.365
701.944
723.573
712.289
722.15
712.794
740.972
761.971
801.546
810.653
843.852
867.403
902.571
889.278
879.111
884.602
878.057
878.38
873.198
847.08
831.345
841.783
831.092
829.26
818.424
810.417
785.838
788.384
792.255
797.182
774.353
767.592
754.915
751.591
764.512
747.616
758.294
737.661
733.453
744.378
704.872
711.088
696.976
703.253
694.971
690.583
685.238
683.318
694.229
659.911
684.822
647.157
650.666
648.5
645.729
637.952
615.347
621.229
618.951
628.096
614.404
595.038
609.481
601.533
586.954
596.308
574.631
593.387
579.05
576.739
569.283
559.62
565.54
567.098
568.039
555.07
557.874
527.75
530.514
547.059
537.43
536.967
541.3
518.136
528.94
519.987
518.985
512.348
498.298
516.251
498.999
498.596
500.417
509.952
480.293
504.513
479.297
484.348
471.398
473.532
474.903
457.762
469.583
468.148
461.288
463.886
459.275
458.264
448.628
431.412
452.117
430.315
431.149
437.975
448.06
437.483
437.22
436.466
415.041
425.934
422.301
421.656
424.195
416.734
416.058
411.382
414.301
408.841
407.218
400.145
397.847
396.257
391.316
390.422
393.07
384.706
388.948
392.692
389.357
388.911
387.94
384.605
380.243
374.753
375.154
365.508
375.926
373.795
368.047
375.41
372.259
365.211
357.011
360.809
361.676
353.671
362.582
353.5
366.762
354.247
345.246
351.817
345.624
354.86
347.503
347.719
348.493
345.118
347.428
342.003
348.284
333.925
342.646
336.798
340.422
