1.57154
1.53538
1.45732
1.34029
1.29242
1.25866
1.30369
1.23916
1.209
1.28521
1.31369
1.28724
1.283
1.27663
1.24259
1.18493
1.2068
1.21669
1.27799
1.24577
1.15904
1.24648
1.21329
1.24065
1.23696
1.22255
1.23185
1.19329
1.24004
1.16971
1.1916
1.14992
1.15181
1.1894
1.16186
1.14528
1.21115
1.20004
1.10898
1.1516
1.12251
1.16864
1.12504
1.1443
1.18376
1.13263
1.15687
1.07238
1.22008
1.10159
1.1145
1.0825
1.12033
1.08001
1.07908
1.1169
1.12398
1.09127
1.076
1.1393
1.0779
1.09209
1.11935
1.08701
1.02832
1.07895
1.08882
1.10473
1.07997
1.12509
1.05787
1.05264
1.06323
1.09443
1.08025
1.05138
1.07556
1.06019
1.02422
1.02855
1.02811
1.03172
1.0891
1.04855
1.06749
1.01581
1.00728
1.03815
1.00435
1.04829
1.00731
1.02073
0.991841
1.03392
1.01883
1.00128
1.0358
1.01606
0.994877
0.978762
1.03641
1.00472
0.973717
0.965327
1.03972
1.01785
0.989056
0.997317
1.02381
0.982014
1.01395
1.00105
0.978167
1.03932
1.00553
0.963425
0.967678
0.974861
0.95486
0.937752
0.943878
0.959578
1.01614
0.968
1.00918
0.950664
0.993976
0.931297
0.994765
1.00169
0.965147
0.924364
0.919933
0.971183
0.975935
0.982907
0.960584
0.961898
0.900479
0.990888
0.94061
0.917467
0.914289
0.951818
0.939783
0.954041
0.993222
0.978645
0.933809
0.950571
0.990565
0.935665
0.975076
0.960795
0.960656
1.00075
0.964758
0.94013
0.951298
0.988578
0.996617
0.933072
0.957708
1.01812
0.930663
0.924411
1.00023
0.981895
0.961508
0.948671
0.925994
0.977706
0.996214
0.9447
0.966896
0.954267
0.942022
0.963654
0.948812
1.01114
0.960392
0.999006
0.981504
1.00367
1.00921
1.00304
0.97078
0.974683
0.978372
1.0222
1.04089
0.982941
0.981504
0.99204
1.02136
0.984611
0.995587
0.999512
0.996182
1.09007
