0.0186857
0.0374349
0.0562506
0.0750807
0.0938754
 0.112631
 0.131379
 0.150142
  0.16892
  0.18772
 0.206583
 0.225564
 0.244665
 0.263808
 0.282891
 0.301864
 0.320761
 0.339644
 0.358537
 0.377419
 0.396261
 0.415068
  0.43385
 0.452601
 0.471308
 0.490009
 0.508795
 0.527744
  0.54684
 0.565959
 0.584956
 0.603765
  0.62242
 0.641008
 0.659627
 0.678373
  0.69733
 0.716538
 0.735937
  0.75537
 0.774652
  0.79368
 0.812475
 0.831137
 0.849765
 0.868416
 0.887121
 0.905903
 0.924766
  0.94367
 0.962538
 0.981311
