0.0163572
0.0335681
0.0494307
0.0668095
0.0831677
0.0999679
 0.117274
  0.13368
 0.151433
 0.168238
 0.185764
 0.203408
 0.220701
 0.238908
 0.256465
 0.274726
 0.292879
 0.311065
   0.3297
 0.348042
 0.366842
 0.385516
 0.404324
 0.423288
 0.442158
 0.461252
 0.480232
 0.499311
 0.518396
 0.537394
 0.556535
 0.575437
 0.594474
  0.61335
 0.632089
 0.651001
 0.669397
 0.688156
 0.706416
 0.724657
 0.743028
 0.760633
 0.778954
 0.796291
 0.814007
 0.831595
 0.848427
  0.86624
  0.88266
 0.899998
 0.916814
 0.933179
 0.950569
 0.966432
 0.983644
