3.07329
3.68597
5.3178
3.80488
6.1007
6.70229
4.03959
5.74194
4.82062
5.17809
5.80165
5.33622
6.48245
7.13389
7.45155
6.88455
7.37007
7.2896
7.26636
7.24583
7.36268
7.34067
7.39732
7.42217
7.41233
7.42149
7.41459
7.45027
7.41545
7.42114
7.44844
7.44453
7.44453
7.44453
7.42114
7.44453
7.46235
7.43031
7.4446
7.45155
7.44453
7.44453
7.44453
7.45155
7.45477
7.46235
7.45353
7.46235
7.46235
7.45477
7.4509
7.45759
7.46157
7.46235
7.45155
7.46235
7.46235
7.45642
7.46235
7.46235
7.45353
7.45477
7.45155
7.44453
7.45155
7.45155
7.46235
7.45155
7.46235
7.46235
7.44564
7.46235
7.45155
7.44931
7.45477
7.44453
7.43031
7.43897
7.43533
7.44453
7.44517
7.45155
7.44453
7.45155
7.45155
7.45473
7.44453
7.45477
7.44453
7.44453
7.44453
7.44453
7.45477
7.43021
7.42249
7.44453
7.41589
7.45155
7.44453
7.44453
