0.0188662
0.00879743
0.0104744
0.0111865
0.0113405
0.0114191
0.0111531
0.0109513
0.0107422
0.0107176
0.0106523
0.0107389
0.0104457
0.0110525
0.0108098
0.010413
0.0110391
0.0109854
0.0106971
0.00393241
0.0048204
0.00501137
0.00493255
0.00445617
0.00444056
0.00445082
0.00393112
0.00302919
0.00395192
0.00441661
0.0041768
0.00372164
0.00355488
0.00416025
0.00423624
0.00435434
0.00385499
0.0042498
0.00382297
0.0040407
0.00370382
0.00380622
0.00389176
0.00378793
0.00398271
0.00336106
0.00313646
0.00329039
0.00318217
0.00333085
0.00347776
0.00350513
0.00350794
0.00341975
0.00329398
0.00333593
0.00329976
0.00285867
0.00311826
0.00324172
0.00299806
0.00298513
0.00303192
0.00314662
0.00313759
0.00313509
0.00326891
0.00309926
0.0031497
0.00323032
0.00298627
0.00350823
0.00330042
0.00303783
0.00333497
0.00324666
0.00325764
0.00335297
0.00339906
0.00318182
0.00318297
0.00331432
0.00318968
0.00330453
0.00323511
0.00334896
0.00321632
0.00325895
0.0034513
0.00323418
0.00346868
0.00329496
0.00335429
0.00314338
0.00329102
0.00318409
0.00316921
0.00317383
0.00324476
0.00314597
0.00309016
0.00322744
0.00324235
0.00319904
0.00309611
0.00311848
0.00328425
0.00331199
0.00332955
0.00346345
0.00331297
0.00324961
0.00347237
0.00330465
0.00316295
0.00328174
0.00307245
0.00333895
0.00329379
0.00326068
0.00314528
0.00331158
0.00324968
0.00321446
0.00321265
0.00323505
0.00323327
0.00320992
0.00318213
0.00321011
0.00322447
0.00330799
0.00327297
0.0033355
0.00314148
0.00317473
0.0033138
0.00328035
0.00326448
0.00341052
0.00319264
0.00310876
0.00329189
0.00330753
0.00322552
0.00330155
0.00334945
0.00324083
0.00318589
0.00320252
0.00331537
0.00310182
0.00334082
0.00311826
0.00322864
0.0032507
0.00311856
0.00336023
0.00325536
0.00322861
0.00309708
0.00318818
0.00309446
0.00329459
0.00308789
0.0032279
0.00313891
0.0030868
0.00318602
0.00310531
0.00310255
0.00308382
0.00315116
0.00309569
0.00312858
0.00316132
0.00306594
0.00311429
0.00323388
0.00315686
0.00309371
0.00311059
0.00305652
0.00306126
0.00321158
0.00310784
0.00302353
0.00316407
0.0030105
0.00324457
0.00328138
0.00296495
0.00306127
0.00292151
0.003045
0.0031996
0.00311305
0.003018
0.00303795
0.00310437
