13.0023
12.4335
11.4928
10.8872
11.1314
10.8062
7.00698
1.34675
1.38827
1.23688
0.969204
0.827781
0.763883
0.666104
0.613578
0.577614
0.567528
0.527582
0.521549
0.492309
0.465672
0.441925
0.428531
0.410865
0.390525
0.414586
0.384431
0.441638
0.45165
0.473089
0.506956
0.513653
0.513356
0.521508
0.55418
0.537521
0.550264
0.554002
0.562531
0.574144
0.571197
0.574805
0.583227
0.581471
0.588808
0.562126
0.577524
0.574325
0.559035
0.564631
0.564775
0.561507
0.56316
0.577418
0.583971
0.571109
0.584931
0.586823
0.573331
0.548296
0.533196
0.546234
0.538059
0.528688
0.532766
0.536351
0.518549
0.500856
0.505357
0.48169
0.487319
0.462254
0.468219
0.448871
0.45377
0.45968
0.424628
0.411319
0.40651
0.390155
0.379674
0.363349
0.361613
0.350936
0.341363
0.338997
0.329654
0.322158
0.316454
0.312616
0.303138
0.294848
0.300035
0.288021
0.277379
0.273202
0.269287
0.262393
0.251136
0.266119
