0.0832514
0.0716373
0.071481
0.0712004
0.0623684
0.0126502
0.0118634
0.012288
0.0118723
0.0121682
0.0119905
0.0118228
0.0117254
0.0120189
0.0116409
0.0115686
0.0117325
0.0120251
0.0118519
0.0118634
0.0112473
0.0110201
0.011407
0.00916241
0.00514023
0.00659682
0.00649179
0.00597941
0.00550616
0.00554012
0.00581059
0.00572686
0.00556195
0.00538931
0.00555661
0.00530313
0.00558998
0.0056218
0.00540939
0.00546672
0.00522385
0.00406636
0.00424053
0.00500821
0.00460254
0.00477467
0.00484893
0.00480554
0.00508042
0.00504808
0.00487692
0.00435808
0.00470618
0.00468343
0.00459591
0.00532019
0.00486703
0.00466594
0.00473495
0.00452524
0.00477017
0.00452989
0.00426088
0.00435701
0.00448093
0.00456547
0.0045335
0.00438174
0.00429491
0.00445337
0.00419609
0.00415534
0.00380844
0.00411159
0.00399564
0.00419386
0.00421702
0.00395304
0.00391073
0.00389674
0.00360272
0.00390967
0.00387279
0.00403752
0.00388899
0.00396808
0.0039689
0.00389056
0.0037024
0.00370552
0.00363301
0.00385994
0.00366191
0.00363504
0.00367342
0.0035401
0.00349471
0.00361911
0.00374403
0.00342665
0.00356285
0.00359482
0.00355797
0.00338525
0.00360851
0.00352095
0.00347622
0.00351245
0.00369403
0.00346783
0.00353986
0.00352135
0.00349909
0.00359484
0.00364309
0.00355179
0.00357866
0.00353794
0.00360589
0.00357512
0.00352956
0.00335496
0.00349917
0.00356424
0.00346924
0.00355646
0.00336584
0.00355536
0.00342341
0.00354821
0.00349643
0.00340454
0.00365658
0.00349839
0.00355167
0.00326645
0.00329399
0.00338728
0.00336993
0.00321049
0.00345913
0.00338345
0.00326348
0.00337277
0.003219
0.00329037
0.00323635
0.00320447
0.00332117
0.00321555
0.00328852
0.00316562
0.00343024
0.00332417
0.00323962
0.00320159
0.0032546
0.00317726
0.00312359
0.00313884
0.00335681
0.0030123
0.00319852
0.00321476
0.00314766
0.00304966
0.00312158
0.00312889
0.00306091
0.0031555
0.00309355
0.00321152
0.00304236
0.00302265
0.00311668
0.00301387
0.00313554
0.00309256
0.00292194
0.00299093
0.00303639
0.00307698
0.00307387
0.0031303
0.0032253
0.00299367
0.00307579
0.00296477
0.00300492
0.00300139
0.00305377
0.00302905
0.00277113
0.00301263
0.00295211
0.00300966
0.00296866
0.00295821
0.00296184
0.00289584
