0.00880128
 0.0176277
 0.0265045
 0.0354575
 0.0445127
  0.053697
 0.0630382
 0.0725648
 0.0823068
 0.0922953
  0.102563
  0.113144
  0.124074
   0.13539
   0.14713
  0.159336
  0.172048
  0.185309
  0.199159
   0.21364
  0.228792
  0.244652
   0.26125
  0.278613
  0.296757
  0.315689
  0.335405
  0.355882
  0.377087
  0.398967
  0.421454
  0.444464
  0.467902
   0.49166
  0.515625
  0.539684
  0.563724
   0.58764
  0.611335
  0.634725
  0.657743
  0.680333
  0.702456
  0.724087
  0.745214
  0.765836
  0.785963
  0.805612
  0.824809
  0.843583
  0.861969
  0.880005
  0.897731
  0.915189
  0.932422
  0.949475
  0.966392
  0.983219
