0.921591
0.724484
0.781809
0.758413
0.831403
0.838179
0.906773
0.901826
0.893428
0.906839
0.90693
0.888852
0.884958
0.825296
0.870876
0.852269
0.857288
0.860741
0.857323
0.865796
0.845992
0.86656
0.845422
0.869212
0.838637
0.846215
0.856339
0.874944
0.832923
0.851256
0.859445
0.844574
0.857483
0.82317
0.822427
0.741417
0.837588
0.816989
0.758628
0.781815
0.745023
0.793317
0.703176
0.75404
0.699987
0.695523
0.677643
0.714345
0.662076
0.629147
0.682588
0.620693
0.581504
0.581299
0.595087
0.553255
0.584914
0.562293
0.527673
0.545284
0.543254
0.476736
0.511381
0.47912
0.476579
0.464764
0.48238
0.459477
0.451057
0.409594
0.47279
0.480547
0.448348
0.456738
0.404177
0.454427
0.419248
0.411202
0.416778
0.412477
0.409619
0.399015
0.383063
0.388461
0.414718
0.391914
0.383652
0.396836
0.416196
0.391129
0.377323
0.396513
0.376483
0.370691
0.354542
0.386382
0.350137
0.373373
0.373426
0.345996
0.363699
0.365688
0.361215
0.332204
0.336967
0.346782
0.345722
0.326405
0.324432
0.317375
0.355964
0.350055
0.314713
0.329533
0.323091
0.316148
0.335393
0.325552
0.31465
0.315117
0.330909
0.307324
0.322789
0.30871
0.310427
0.301659
0.306942
0.318982
0.31124
0.304273
0.297537
0.311502
0.305258
0.283761
0.317849
0.291604
0.298186
0.290985
0.291859
0.290203
0.289282
0.295034
0.304785
0.293878
0.289778
0.283864
0.303566
0.281824
0.270564
0.281527
0.28448
0.291488
0.285804
0.297019
0.291526
0.280984
0.297678
0.286416
0.271987
0.276041
0.299395
0.285064
0.276269
0.274695
0.281042
0.269655
0.258568
0.275418
0.261221
0.255708
0.243297
0.256786
0.256368
0.251171
0.263707
0.27169
0.25521
0.264711
0.242003
0.262566
0.233467
0.243916
0.23763
0.228462
0.25942
0.252861
0.241247
0.228622
0.220231
0.236367
0.207993
0.227792
0.220791
0.220755
0.228395
0.236821
0.22614
0.230856
0.229831
0.220738
