12.2293
11.8365
11.3668
12.0885
11.8562
12.1149
12.9714
13.0287
12.2178
12.2531
12.3517
12.048
11.8214
12.2668
12.9835
13.0913
11.6581
12.3163
11.4727
12.3011
11.8103
12.9719
12.6433
13.0607
12.9667
12.7048
12.3725
12.0835
12.8171
12.5823
11.7436
9.61806
13.0919
12.2064
11.1613
11.8157
11.5603
12.8725
12.9691
11.1325
11.3699
11.6402
8.97185
10.8057
11.3651
12.244
10.7856
11.3956
12.529
9.45557
10.665
10.9256
10.3444
9.21769
9.17377
10.0742
9.82484
11.8164
9.30227
11.6067
11.4572
9.12908
10.5352
10.4297
8.89432
9.38172
8.41344
10.052
9.61279
9.12895
8.85379
10.3656
9.18022
9.28147
11.0215
9.69167
10.0517
10.3033
9.22604
11.3197
11.2717
9.88495
10.3987
9.43809
9.38465
9.11146
10.3167
10.1519
10.0307
11.4095
11.5083
10.4578
10.9279
10.7727
11.6112
10.166
10.4751
10.6245
11.3707
11.0189
11.0207
10.3607
11.2321
9.97484
10.9652
10.715
11.2352
10.6072
10.5919
10.9267
10.9875
11.0644
11.1404
10.8818
10.9785
9.78514
10.4972
11.2241
11.4991
10.6236
10.4447
11.7054
11.1325
11.3321
10.5604
11.4049
10.9727
11.5252
10.5194
11.241
11.314
11.5861
10.7279
10.7974
11.348
10.3855
10.5749
10.7743
11.0594
10.7914
11.4437
11.5257
11.2435
11.3403
10.8576
11.0759
11.12
11.6045
10.8293
11.0995
11.7086
11.0723
10.4119
11.4424
11.4666
11.0757
11.0868
11.5137
11.2493
11.6655
10.5985
11.7173
11.3184
11.2249
10.5425
11.3143
11.5484
11.4964
11.0891
11.5494
11.4523
11.5384
11.266
10.5383
11.4988
11.7187
11.2714
11.3343
11.6681
11.428
11.3366
11.4468
11.1472
11.5191
11.4362
11.8397
11.4834
11.4955
11.4468
11.3924
11.5075
11.5766
11.5108
11.3004
11.2505
11.5186
11.427
11.4478
11.5893
11.6058
