0.47137
0.483141
0.483234
0.440138
0.464291
0.442267
0.429538
0.39822
0.365407
0.345311
0.339421
0.33948
0.332642
0.328485
0.327241
0.311027
0.304316
0.315344
0.294981
0.296017
0.302672
0.305354
0.310111
0.307389
0.304696
0.312147
0.312909
0.311506
0.308061
0.314477
0.3138
0.311785
0.327823
0.33168
0.321245
0.336606
0.329273
0.334732
0.342492
0.325608
0.331328
0.343779
0.346995
0.340988
0.33832
0.33809
0.327401
0.331221
0.346512
0.335338
0.339125
0.34581
0.343941
0.349956
0.335984
0.354548
0.351325
0.355055
0.370179
0.366618
0.357532
0.370519
0.363262
0.372491
0.370132
0.37323
0.388231
0.378487
0.376405
0.395519
0.372871
0.388007
0.391466
0.393186
0.393095
0.393843
0.389767
0.392164
0.392126
0.390104
0.405404
0.395465
0.405218
0.403287
0.395962
0.388234
0.394045
0.403703
0.411922
0.406871
0.400023
0.404009
0.407808
0.408252
0.416497
0.410948
0.410985
0.417363
0.417414
0.408277
