0.0536989
0.0123114
0.00903219
0.00905829
0.00902065
0.00926047
0.00871877
0.00427347
0.00492747
0.00449683
0.00398555
0.00355459
0.0034196
0.00377556
0.00363853
0.00340758
0.00368625
0.00347229
0.00354497
0.00346414
0.00351066
0.00356931
0.00363848
0.0036566
0.00356895
0.00340532
0.00346333
0.0034793
0.00357766
0.00358885
0.00370612
0.00366117
0.00360786
0.00367172
0.00362645
0.00358802
0.00348058
0.00349247
0.00349682
0.00360745
0.00360346
0.00376162
0.0036238
0.00356033
0.00369012
0.00369891
0.00356363
0.00367906
0.00358443
0.00368544
0.00375902
0.00348322
0.00356275
0.00333312
0.00337333
0.00313681
0.00306081
0.0031346
0.00286445
0.00282822
0.00277262
0.00276933
0.00268425
0.00264547
0.0025185
0.00244016
0.00243387
0.00245689
0.00230567
0.00233645
0.00242172
0.00234784
0.00218688
0.00220941
0.00220616
0.00222031
0.00221187
0.00218055
0.00216375
0.00216416
0.00226126
0.00223793
0.00216166
0.00216918
0.00208596
0.00215511
0.00215956
0.00213467
0.00209408
0.00213567
0.0021573
0.00206843
0.0021182
0.0021868
0.00206286
0.00203677
0.00194766
0.0019561
0.00202203
0.00203308
