6.73375
6.54697
6.7442
6.64009
6.7578
6.67089
6.62392
6.65366
6.63787
6.74653
6.42646
6.80246
6.72801
6.67149
6.61959
6.55752
6.74566
6.66751
6.48128
6.56656
6.65049
6.65539
6.58543
6.60083
6.54629
6.65369
6.32804
6.63659
6.51597
6.57203
6.42205
6.53957
6.67318
6.48586
6.2455
6.39001
6.46249
6.49236
6.10693
5.80647
6.5578
6.53674
6.41007
6.23402
6.60215
6.18377
6.46634
6.14362
5.80644
6.13202
6.02958
5.83649
6.38533
6.54993
6.51617
6.29686
5.99412
6.24997
6.28696
6.21141
5.75546
5.97861
6.38652
6.29825
5.78466
6.4182
6.27219
6.62554
5.79607
6.50725
6.22774
5.99202
6.51858
5.66787
6.15294
6.21508
5.90325
5.69457
6.02197
5.81299
5.78088
6.05405
5.60676
6.49648
6.14525
5.9981
5.82588
6.40386
5.51021
6.01586
5.50749
5.80196
5.78296
6.63701
5.82182
6.18709
5.88366
6.17869
6.20617
5.48965
6.11152
5.58172
5.64447
5.30922
6.1892
5.78384
6.19903
5.82581
5.92981
5.67372
6.47198
6.04765
5.65165
5.77227
6.7331
5.7016
5.36774
6.0985
5.74584
5.63435
6.05915
5.63705
6.14275
5.71987
5.47283
5.84272
5.37522
5.37639
5.56383
6.13165
5.63795
5.26751
5.50529
5.60893
5.70787
5.4757
5.82344
5.46183
5.85782
5.45962
6.31115
5.23207
5.78322
5.54022
5.34545
5.60306
5.30419
5.75344
5.14995
5.59324
4.96535
5.19749
5.38237
5.80438
5.62516
5.7196
5.54064
5.50159
5.50054
5.84714
5.61408
5.42865
5.71533
5.56929
5.49015
5.89328
5.37412
5.5394
5.32475
5.82669
5.82231
5.36547
5.66795
5.79599
5.65326
5.73606
5.718
6.12334
5.75635
6.12854
5.61756
5.70633
5.65895
5.85752
5.9289
5.69187
5.63155
5.8719
5.69025
5.59924
6.06062
5.6829
5.49747
6.00447
5.64624
5.57877
6.17698
5.61255
5.63
5.61251
