0.0890381
0.0970026
0.0837921
0.0548781
0.0572592
0.058907
0.016018
0.0122587
0.0098538
0.00642263
0.003032
0.00259822
0.00248209
0.00246596
0.00263983
0.00262012
0.00253546
0.00241878
0.00240603
0.00222895
0.00242547
0.00237714
0.00236711
0.00261312
0.00268216
0.00278147
0.00293648
0.00279034
0.00277622
0.00285954
0.00300292
0.00323436
0.00344873
0.00380007
0.0037479
0.00378541
0.00393
0.00400947
0.0038762
0.0039264
0.0040564
0.00417389
0.00419177
0.00405016
0.00421911
0.0042976
0.00386225
0.0040759
0.00419169
0.00431268
0.00421459
0.00382375
0.00395481
0.00404906
0.00378885
0.00371185
0.0034043
0.00353787
0.00348373
0.00351302
0.00356999
0.00359528
0.00353475
0.0036216
0.00367738
0.0035722
0.00344582
0.00346256
0.00335532
0.00355588
0.00358667
0.00344777
0.00346786
0.00346412
0.00345053
0.00339952
0.00347469
0.00376484
0.00373354
0.00378174
0.00390774
0.00382094
0.00383569
0.00373961
0.00383167
0.00398342
0.00400867
0.00408947
0.00398641
0.00410228
0.00424627
0.00431838
0.00416749
0.00427776
0.00435066
0.00438342
0.00438879
0.00449224
0.00446066
0.00473025
0.00470308
0.004768
0.00489487
0.00493115
0.0047952
0.00515914
0.00486417
0.00526479
0.00520508
0.00555684
0.00554105
0.00543681
0.00542227
0.00570239
0.00566444
0.00562789
0.00566253
0.00595482
0.0057589
0.00580431
0.00592528
0.00632375
0.00603154
0.00599432
0.00620441
0.00645922
0.00629789
0.00655267
0.00648029
0.00620983
0.00650922
0.00660727
0.00643685
0.00676296
0.00649195
0.00695325
0.00659038
0.00666176
0.0067807
0.00640755
0.00673181
0.00693522
0.00687934
0.00682296
0.00698932
0.00686457
0.00718063
0.0071629
0.00677429
0.00715275
0.00732457
0.00715688
0.00709213
0.00722941
0.00713138
0.00707436
0.00732667
0.00711757
0.00712092
0.00715254
0.00738126
0.00714352
0.00701039
0.00736203
0.0070949
0.00738575
0.00743628
0.00723195
0.00715589
0.00727051
0.00702594
0.00698095
0.00702219
0.00761757
0.00705081
0.00705244
0.00675044
0.00703946
0.00714806
0.00732167
0.00711866
0.00762488
0.00725149
0.00727964
0.00738164
0.00712399
0.00728314
0.0072029
0.00736347
0.00680383
0.0073873
0.00714624
0.00684913
0.00744514
0.0071639
0.00736418
0.00706051
0.00714795
0.0072282
0.00727727
