0.023988
0.00893809
0.0090044
0.00899492
0.00867461
0.00891821
0.00700269
0.00389345
0.00403191
0.00414272
0.00416735
0.00430167
0.00366169
0.00275145
0.0033462
0.0032202
0.00337564
0.0033961
0.00336849
0.00324574
0.0034008
0.00335047
0.00335925
0.00352021
0.00344149
0.00366929
0.00341366
0.00355621
0.00351136
0.00346213
0.00337655
0.00369823
0.00360071
0.00340517
0.00354347
0.00348347
0.00348711
0.00350209
0.00360056
0.00364789
0.0035953
0.00366417
0.00352111
0.00350882
0.00362507
0.00353381
0.00366717
0.00356616
0.00350793
0.00353025
0.00357492
0.00338493
0.00330132
0.00323299
0.00312894
0.00299561
0.00300703
0.00294981
0.00285788
0.00272007
0.00275452
0.00256244
0.00262418
0.00255941
0.00253098
0.00253545
0.00247032
0.0024521
0.00241711
0.00247159
0.00230271
0.0023575
0.00225677
0.00227952
0.00230982
0.00231347
0.00227905
0.0022417
0.00223887
0.00224444
0.00221807
0.00214123
0.00214316
0.00213908
0.00202725
0.0020508
0.00198679
0.00194388
0.00193022
0.00191088
0.00187432
0.00192221
0.00190939
0.00185176
0.00177435
0.00180074
0.00173557
0.00178889
0.00171941
0.00172162
