1.12884
1.08119
1.20258
1.1238
1.12461
1.11603
1.21031
1.19854
1.11144
1.20533
1.11506
1.21314
1.20887
1.20291
1.20627
1.12457
1.12994
1.1215
1.13159
1.12546
1.11667
1.19708
1.11756
1.12977
1.12593
1.20295
1.10695
1.10459
1.10875
1.12719
1.14426
1.20349
1.09862
1.11822
1.21674
1.09801
1.11503
1.09514
1.13064
1.10408
1.12031
1.12287
1.12376
1.11877
1.10444
1.11084
1.12513
1.12798
1.10478
1.10508
1.10733
1.129
1.09869
1.11252
1.09686
1.09855
1.22406
1.1193
1.11985
1.10446
1.11828
1.10823
1.17733
1.12675
1.11699
1.25699
1.12222
1.11457
1.12885
1.12173
1.10997
1.09689
1.23864
1.23621
1.1019
1.15148
1.10934
1.14598
1.1649
1.18544
1.10692
1.11987
1.11074
1.23925
1.12616
1.19533
1.21046
1.21543
1.23213
1.19848
1.25563
1.19368
1.20709
1.11167
1.24115
1.21923
1.221
1.21083
1.11824
1.23403
1.25486
1.24903
1.21686
1.18142
1.21094
1.20743
1.16866
1.19292
1.25661
1.23315
1.16648
1.14346
1.22287
1.26097
1.21114
1.24883
1.25153
1.19837
1.23185
1.22055
1.2151
1.23544
1.22241
1.20533
1.24773
1.24641
1.24903
1.2397
1.2755
1.23413
1.25312
1.2283
1.23007
1.2311
1.22037
1.23481
1.23591
1.19634
1.23526
1.23356
1.21519
1.23874
1.25751
1.22639
1.22169
1.18939
1.24558
1.23423
1.23963
1.25143
1.24677
1.26525
1.13523
1.25288
1.26913
1.25722
1.23912
1.25868
1.24457
1.2511
1.24336
1.21672
1.25166
1.24027
1.25574
1.24399
1.23314
1.24267
1.23686
1.24927
1.21981
1.2382
1.25518
1.23869
1.21833
1.2496
1.23737
1.24698
1.23476
1.21718
1.21625
1.23161
1.28048
1.2265
1.21926
1.24027
1.21526
1.28399
1.25655
1.28025
1.19017
1.24586
1.25267
1.22832
1.26181
1.23392
1.24004
1.20838
1.26371
1.24705
