16.6127
9.98118
8.61012
11.9278
9.69236
12.4296
11.7318
13.3277
9.59705
12.1224
12.3384
13.2663
11.6593
14.8448
11.8097
10.1762
12.2121
10.7025
10.1315
12.6343
10.3386
11.3076
12.0793
13.0013
11.8419
10.4702
10.6911
12.3687
12.7306
12.5265
11.0872
14.6134
12.5269
12.2954
11.333
11.3902
10.2542
13.287
14.0065
13.4492
11.1694
12.5374
15.6656
12.0759
10.3624
12.1154
12.595
13.1378
11.3803
12.2994
11.9744
16.583
12.7236
12.452
12.7296
11.3663
10.4508
11.7996
11.849
12.6986
13.7489
13.042
13.0721
12.073
12.7833
11.6329
12.8311
12.893
11.8099
12.381
12.1077
12.6616
11.6357
11.3585
12.698
12.9317
12.0896
11.2938
11.1015
12.5281
11.054
10.9305
12.5034
10.7765
10.7863
11.0912
11.2006
10.8531
10.7028
11.4299
11.1435
10.9036
11.0112
11.2597
10.9131
10.7691
11.0709
10.7388
10.7954
10.69
