6.21587
5.54099
4.83872
5.50405
4.67253
5.08953
4.96574
7.08038
6.03146
6.68041
6.13227
4.70149
6.67452
6.10776
5.26365
6.76995
5.26217
5.41024
5.8845
6.21255
7.18204
7.01816
4.6568
6.11337
6.59284
6.66955
6.64772
5.50348
7.70089
7.23349
7.16293
8.27007
6.58725
8.11389
7.73957
8.62219
7.4752
8.83673
8.08345
7.88577
8.22108
8.11974
7.6997
7.16494
7.73465
8.53061
8.23615
8.68837
8.73431
8.68862
8.87261
8.8543
8.66468
8.53428
8.56752
8.88132
8.9583
8.79123
8.83082
8.99742
8.95984
9.02644
8.82601
8.99891
9.21428
8.83309
8.91519
8.7789
9.09639
8.85367
8.94832
8.97717
9.10077
9.15599
9.18333
9.16179
9.03625
8.94137
8.99831
9.04848
9.00837
9.00334
8.91885
8.9936
9.20838
9.07058
9.0594
9.02162
9.12342
8.92577
9.23566
9.13198
9.03202
9.04357
9.01686
9.02015
9.28615
9.06945
9.13872
9.04803
9.05438
9.107
9.09533
8.94061
9.06551
8.99864
9.22843
8.98547
9.1481
9.10536
9.13141
8.99446
8.99252
9.14063
9.1328
9.04857
9.0816
9.03346
9.06773
9.29324
9.19174
9.14219
8.95674
9.31013
9.07088
9.39532
9.14133
9.11866
9.39431
9.2858
9.40387
9.09722
9.29797
9.31711
9.43406
9.2798
9.30258
9.40909
9.23828
9.1107
9.13609
9.41169
9.17804
9.28316
9.25829
9.42489
9.33458
9.39937
9.26846
9.34757
9.23091
9.45482
9.41118
9.43531
9.31761
9.26781
9.51284
9.42935
9.25864
9.34316
9.18909
9.15687
9.12357
9.18939
9.4061
9.36488
9.20126
9.31525
9.20305
9.48674
9.43128
9.21259
9.49261
9.34181
9.44184
9.34281
9.54563
9.47346
9.39189
9.13777
9.29643
9.1723
9.32402
9.41182
9.30976
9.27821
9.38586
9.29675
9.49628
9.32622
9.18129
9.48532
9.40726
9.37083
9.44903
9.39189
9.35071
9.4061
9.23175
9.29751
