1.16015
1.79923
2.24415
2.32126
2.28358
2.23549
2.22297
2.3514
2.3319
2.3369
2.2636
2.29833
2.33142
2.37109
2.31261
2.31781
2.30753
2.27776
2.27871
2.27505
2.27806
2.25329
2.29563
2.28183
2.34992
2.30085
2.32903
2.30082
2.32285
2.24528
2.31574
2.25786
2.3815
2.35485
2.34102
2.32218
2.36469
2.26387
2.39316
2.34713
2.31476
2.30562
2.26616
2.31257
2.30483
2.35602
2.25586
2.36053
2.22033
2.27551
2.27005
2.27361
2.28673
2.27942
2.23759
2.22673
2.26172
2.29134
2.30141
2.28989
2.21445
2.24665
2.27911
2.24613
2.30389
2.26972
2.18727
2.22779
2.14941
2.28637
2.16306
2.19975
2.13581
2.23827
2.108
2.21295
2.17568
2.18475
2.14285
2.20953
2.13693
2.0938
2.14182
2.09302
2.08532
2.1347
2.18589
2.08739
2.05099
1.99485
2.09253
2.01066
2.06528
2.02017
1.97732
1.95093
2.05913
2.00384
1.84985
1.9627
1.91485
1.96649
1.96686
1.99798
1.96152
2.01717
2.01557
1.94006
1.92654
1.84753
1.80057
1.8886
1.8893
1.8901
1.73202
1.86181
1.77894
1.88787
1.80165
1.87341
1.83417
1.73797
1.72071
1.77652
1.80772
1.65992
1.81491
1.72713
1.72875
1.7009
1.71127
1.70616
1.66566
1.7279
1.67039
1.71816
1.64542
1.6575
1.68838
1.70219
1.65354
1.67012
1.63096
1.64534
1.62121
1.59717
1.65259
1.57122
1.58072
1.51764
1.54764
1.62761
1.55771
1.56054
1.50271
1.48598
1.55954
1.55428
1.476
1.47463
1.48553
1.55867
1.51712
1.54233
1.5437
1.45167
1.52614
1.42759
1.46651
1.4466
1.50245
1.47157
1.5206
1.50113
1.45622
1.49767
1.46328
1.44972
1.49299
1.47888
1.46458
1.47542
1.44128
1.37231
1.35927
1.34989
1.42246
1.37524
1.38626
1.40113
1.35747
1.3678
1.40353
1.33254
1.33829
1.33392
1.31255
1.32345
1.30312
1.30004
