0.0108772
0.00904374
0.00852695
0.00876281
0.00897107
0.0087844
0.00878194
0.00913489
0.00912393
0.0094785
0.00925517
0.00930353
0.00942365
0.00962697
0.00949713
0.00962984
0.00928109
0.00947222
0.00954816
0.0096447
0.00979852
0.00975167
0.00957217
0.00937827
0.00955871
0.00966673
0.00955077
0.0095111
0.0097063
0.00963203
0.0100032
0.00970653
0.00990846
0.0097286
0.00984721
0.0100457
0.0100186
0.0100981
0.010114
0.0101879
0.00994889
0.00991853
0.0100441
0.00997751
0.0101044
0.0100162
0.0100222
0.0101342
0.0100798
0.0100831
0.0101611
0.00997902
0.0100746
0.010223
0.00974764
0.0103113
0.00986904
0.0100988
0.00998826
0.0101213
0.0102031
0.010015
0.0100738
0.0100406
0.0102567
0.0100638
0.0101753
0.0100477
0.0101183
0.00997251
0.0102073
0.00998872
0.0100409
0.0101973
0.0100328
0.0100916
0.0100716
0.0100359
0.00992696
0.00986997
0.0102685
0.0102024
0.00997854
0.0101838
0.0100376
0.00991051
0.0101684
0.0100526
0.0101361
0.0101906
0.0100687
0.0100963
0.010155
0.0100121
0.00995793
0.0101007
0.0101788
0.00977708
0.0100465
0.0100403
