14.2968
13.0115
12.3871
12.7402
12.8445
12.6871
13.2548
9.93249
12.9608
13.8264
11.2255
10.9817
16.5813
12.8573
12.6756
12.6781
13.2463
17.4035
10.0226
15.4749
12.2947
13.4922
12.0011
14.6777
14.716
14.9628
13.104
12.4752
14.1057
14.2224
12.9548
13.6354
14.673
11.5189
13.6805
14.029
11.5039
12.4893
11.4761
13.7534
12.4822
12.391
12.7925
12.7512
15.9207
12.3029
11.8689
12.8597
14.8721
11.9819
13.1424
11.0169
11.3726
11.8122
11.5092
12.8019
12.0095
11.1639
12.4502
11.7722
11.3523
11.9652
12.4107
13.1493
12.1908
11.4449
12.1771
12.8355
12.2738
11.615
11.4851
12.4943
11.9465
13.89
13.2645
11.3542
11.6289
11.3724
11.7557
12.0823
12.6688
11.9822
12.7096
13.0301
11.6446
12.007
11.7183
12.7707
11.9386
10.8169
11.7599
11.6897
12.4696
12.4513
12.4853
11.2333
15.5013
11.8957
11.9742
11.949
