0.184662
0.180812
0.164085
0.160051
0.164784
0.16642
0.162553
0.157373
0.156008
0.159692
0.166446
0.16212
0.160177
0.162585
0.155789
0.155603
0.156454
0.154898
0.15553
0.119885
0.106435
0.106672
0.107047
0.104073
0.0421894
0.0100481
0.00978996
0.00979363
0.00996345
0.0102516
0.0103222
0.0102606
0.0100543
0.0101115
0.0100114
0.0102337
0.00995154
0.0101038
0.0102544
0.0100971
0.0101406
0.0101667
0.0100792
0.010505
0.0102671
0.0097315
0.00767381
0.00532077
0.00423937
0.00397474
0.00412594
0.0040867
0.00410204
0.00425364
0.00450713
0.00418675
0.00441926
0.00462464
0.00420962
0.00425026
0.00425681
0.00434762
0.0041397
0.00445087
0.00430658
0.00445382
0.00456097
0.00452228
0.0043235
0.00441665
0.00449468
0.00451871
0.00461742
0.00432549
0.00442059
0.00420104
0.004263
0.00430641
0.00422392
0.00432107
0.00458769
0.00423132
0.00444212
0.00438503
0.00420283
0.00450796
0.00454735
0.0043742
0.00427934
0.00435687
0.00426472
0.0041528
0.00410977
0.00433707
0.00423008
0.00415354
0.00424392
0.00424635
0.00408302
0.00413738
0.00417632
0.00406159
0.00400767
0.00408838
0.00420024
0.00396522
0.00386396
0.00390786
0.00405138
0.0041261
0.00404708
0.00417198
0.00399847
0.00412572
0.00402382
0.00396235
0.00399325
0.00401223
0.00398971
0.00387554
0.00382205
0.00384204
0.00374606
0.00375238
0.00379241
0.00365378
0.00365658
0.00336894
0.00353668
0.00352471
0.00373092
0.0035226
0.00357843
0.00344538
0.00357849
0.00362424
0.00355837
0.00361491
0.00341789
0.00364618
0.00349305
0.00346662
0.0035497
0.00352043
0.00331137
0.00341363
0.00342607
0.00350922
0.00334608
0.00361735
0.00338797
0.00343377
0.00332752
0.00346221
0.00343686
0.00344653
0.00334189
0.00349972
0.00333054
0.00328075
0.00334357
0.00334116
0.00331597
0.00333751
0.00331205
0.00313238
0.00319106
0.00326058
0.0032846
0.00334854
0.0032391
0.00324611
0.00330028
0.00317833
0.00325075
0.00318684
0.00332882
0.00337801
0.00327996
0.00330084
0.00321751
0.00337483
0.00319552
0.00330176
0.00317018
0.00318025
0.00320118
0.00320182
0.00313066
0.00312399
0.00312226
0.00315492
0.00310026
0.00312213
0.00314576
0.00303174
0.00308326
0.00314374
0.00313903
0.00329799
