1.18871
1.46591
1.43769
1.46807
1.42545
1.46954
1.26081
1.39529
1.39506
1.1756
1.35512
1.31497
1.44994
1.43526
1.39643
1.50566
1.43043
1.52945
1.46924
1.44961
1.40808
1.43183
1.53508
1.47937
1.44588
1.46975
1.45831
1.49626
1.47416
1.43532
1.47199
1.45263
1.37268
1.38511
1.4598
1.43007
1.3817
1.49528
1.50122
1.45497
1.41747
1.48126
1.49414
1.49715
1.38387
1.49146
1.46672
1.4403
1.49783
1.48581
1.48291
1.52783
1.54145
1.55755
1.51284
1.48947
1.46358
1.46975
1.51402
1.51776
1.51358
1.50007
1.51436
1.53314
1.50736
1.55291
1.56108
1.54814
1.53404
1.55614
1.55204
1.58469
1.50206
1.59301
1.52373
1.58088
1.47842
1.52546
1.5231
1.50105
1.49856
1.49816
1.5273
1.4835
1.50304
1.51868
1.5737
1.52067
1.55776
1.5769
1.57191
1.54352
1.59645
1.56883
1.51866
1.53041
1.51363
1.4914
1.54548
1.52161
1.5381
1.58369
1.49673
1.50545
1.53979
1.59332
1.49102
1.55081
1.62433
1.57598
1.5777
1.59599
1.60098
1.56349
1.57173
1.53791
1.60938
1.55698
1.54701
1.50655
1.51284
1.51221
1.53982
1.52353
1.5559
1.58603
1.62166
1.56137
1.51267
1.54172
1.52211
1.51696
1.57158
1.57021
1.52521
1.51608
1.52904
1.58614
1.55098
1.58606
1.5502
1.56142
1.60288
1.5239
1.51746
1.51756
1.48852
1.52154
1.57681
1.61034
1.60571
1.51741
1.55803
1.54161
1.52387
1.61012
1.58505
1.49305
1.53581
1.6234
1.58748
1.57315
1.5888
1.5839
1.63042
1.58202
1.53292
1.56562
1.58079
1.58433
1.57585
1.52452
1.51427
1.49384
1.62003
1.53662
1.53112
1.55022
1.49846
1.58851
1.53321
1.58234
1.51067
1.54
1.60317
1.51708
1.55606
1.51329
1.52134
1.54501
1.54479
1.56048
1.57424
1.57244
1.5141
1.56711
1.54605
1.51297
1.58927
1.52396
