105.448
105.454
105.434
105.418
105.329
105.006
105.375
105.437
105.459
105.365
105.472
105.472
105.219
105.185
105.337
105.44
105.379
105.387
105.393
105.372
105.366
105.44
105.12
105.315
105.246
105.425
105.398
105.44
105.534
105.366
105.431
105.124
105.007
105.452
105.01
105.28
105.391
105.237
105.387
105.379
105.297
104.765
105.444
105.232
105.206
105.389
105.205
105.398
104.982
104.335
105.317
105.028
105.051
104.807
104.189
103.937
104.37
104.668
104.978
104.368
104.212
104.644
102.856
104.057
104.114
103.944
103.662
104.396
103.883
101.944
101.84
101.913
103.716
103.166
103.788
103.826
103.837
102.197
103.886
102.928
101.978
103.227
103.866
103.737
101.06
102.243
102.992
102.451
104.307
103.576
103.198
104.693
103.665
103.105
101.003
102.732
99.3966
101.278
104.475
102.767
102.312
103.632
101.587
100.335
99.8185
101.481
103.86
102.698
102.175
102.699
101.401
103.498
99.6729
102.492
101.12
99.1117
102.23
102.01
98.8689
103.397
101.619
101.063
104.009
102.677
104.47
102.614
105.098
105.107
103.368
104.337
104.185
103.545
104.003
105.355
102.527
103.719
102.805
103.698
103.948
101.683
104.259
104.993
101.827
104.023
105.181
102.205
101.706
101.689
102.698
101.28
101.74
103.78
100.203
103.543
104.532
105.201
103.409
103.512
99.7991
103.75
102.946
101.133
101.063
99.5868
101.439
103.655
102.399
102.581
104.002
101.939
103.72
102.137
101.071
103.839
101.556
100.105
98.6299
102.208
101.948
100.651
100.389
102.323
100.172
100.655
103.368
101.269
101.819
100.35
104.132
102.367
103.054
103.908
102.649
101.859
102.873
101.683
102.875
103.028
99.8764
102.77
