29.9437
30.0487
29.8953
29.8606
29.9773
29.9366
29.9705
29.8956
29.9255
29.8514
29.8986
30.016
29.9486
29.9844
29.9975
29.9922
29.9849
29.9724
29.8713
29.9728
29.9645
29.9223
29.921
29.9523
30.0252
29.9402
30.0744
29.9239
29.8728
29.9978
29.9795
30.0234
29.9845
29.939
29.9529
29.9856
29.883
30.0108
29.8644
29.6875
29.9918
29.9821
29.9412
29.8918
29.7122
29.9916
29.8532
29.8814
30.0465
29.7583
29.8893
29.8247
29.7787
29.8699
29.6954
29.711
29.6886
29.7795
29.6656
29.6326
29.9011
29.4266
29.5893
29.3872
29.3871
29.2077
29.5492
29.287
29.3746
28.9655
29.2742
29.7677
29.349
29.3819
29.2348
28.8766
29.6191
29.519
29.9133
29.8227
29.7071
29.4309
29.5252
29.2187
29.8511
29.7642
29.7309
29.1096
29.5653
29.3765
29.6715
29.7318
29.2884
29.5339
28.7205
29.4107
29.82
29.6593
29.5438
29.5829
29.543
29.5303
29.5581
29.7138
29.4679
29.6783
29.663
29.7686
29.374
29.6644
29.5995
29.5739
29.4203
29.6243
29.2779
29.8448
29.5772
29.4022
29.4724
29.523
28.9526
29.5524
29.3378
29.7557
29.8535
29.7392
29.1454
29.5055
29.5086
29.3256
29.4366
29.3686
29.6318
29.6907
29.8082
29.4708
29.5782
29.7164
29.495
29.4488
29.2057
29.7146
29.507
29.4303
29.4907
29.8362
29.2294
29.4288
29.5807
29.2576
29.7225
28.8094
29.7453
29.2879
29.1634
29.1651
29.4552
29.3966
29.3491
29.4968
29.1202
29.1646
29.6175
29.6176
29.1645
29.7537
29.2816
29.633
28.9665
29.2542
29.6166
29.2989
29.3489
29.4024
29.6478
29.163
29.5362
29.1484
29.2627
29.5319
29.5715
29.0998
29.7457
29.4006
29.6633
28.9201
29.4913
29.3711
29.639
29.5845
29.5719
29.2972
29.3977
29.5821
29.4858
29.132
29.5392
29.1591
29.1948
29.3004
