7.24445
6.56322
7.34963
7.066
4.90749
9.51253
9.31527
9.80705
7.0212
8.45296
7.27407
8.44207
7.83394
7.70449
13.3327
9.1224
10.3182
9.42826
9.99639
9.82253
9.81111
9.82794
11.5325
9.81369
13.2135
11.4489
11.1265
11.3356
9.89526
10.0998
10.1064
11.3244
9.88723
10.3622
13.4722
9.99062
11.5855
11.6891
9.82794
12.5743
12.6511
10.5326
9.82353
11.6935
11.2318
9.95048
10.0611
9.83908
10.1065
10.501
9.84433
11.6561
10.4406
10.7937
10.0433
10.7105
9.91767
10.0221
11.284
9.98052
9.82803
9.85681
10.4643
9.86524
9.9832
9.85751
9.83728
9.86071
9.87654
11.3503
9.87973
9.85751
10.7506
9.85751
9.85784
9.85673
10.2254
9.82803
10.0267
10.4187
10.1132
9.86381
12.0753
10.1355
9.86645
9.8304
9.87441
10.1952
9.90765
9.84275
9.90277
10.742
9.87746
9.85751
9.86366
9.85759
9.85751
9.89091
9.92293
9.85751
