0.0157898
0.0319496
0.0487653
0.0663611
0.0846543
 0.103375
 0.122172
 0.140761
  0.15905
 0.177189
  0.19553
 0.214529
  0.23462
 0.256049
 0.278741
 0.302268
 0.325997
 0.349372
 0.372156
 0.394495
 0.416806
 0.439577
 0.463148
 0.487523
 0.512306
 0.536824
 0.560411
 0.582665
 0.603542
 0.623284
 0.642262
  0.66084
  0.67926
 0.697595
 0.715738
 0.733456
 0.750479
  0.76659
 0.781685
 0.795779
 0.808984
 0.821469
 0.833423
 0.845022
 0.856417
 0.867713
 0.878971
 0.890203
 0.901379
 0.912442
 0.923319
 0.933941
 0.944253
 0.954228
 0.963867
 0.973201
 0.982283
 0.991187
