57.1999
57.2401
57.2222
57.2284
57.1836
57.2479
57.1575
57.1029
57.1904
57.2001
57.185
57.2266
56.9896
57.1728
57.2165
57.1837
57.2166
57.1824
57.2081
57.224
57.1903
57.037
57.0669
57.1671
57.2282
57.2076
57.0952
57.164
57.2249
57.1544
57.2297
57.195
57.0961
57.0938
57.1704
57.0788
56.9565
57.1339
57.1736
57.1092
57.1658
57.1581
57.2203
56.7925
57.0988
57.1158
57.1543
56.6822
56.6562
57.121
56.3127
56.7805
56.9675
57.1213
56.9652
56.6091
56.7749
56.46
56.8842
56.676
57.0165
57.0721
56.5351
56.3745
55.7926
56.9073
56.7424
56.0654
56.3896
56.0789
55.8175
55.156
56.6629
55.7786
55.9642
56.0014
55.903
56.3679
56.1452
55.5075
56.5386
55.5418
55.901
56.3127
56.0709
55.7324
56.3792
55.3144
56.2995
54.7502
56.6162
55.8822
55.454
55.0938
56.9253
55.7514
55.8598
54.5089
57.0344
54.7932
55.3159
54.8557
56.2729
55.8996
56.4876
57.1005
55.9333
56.9625
56.049
56.1586
56.9587
57.0555
55.8322
57.125
56.7914
56.5221
56.4762
56.6605
56.5991
56.1655
56.8481
56.1327
56.267
56.3949
57.1822
55.8905
56.8458
55.9174
56.3495
55.7237
56.5235
56.2686
56.3803
55.6415
56.8028
56.4723
55.9786
56.1038
56.7286
55.5655
55.8516
55.3894
55.5329
54.7995
55.4406
56.4944
56.0321
56.3017
56.1988
55.2653
54.3373
55.8725
56.7781
56.4171
56.7511
55.4168
56.0034
55.3391
55.8045
55.5922
55.3058
56.4489
56.1929
55.2699
56.283
56.3544
57.1068
56.3928
56.3152
56.4945
55.4376
54.8818
55.5226
55.376
55.1551
55.8505
54.6672
55.8656
56.1085
55.8211
55.8122
55.1811
55.516
56.3433
55.9458
56.2412
54.1001
56.5005
55.8267
56.6378
54.7193
55.1083
54.839
56.4161
56.6165
55.6298
55.7073
55.7524
55.3505
55.7068
