0.925297
1.21955
1.32947
1.4841
1.84542
1.90509
1.62419
0.23217
0.222806
0.215748
0.215478
0.219466
0.204741
0.205106
0.204657
0.212744
0.209399
0.213785
0.19686
0.197724
0.213321
0.21118
0.217905
0.216812
0.218176
0.217199
0.215054
0.220849
0.22116
0.22582
0.227957
0.238223
0.232111
0.23021
0.242891
0.244473
0.242194
0.246593
0.257374
0.248061
0.257337
0.25938
0.255147
0.25683
0.261948
0.269811
0.265232
0.269274
0.270008
0.266822
0.273827
0.28029
0.273363
0.275178
0.280675
0.276893
0.263144
0.273461
0.275684
0.270712
0.265388
0.264099
0.267509
0.259801
0.264801
0.260727
0.25693
0.264655
0.258993
0.253908
0.258931
0.25009
0.253505
0.246764
0.255015
0.254507
0.2446
0.241732
0.2423
0.241538
0.246994
0.240129
0.241447
0.232201
0.240182
0.232825
0.222933
0.225158
0.22462
0.221034
0.221541
0.218885
0.215644
0.212785
0.213549
0.209327
0.207465
0.207359
0.202223
0.209275
