9.69362
7.76797
12.0676
10.4219
14.8354
11.2924
9.6202
11.5136
10.4023
15.1787
11.7466
9.24632
11.1758
11.9205
11.9735
12.659
9.92863
11.2593
10.2729
9.59628
11.5953
14.5811
10.6561
11.9713
10.0289
11.8228
13.7909
11.7059
10.8895
13.3943
11.5194
12.8829
10.603
11.7413
11.9368
13.0313
12.9704
11.9422
12.2927
11.7124
11.7363
12.7868
12.0007
11.7789
12.2239
12.7141
12.4171
12.3784
13.0623
12.4455
12.441
11.957
14.2426
12.7178
12.1621
12.3739
11.7785
13.0106
12.495
12.5012
11.948
12.0367
13.7257
12.0792
12.1606
12.323
13.7037
11.0516
12.8031
12.2069
11.611
11.383
12.6687
11.4101
11.3562
11.2077
11.1558
10.8811
11.8178
12.3739
11.5377
11.6657
11.7222
11.5162
11.5662
11.835
12.6491
11.2741
10.9061
11.8284
11.0201
11.7751
10.999
10.8605
11.7081
11.1827
11.5338
11.474
11.273
12.3358
