980.739
1339.62
1267.53
1198.5
1255.81
1242.81
1211.73
1212.47
1217.51
1194.5
1168.87
1166.77
1183
1162.59
1168.03
1147.9
1177.92
1088.72
1149.98
1154.43
1140.28
1122.46
1169.07
1168.18
1175.86
1172.67
1197.23
1232.77
1236
1269.41
1298.53
1307.16
1297
1322.54
1308.88
1368.62
1376.65
1397.59
1289.39
131.247
110.024
108.076
99.4542
91.0274
90.317
88.1162
84.4128
80.5877
81.1298
83.6634
80.5398
82.7875
82.6196
79.0921
80.4032
79.5392
79.5872
79.2201
80.0862
76.8661
80.9102
80.5478
76.8802
78.5261
78.8105
84.2041
80.5542
75.1551
81.5803
83.3787
79.2857
77.2296
78.738
78.5385
81.0867
78.272
83.6475
79.8228
77.4401
77.054
77.3063
79.6996
80.1486
84.7179
81.193
78.4844
78.82
78.8108
81.5939
84.2158
80.4255
82.1101
77.9259
81.6687
79.2075
81.6216
79.7751
76.4083
80.0651
84.7524
81.0914
76.8376
78.4428
81.0783
77.6006
80.7935
80.1504
81.1716
78.9336
78.1748
78.7713
79.6125
81.2034
79.4064
75.4025
80.5218
75.9487
73.8171
70.655
75.9412
76.8665
76.6097
75.9634
77.2057
78.6939
77.0242
82.3379
81.062
80.3179
80.511
78.7838
79.4338
77.9073
76.7838
78.3435
76.2996
77.5795
75.5717
76.1125
77.2132
77.3276
77.1818
79.0794
78.1272
79.0784
76.5595
76.5465
76.8224
80.2317
79.1753
75.6316
77.1989
75.9536
74.9878
77.2788
74.5363
78.2721
75.4213
77.9849
76.4267
75.6893
78.5527
75.2477
77.1308
74.1407
75.2493
76.2402
74.2814
77.2382
75.9429
75.9467
76.2998
74.0009
74.3419
78.2302
73.5
72.9865
74.3505
78.5679
74.0746
75.7537
71.5581
74.8286
76.5828
74.5838
73.7729
72.8422
74.6672
73.1104
73.161
75.1039
73.4252
70.766
72.2813
71.5038
73.8488
75.5154
70.8225
70.7511
69.8708
