1.35227
1.06301
0.164201
0.150362
0.154821
0.158704
0.181872
0.153341
0.0589363
0.0582286
0.069399
0.0536857
0.0297834
0.0260711
0.0233667
0.0232759
0.0275204
0.0273376
0.0237969
0.0246877
0.0252692
0.0215792
0.0230114
0.018913
0.0192212
0.0174298
0.0167457
0.0145807
0.0166271
0.0178284
0.0183387
0.0196379
0.0198086
0.0186548
0.0162405
0.0167694
0.0158874
0.0159435
0.0161398
0.016475
0.0159471
0.0160517
0.0166828
0.0177926
0.0166378
0.0178507
0.0185018
0.0183915
0.0180095
0.0196718
0.0185039
0.0186399
0.0185729
0.0195003
0.0195112
0.0191512
0.0199207
0.0199205
0.0196139
0.0207175
0.0218494
0.0224447
0.0211832
0.0229226
0.0212614
0.0233201
0.0234159
0.0228459
0.0231396
0.0244909
0.0221627
0.0247651
0.0257046
0.0258216
0.0242648
0.0245365
0.0263851
0.0262548
0.0255697
0.0260449
0.0265517
0.0265182
0.0270609
0.0272791
0.0285829
0.0282569
0.0279661
0.0284882
0.0283288
0.0307972
0.0295438
0.0296786
0.0317076
0.0313252
0.0335816
0.0329416
0.0310806
0.032403
0.0349459
0.0317121
0.0325827
0.0334618
0.0321798
0.0343748
0.0349594
0.0339794
0.0342274
0.0349277
0.0353716
0.0360883
0.035271
0.0365757
0.0376864
0.0380518
0.0391865
0.0403813
0.0399883
0.0411978
0.0400966
0.0393307
0.0410386
0.0393296
0.0387992
0.0409416
0.0433796
0.0424801
0.0437425
0.043561
0.0442148
0.0399181
0.0417825
0.0422241
0.0414158
0.041934
0.0451701
0.0429105
0.0447205
0.0433674
0.0436033
0.0434297
0.0441152
0.0461757
0.0452676
0.0459783
0.0463916
0.0476962
0.0477953
0.0464826
0.0465714
0.0492613
0.049458
0.0495016
0.0489403
0.0495398
0.0506253
0.0493827
0.0529627
0.0532709
0.0520407
0.0513211
0.0528962
0.0528907
0.0513989
0.051348
0.0526594
0.0515139
0.055084
0.0542993
0.0559167
0.0583978
0.0552811
0.0557279
0.0558037
0.0557229
0.0552317
0.0563651
0.0602278
0.0561569
0.060089
0.0600616
0.058737
0.0631766
0.0609045
0.0635117
0.0591487
0.0617665
0.0605587
0.0632684
0.0629863
0.0623092
0.0627459
0.0643303
0.0657181
0.0647927
0.0623539
0.0651963
0.0647994
0.0652445
0.0635141
0.0662233
