1.96357
1.98235
1.81877
1.69899
1.83024
1.97821
1.85386
1.78026
1.98597
1.82569
1.82155
1.79678
1.97002
1.85306
1.85435
1.98665
1.97173
1.51334
1.77581
1.81378
1.83078
1.9841
1.83242
1.81303
1.7983
1.87181
1.95882
1.82056
1.97577
1.83074
1.83459
1.83523
1.78545
1.96931
1.86887
1.8787
1.84639
1.8166
1.82768
1.77253
1.80537
1.73599
1.95821
1.65613
1.74794
1.82839
1.83584
1.73698
1.94879
1.81535
1.90424
1.47383
1.79429
1.89242
1.82695
1.96207
1.84911
1.77199
1.97729
1.75695
1.98762
1.93359
1.75781
1.75216
1.75159
1.77753
1.42023
1.43345
1.78714
1.53954
1.75915
1.85965
1.88617
1.85984
1.66458
1.98263
1.97742
1.97498
1.82798
1.70055
1.86771
1.41262
1.22605
1.76757
1.77031
1.14979
1.84997
1.61591
1.34803
1.78211
1.82726
1.71653
1.57296
1.34829
1.54188
1.43575
1.50114
1.80927
1.76976
1.16843
1.7334
1.49865
1.84553
1.74693
1.35072
1.65711
1.81096
1.42908
1.4746
1.76481
1.43112
1.20143
1.54782
1.21154
1.33924
1.63577
1.58657
1.41839
1.30822
1.39039
1.46741
1.16621
1.29773
1.48454
1.24095
1.13564
1.26187
1.78159
1.20379
1.7998
1.6732
1.19685
1.40368
1.18466
1.22529
1.57342
1.57877
1.49012
1.2047
1.46786
1.59285
1.23001
1.23027
1.20839
1.19626
1.15389
1.25596
1.18271
1.28644
1.3913
1.68605
1.60617
1.67311
1.5856
1.22512
1.15359
1.22957
1.18266
1.43052
1.40093
1.24574
1.21421
1.75948
1.45725
1.15594
1.30153
1.19128
1.23549
1.17885
1.16516
1.30998
1.11877
1.75183
1.67617
1.55365
1.1919
1.35328
1.73881
1.77484
1.45722
1.52779
1.31906
1.37231
1.25511
1.53066
1.46897
1.21571
1.16156
1.45865
1.5404
1.76292
1.16305
1.36392
1.18607
1.52592
1.52178
1.61561
1.77999
1.22986
1.45192
