17.0729
19.3215
18.9844
19.2785
16.7473
18.4428
17.7572
16.9731
17.3058
18.5553
18.7411
17.0583
14.8684
16.796
16.007
18.9323
16.8807
17.0671
17.8679
18.2774
18.1238
16.5143
16.4598
16.9238
18.2492
17.7038
17.7079
18.1209
17.9299
18.9265
17.7952
18.0598
18.3471
18.5703
17.5618
17.8972
18.0793
17.9531
19.483
19.9355
18.053
19.0347
18.2008
18.2946
18.4166
18.3067
18.5848
18.1006
18.2269
18.9602
18.791
19.3034
19.1448
18.8043
18.3673
18.2692
18.6587
18.3625
18.122
19.2665
18.5057
17.9144
17.8893
18.2138
17.8871
18.6223
17.841
18.6202
17.8767
18.1409
18.5543
18.618
18.4589
18.7275
18.7393
19.1649
19.1082
19.5295
19.0768
18.3154
18.8582
18.3236
18.476
18.5967
18.5936
18.4513
18.4409
18.9805
18.5921
19.3724
18.6132
18.617
18.4667
19.108
18.5386
18.6134
18.5889
18.8542
19.2294
19.2998
