0.755415
0.894423
1.02919
1.05437
1.06171
1.12044
1.02619
1.14716
1.15798
1.1113
1.16244
1.16666
1.17805
1.18057
1.20088
1.1726
1.13266
1.15215
1.1761
1.11902
1.14264
1.19711
1.13264
1.13937
1.15371
1.14697
1.19092
1.1816
1.14916
1.18032
1.10799
1.17649
1.19174
1.13168
1.18442
1.13959
1.13648
1.1178
1.08887
1.11958
1.12086
1.11105
1.06044
1.01518
1.07478
1.10845
1.04973
1.00588
1.02279
0.970716
1.00277
0.998833
0.972073
1.0181
1.00467
1.00735
0.989505
0.931839
0.917681
0.918265
0.942597
0.92472
0.91429
0.936295
0.896881
0.87992
0.900415
0.893049
0.866951
0.836603
0.838062
0.792104
0.850185
0.845195
0.850326
0.860274
0.772108
0.813094
0.81215
0.800359
0.797721
0.756164
0.747637
0.769106
0.753112
0.75297
0.790564
0.756562
0.759025
0.723408
0.735255
0.704973
0.739112
0.733387
0.705672
0.654146
0.724026
0.722937
0.689341
0.706141
0.72684
0.685505
0.690361
0.709591
0.639156
0.6483
0.682961
0.672083
0.670069
0.649406
0.643467
0.673224
0.692259
0.637609
0.656498
0.652792
0.650119
0.619463
0.625639
0.665257
0.61672
0.635081
0.60029
0.661176
0.637617
0.64577
0.643096
0.606665
0.598539
0.620231
0.630154
0.599565
0.63624
0.570879
0.616901
0.573236
0.631523
0.557612
0.6029
0.597014
0.574037
0.605662
0.615796
0.616383
0.581561
0.589918
0.585973
0.589288
0.569111
0.577051
0.545085
0.610892
0.605541
0.561857
0.565525
0.588872
0.574066
0.559248
0.583152
0.558449
0.536206
0.544687
0.548143
0.544112
0.588605
0.57408
0.546837
0.571452
0.53825
0.550201
0.543452
0.562935
0.544224
0.541895
0.521445
0.534688
0.557665
0.543196
0.542438
0.516866
0.538828
0.531082
0.548043
0.519508
0.515039
0.523828
0.509939
0.498814
0.493549
0.543188
0.516631
0.528287
0.525391
0.541176
0.522291
0.526695
0.479276
0.524536
0.504217
0.501547
