0.372822
0.404069
0.375627
0.358117
0.36402
0.360135
0.362309
0.355231
0.333335
0.336005
0.329966
0.32355
0.298987
0.300931
0.313572
0.306151
0.30395
0.288757
0.303516
0.296945
0.295469
0.297006
0.308044
0.302154
0.300009
0.313074
0.309749
0.31139
0.311203
0.309916
0.307193
0.309726
0.314701
0.301299
0.304957
0.30534
0.306265
0.301365
0.299943
0.308024
0.303088
0.311719
0.29858
0.304585
0.309787
0.300458
0.307751
0.30975
0.299555
0.30588
0.303204
0.300234
0.302607
0.303661
0.305194
0.303462
0.312064
0.314849
0.318199
0.310621
0.309217
0.308894
0.310937
0.317039
0.323489
0.315371
0.311853
0.324968
0.325313
0.326995
0.320967
0.321447
0.315191
0.322813
0.330704
0.3226
0.332898
0.328058
0.330183
0.322778
0.322768
0.319046
0.319373
0.323961
0.32702
0.331881
0.323859
0.319179
0.321966
0.325418
0.324044
0.32156
0.322434
0.316909
0.306749
0.309997
0.305908
0.303554
0.30345
0.300538
