1.52315
1.51138
1.51239
1.56804
1.53343
1.55758
1.52619
1.50534
1.50642
1.52717
1.53192
1.56028
1.51486
1.54206
1.53274
1.53381
1.55111
1.53215
1.53413
1.51582
1.52732
1.50437
1.53996
1.48097
1.51293
1.50889
1.50304
1.50132
1.51725
1.55828
1.5375
1.52808
1.45858
1.55025
1.50447
1.5168
1.53444
1.53854
1.53707
1.50167
1.49058
1.5162
1.51864
1.53434
1.52448
1.43741
1.51355
1.53825
1.49272
1.52596
1.466
1.52432
1.51561
1.51093
1.51605
1.50119
1.46927
1.48681
1.52658
1.52562
1.50918
1.45581
1.48319
1.48573
1.5204
1.52064
1.47829
1.50194
1.53185
1.51703
1.51088
1.49333
1.45174
1.49379
1.50423
1.48693
1.50335
1.46744
1.4942
1.45584
1.45262
1.50881
1.49927
1.42281
1.39439
1.43445
1.5103
1.48077
1.46626
1.47027
1.40306
1.48896
1.37411
1.49732
1.48721
1.40857
1.46912
1.45701
1.51666
1.52727
1.42443
1.45233
1.44582
1.43921
1.38041
1.492
1.43455
1.45105
1.46976
1.52035
1.44963
1.40295
1.48596
1.46144
1.49138
1.5063
1.46765
1.47819
1.49144
1.4482
1.48084
1.39068
1.44939
1.40427
1.48671
1.50099
1.44507
1.42311
1.52114
1.42025
1.47426
1.50064
1.40707
1.48676
1.40457
1.40503
1.40171
1.43521
1.44317
1.44752
1.49588
1.39505
1.46822
1.45391
1.42699
1.47101
1.38805
1.48731
1.50184
1.47122
1.44957
1.50331
1.49107
1.44762
1.42795
1.49239
1.45727
1.36054
1.34521
1.43425
1.37221
1.50051
1.45885
1.50238
1.44966
1.43712
1.47206
1.48641
1.49839
1.39718
1.45286
1.42738
1.40484
1.5032
1.49063
1.42909
1.4315
1.41757
1.46286
1.44159
1.48809
1.46522
1.37265
1.45886
1.44957
1.50289
1.47471
1.42486
1.43849
1.46742
1.50984
1.41872
1.39046
1.48147
1.43127
1.51431
1.49353
1.44557
1.48686
1.44366
