32.338
22.6855
25.2101
26.2404
28.9677
30.0201
31.328
31.0553
32.37
30.9605
31.3613
31.4408
32.4433
31.7938
31.4546
32.4064
32.168
31.7384
31.269
32.0851
32.0236
31.805
31.2195
31.964
31.8566
30.6757
32.1063
31.3002
31.7432
30.4161
30.9813
30.9911
31.2423
30.9274
30.9
31.6969
30.3272
31.1212
30.7004
31.1671
30.9909
30.273
29.6567
29.8018
29.2467
29.654
30.2771
30.5591
30.3102
29.5597
28.945
30.0667
28.4922
28.4196
28.5736
28.6413
27.5809
27.8938
27.0229
27.1379
27.2169
26.1489
25.3385
26.3082
24.2628
24.3384
22.0111
21.8279
21.0967
19.3252
19.2433
18.8693
18.4196
18.0485
17.7073
17.263
17.9499
17.12
17.4984
17.4292
17.562
18.021
17.6202
17.9404
17.6396
17.3973
18.3752
18.7528
17.9176
17.6307
17.61
16.7453
17.0921
17.8828
17.5256
17.8452
17.7504
18.0074
17.6223
16.6085
17.4162
16.9842
17.4686
17.1744
17.1403
16.5342
16.0955
17.5991
16.4699
15.0349
11.5102
11.3639
12.7265
15.1408
14.9194
13.7196
13.7156
14.1681
14.4029
14.1346
14.2541
14.3487
14.6463
14.9172
14.0509
14.7881
14.653
14.4448
14.6923
14.6786
14.9403
14.8845
15.11
15.0327
14.6538
14.3506
14.7949
14.4205
14.5832
14.4479
14.8191
14.5414
14.7916
14.5059
14.5702
14.3085
14.236
14.0551
14.0967
14.2367
14.1881
14.5969
14.7526
14.3676
14.2337
14.3035
13.9523
13.6502
14.1858
14.1586
13.9797
14.4077
13.7776
13.647
13.8871
13.8773
13.9174
14.634
13.964
13.7269
13.7524
14.4142
14.349
13.7788
14.0775
13.5151
14.1092
13.9017
13.5648
13.9264
13.7909
13.3998
13.6736
13.1063
13.7255
13.5998
14.2584
13.3988
13.4258
13.4513
13.1867
13.3344
13.7017
13.1827
13.6726
13.0681
13.867
13.5992
13.1036
13.1463
