0.0489293
0.0373621
0.0382568
0.0373187
0.0359471
0.0331502
0.0313833
0.0306012
0.0297899
0.0282623
0.0300847
0.0282325
0.0298329
0.0297323
0.0295252
0.0311643
0.0290496
0.0307063
0.0331497
0.03283
0.0363962
0.0347269
0.0351782
0.0365492
0.0372964
0.0351223
0.0378442
0.0372541
0.0374823
0.0391186
0.0423602
0.0430435
0.0436184
0.0435055
0.0433531
0.0439876
0.0460853
0.0445411
0.0463355
0.0461627
0.0477945
0.0477215
0.0496553
0.0497603
0.049183
0.0516704
0.0509822
0.0550967
0.0535343
0.05504
0.0559793
0.0580374
0.056946
0.0592841
0.0605982
0.0624132
0.0634002
0.0637726
0.0628884
0.0633838
0.0666863
0.0670457
0.0673347
0.0677873
0.0695722
0.0701809
0.0712703
0.07388
0.0728597
0.0717443
0.0736677
0.0755347
0.0780286
0.0776841
0.0813232
0.07984
0.0813078
0.085661
0.0879612
0.0908562
0.0903218
0.0929511
0.0949701
0.0947264
0.0977714
0.10271
0.105404
0.107274
0.11121
0.108135
0.115643
0.118712
0.116369
0.122314
0.124799
0.121499
0.12597
0.124383
0.130344
0.132527
