5.28628
4.09125
5.25358
5.60424
4.7558
5.30128
4.2698
3.90021
5.80376
4.14641
4.82844
5.26359
5.02128
5.45939
6.86957
4.77552
4.08088
5.94041
5.91131
5.16807
7.43391
6.03533
6.70036
5.70609
5.16154
5.19772
5.54696
4.96968
6.89035
6.64714
6.91289
5.22796
5.17985
5.22054
6.36653
5.16807
5.23614
6.18077
5.5301
5.27435
5.19017
6.16521
6.66528
5.86696
7.56855
7.19844
6.63754
8.04701
7.34914
6.71
7.48856
7.60485
6.38146
7.24753
8.64186
7.08834
8.10782
8.83098
7.2165
8.36928
6.8851
7.40945
7.78897
7.42413
7.39481
6.60289
6.74996
6.68782
7.62143
7.13112
8.09192
7.67099
7.57167
7.63833
7.38229
8.33444
8.27702
7.62149
8.29122
7.81576
7.61013
7.87186
7.81572
7.80363
7.67502
7.85044
7.62325
7.60247
7.97094
7.57481
7.68394
7.617
7.61757
7.75675
8.08238
7.72897
7.61025
7.58517
7.60983
7.62325
