394.909
384.391
382.187
383.708
371.627
366.563
351.565
336.78
332.426
334.071
333.343
315.286
329.57
323.69
320.914
313.008
319.092
312.528
323.269
326.684
317.208
322.207
332.064
315.157
328.758
333.505
316.34
320.356
330.934
312.129
326.331
324.643
312.159
307.891
301.146
311.406
309.979
299.227
306.638
303.215
298.673
303.276
310.661
296.939
305.755
299.488
305.298
304.214
318.425
332.89
349.974
361.548
373.76
371.481
374.432
366.238
363.231
365.791
359.16
357.489
352.691
340.992
346.384
346.623
338.637
339.548
332.074
339.766
327.007
320.537
327.332
319.056
316.726
313.073
313.095
307.754
300.753
306.465
304.726
309.061
299.218
295.222
294.287
293.082
291.588
290.54
288.158
283.357
287.821
280.386
283.683
279.583
280.976
273.157
275.426
274.468
266.459
265.579
267.305
268.237
264.566
265.467
257.299
257.335
252.876
259.066
252.892
216.061
133.861
131.277
131.323
133.965
130.933
129.378
132.383
127.945
127.34
125.497
127.846
126.391
126.208
121.389
125.541
121.613
121.762
124.816
119.42
119.922
117.868
117.69
120.783
121.486
119.06
120.482
130.873
140.437
129.051
115.798
116.32
112.501
115.56
113.541
114.328
115.41
111.603
112.116
112.007
111.175
111
109.658
111.272
111.126
108.691
107.143
105.824
106.719
107.061
104.487
103.641
104.761
103.773
107.004
101.801
101.697
102.015
101.528
101.827
102.549
100.616
100.255
101.794
100.214
99.0733
100.156
98.5662
96.0448
96.0544
95.8786
95.7962
99.7392
97.0083
95.0674
93.8833
92.9244
93.4474
91.4632
94.5771
90.8208
89.5948
94.34
90.2037
92.3725
91.6972
89.939
89.7208
89.279
90.9486
87.8462
88.3569
88.3716
