0.297595
0.367316
0.416823
0.38023
0.348619
0.359208
0.353884
0.333223
0.307392
0.306951
0.305769
0.301566
0.299593
0.297376
0.28573
0.289582
0.287601
0.277378
0.273758
0.276927
0.286644
0.266144
0.264524
0.275245
0.263084
0.270198
0.290411
0.283117
0.268183
0.286177
0.290802
0.28112
0.276882
0.298897
0.293556
0.292456
0.294458
0.287227
0.301807
0.302822
0.290843
0.299554
0.301528
0.299431
0.304934
0.300305
0.306634
0.305121
0.303439
0.299371
0.311837
0.302974
0.301179
0.308733
0.320985
0.31194
0.306254
0.317463
0.306125
0.308405
0.314707
0.312596
0.32778
0.320982
0.320503
0.310111
0.317487
0.320975
0.319289
0.320358
0.320216
0.326369
0.331754
0.326047
0.324718
0.331057
0.336742
0.332407
0.333218
0.337097
0.327864
0.34049
0.330358
0.327924
0.324112
0.332377
0.330525
0.336179
0.31727
0.315557
0.316901
0.32498
0.323911
0.319939
0.319546
0.322835
0.315955
0.317069
0.313432
0.314998
