0.136078
0.125604
0.135598
0.132309
0.125958
0.115966
0.11934
0.123527
0.120003
0.117183
0.133059
0.139618
0.134031
0.13727
0.142718
0.143376
0.142113
0.154712
0.150201
0.151532
0.161814
0.147799
0.158289
0.162438
0.161779
0.158339
0.161295
0.175937
0.165329
0.170391
0.173941
0.16816
0.167948
0.170626
0.171923
0.173333
0.169297
0.173571
0.165704
0.171976
0.168396
0.176717
0.174025
0.171041
0.171082
0.17173
0.168396
0.17061
0.176478
0.171849
0.177286
0.17373
0.186701
0.178863
0.179582
0.184364
0.185517
0.184533
0.182927
0.18838
0.188502
0.192932
0.190921
0.187303
0.190799
0.1829
0.178596
0.183702
0.185558
0.232732
0.189368
0.191129
0.186255
0.18169
0.182427
0.184052
0.184651
0.182798
0.179268
0.180963
0.17908
0.178625
0.176375
0.169878
0.174492
0.172872
0.172769
0.172423
0.167698
0.175311
0.171828
0.168358
0.170284
0.166431
0.16617
0.171335
0.170442
0.171071
0.165952
0.170278
