1.42721
1.26884
1.50204
1.44555
1.47992
1.53755
1.51692
1.54906
1.53041
1.52989
1.5731
1.56608
1.52746
1.52683
1.45971
1.58991
1.53911
1.56513
1.58001
1.52873
1.53408
1.48563
1.55841
1.42929
0.952624
0.571676
0.651341
0.774085
0.784966
0.710097
0.749673
0.782895
0.360634
0.342578
0.462247
0.432335
0.46952
0.522416
0.550072
0.51625
0.543471
0.533355
0.569938
0.547047
0.560046
0.58248
0.619163
0.602541
0.605589
0.592476
0.618382
0.595871
0.580799
0.620697
0.652978
0.615118
0.646537
0.615215
0.58973
0.634872
0.607864
0.667326
0.642906
0.628156
0.623867
0.651299
0.639058
0.604077
0.632786
0.640343
0.63172
0.640902
0.657033
0.668406
0.666593
0.686999
0.679988
0.670014
0.676459
0.697947
0.65374
0.644229
0.661735
0.679276
0.65493
0.634581
0.653434
0.670196
0.639295
0.656854
0.644963
0.638966
0.650154
0.665851
0.612259
0.616103
0.633747
0.648278
0.629565
0.638248
0.621572
0.625923
0.629648
0.650326
0.654185
0.635893
0.635073
0.669671
0.637016
0.662908
0.644696
0.634298
0.617333
0.648447
0.692282
0.652079
0.665759
0.62488
0.656178
0.649946
0.650744
0.639318
0.611626
0.618097
0.632432
0.633135
0.650073
0.634014
0.606823
0.650448
0.660528
0.63696
0.6119
0.602154
0.654819
0.625224
0.613764
0.623554
0.62983
0.601742
0.595871
0.596773
0.599005
0.584489
0.594509
0.606934
0.594009
0.597372
0.601391
0.594488
0.593414
0.582762
0.596769
0.603947
0.641685
0.606115
0.608909
0.611761
0.636635
0.627793
0.595207
0.620085
0.63293
0.612343
0.6299
0.632615
0.618755
0.613921
0.606873
0.609865
0.612068
0.59863
0.597035
0.600243
0.618607
0.615216
0.589152
0.596738
0.61312
0.608866
0.588441
0.625507
0.659515
0.633797
0.637613
0.627446
0.631446
0.647074
0.601781
0.627
0.618136
0.617371
0.602896
0.619232
0.600389
0.639894
0.638199
0.606398
0.621483
0.602953
