3.34868
2.4535
2.49464
2.61897
2.78121
2.63343
2.72858
2.74376
2.79005
2.67101
2.64184
2.74193
2.7024
2.70184
2.64703
2.68776
2.58635
2.39569
2.26271
1.97638
1.55855
1.1189
1.12675
1.23917
1.25078
1.30832
1.32692
1.32227
1.19629
1.28554
1.33672
1.2509
1.33141
1.368
1.36468
1.45176
1.48585
1.43007
1.50185
1.69461
1.69168
1.66752
1.70048
1.65906
1.66136
1.69253
1.66364
1.6655
1.73603
1.69992
1.77451
1.71123
1.69895
1.75393
1.66016
1.6886
1.7088
1.70715
1.64815
1.70363
1.67213
1.69846
1.6523
1.66796
1.68613
1.63706
1.63872
1.70354
1.60764
1.63266
1.69467
1.57598
1.6836
1.59156
1.5371
1.61019
1.55458
1.5842
1.67575
1.55878
1.5528
1.57388
1.58288
1.54278
1.52887
1.53332
1.56617
1.53554
1.57963
1.50738
1.48714
1.58834
1.59994
1.56007
1.53835
1.50268
1.54261
1.47713
1.49372
1.50579
1.57021
1.55506
1.47339
1.50556
1.41289
1.47287
1.45513
1.46314
1.47808
1.50825
1.49524
1.47456
1.48062
1.48539
1.47932
1.49284
1.43984
1.42818
1.50489
1.45482
1.42562
1.49382
1.46147
1.44848
1.47461
1.43285
1.44784
1.48341
1.44585
1.51354
1.43334
1.49402
1.47543
1.44116
1.39292
1.4126
1.49893
1.47257
1.39892
1.47336
1.45106
1.42393
1.43929
1.42938
1.39706
1.4065
1.41326
1.41265
1.41803
1.46622
1.39926
1.36775
1.36339
1.39513
1.43955
1.40545
1.39713
1.45904
1.47524
1.46471
1.48436
1.34314
1.43616
1.38721
1.42808
1.40351
1.4325
1.38649
1.41223
1.41817
1.38935
1.41591
1.39698
1.43784
1.40434
1.442
1.39063
1.36428
1.37274
1.34656
1.40196
1.34675
1.40102
1.41789
1.35758
1.339
1.36461
1.33207
1.37474
1.38675
1.39815
1.37025
1.32795
1.36629
1.39867
1.3307
1.32462
1.36604
1.39852
1.27956
