7.06502
3.79853
7.40792
6.73964
9.62484
6.38072
6.62601
4.7122
5.95548
5.62954
5.90953
7.61103
4.92816
5.19314
8.7048
7.56568
5.57413
5.58895
8.09451
6.02696
6.99164
7.86218
5.91128
8.01393
5.57418
5.73884
6.00548
5.85519
6.33757
5.63402
6.53666
7.39346
5.79078
8.00824
6.85103
6.62607
7.0729
5.84518
7.83231
9.28725
5.60766
8.20873
9.8076
5.63275
7.41657
7.75004
5.67074
8.33699
5.64747
6.4401
5.78879
6.64127
6.25216
6.54182
7.48035
7.73664
7.8406
7.11213
6.55495
8.16282
10.542
8.8487
8.00736
8.55106
6.81929
6.67335
7.31466
7.37216
7.82188
6.91097
7.35453
9.25632
8.13474
5.86293
6.42413
7.75543
7.25873
8.30983
8.64411
7.37914
10.6762
7.4684
6.6683
7.96339
10.6764
10.6784
7.89254
10.6845
10.6928
10.6928
10.6928
10.7188
10.6764
10.6773
10.7167
10.7167
10.6765
10.6981
10.7023
10.6793
