0.0781336
0.0204315
0.00992577
0.00999382
0.0100357
0.00986346
0.0104232
0.00980806
0.00990616
0.0101125
0.0100407
0.0102129
0.010255
0.00985049
0.00959569
0.00782316
0.00501896
0.0024751
0.00354759
0.00416439
0.0041586
0.0047748
0.0042454
0.00440755
0.00418265
0.00373836
0.00424775
0.0042422
0.00368771
0.00360229
0.00366191
0.00361193
0.00338883
0.00345323
0.00345673
0.00342178
0.00354409
0.00372654
0.00361409
0.00370771
0.00342309
0.00362731
0.00375716
0.00352174
0.00396747
0.00383701
0.00380149
0.00357664
0.00387431
0.00393408
0.0037885
0.00344091
0.00341839
0.00326062
0.00324582
0.00342308
0.00350126
0.00344811
0.00348552
0.00348105
0.00355802
0.00331596
0.00373143
0.00348793
0.0037581
0.0036502
0.0035815
0.0035682
0.00349321
0.00350793
0.00340601
0.00354303
0.00344442
0.00345983
0.00333332
0.00321565
0.00313057
0.00327139
0.00314768
0.0030681
0.00308239
0.00315583
0.003217
0.00322649
0.00313058
0.00308387
0.00313535
0.00326689
0.00305923
0.00312037
0.00321033
0.00328928
0.00319752
0.00315278
0.00321308
0.00308788
0.00330727
0.00310924
0.00306484
0.00328885
0.00317595
0.00325887
0.00323898
0.00305705
0.00302916
0.00325398
0.00318364
0.00332346
0.00315278
0.00308234
0.00317577
0.00318887
0.00310705
0.00313953
0.00309358
0.00325292
0.00322754
0.00319895
0.00312285
0.00313251
0.00324736
0.00321203
0.00319828
0.00311607
0.0031591
0.0032937
0.00324957
0.00323508
0.00305122
0.0031329
0.00318586
0.00321099
0.0032411
0.00321064
0.00318693
0.00319278
0.00328035
0.00322571
0.00320376
0.00329607
0.00322103
0.00312451
0.00317565
0.00330822
0.00313458
0.00326136
0.0032377
0.00326201
0.00331741
0.00320157
0.00308037
0.00327293
0.00319412
0.00309204
0.00309799
0.00317895
0.00299408
0.00333383
0.00315095
0.00315425
0.00317261
0.00324695
0.00330055
0.00308375
0.00317003
0.003202
0.00313708
0.00317086
0.00310601
0.00316124
0.00320897
0.00316819
0.00311913
0.00312733
0.00327245
0.0030192
0.00301591
0.00330194
0.00315596
0.00305561
0.00305001
0.00309327
0.00308801
0.00311817
0.0029648
0.00324441
0.00307634
0.00312864
0.00312514
0.00296925
0.00306247
0.00304253
0.00328707
0.00321256
0.00312102
0.00291021
0.00305245
0.00306743
0.00305652
0.00301528
