0.0486381
0.0429723
0.0454696
0.0453045
0.0480047
0.0462109
0.0480164
0.0464649
0.0155661
0.00959804
0.00859402
0.00847459
0.0063981
0.00461865
0.00474602
0.00435806
0.00384727
0.00282939
0.00260262
0.00192738
0.00168022
0.0013797
0.00157533
0.000731078
0.00057505
0.000533314
0.000560722
0.00057828
0.000729393
0.000750607
0.00072015
0.000794537
0.000905353
0.00100613
0.0010247
0.00098921
0.00097058
0.00106723
0.00113964
0.00106732
0.00102644
0.00110091
0.00110158
0.00108514
0.00121017
0.00127885
0.00127411
0.00127555
0.00143762
0.00144855
0.00144185
0.00137892
0.00140561
0.00130784
0.00134075
0.00143037
0.00148325
0.00150526
0.00147528
0.00148306
0.00141972
0.00154306
0.00126318
0.00141242
0.00154007
0.00139883
0.00137526
0.00152306
0.00168776
0.00159249
0.0017442
0.00165953
0.00175237
0.00165187
0.00154906
0.00177209
0.00175891
0.00163082
0.00164877
0.00172993
0.00166151
0.0017891
0.0017882
0.00168874
0.00163475
0.00183856
0.00175999
0.00171142
0.00174374
0.00179388
0.00175692
0.00190376
0.00180879
0.00181368
0.00202789
0.00200711
0.0019569
0.00186238
0.0019202
0.00192011
0.00186619
0.00212948
0.00207011
0.00198242
0.0019552
0.00194689
0.00194273
0.00195304
0.00212383
0.00203508
0.00198987
0.00204176
0.00197637
0.00209011
0.00203539
0.00208719
0.00213235
0.00213631
0.00209516
0.00228356
0.0022141
0.00225001
0.00220974
0.00222083
0.00243593
0.00232361
0.00227509
0.0022184
0.00236135
0.00240161
0.00235137
0.00240012
0.00258632
0.00256085
0.0025934
0.00255262
0.00271678
0.00257388
0.00279054
0.0027143
0.00270281
0.00266366
0.00257479
0.00256912
0.00285036
0.00285159
0.00272632
0.00296137
0.00281913
0.0028133
0.00279957
0.00270967
0.00310351
0.00305655
0.00298897
0.00312974
0.00310243
0.00303228
0.00304318
0.00316241
0.00293469
0.00311702
0.0031221
0.00297913
0.00311017
0.00322405
0.00320694
0.00340077
0.00306279
0.00321576
0.00320817
0.00316501
0.00309301
0.00320506
0.00341449
0.00346107
0.00325405
0.00333463
0.0032412
0.00336268
0.00359181
0.00330528
0.00361243
0.00340823
0.0036118
0.00347346
0.00349991
0.00349723
0.00361622
0.00347018
0.00353896
0.00344135
0.00354421
0.00356204
0.00358208
0.00366726
0.00386075
0.00390471
0.00375258
0.00371864
