9.99699
11.1953
10.8503
9.48368
9.93925
9.82754
8.05743
11.2434
12.0933
9.59815
11.8024
10.1358
10.4088
9.16441
8.88686
11.8834
9.22899
10.0195
9.58643
11.3704
12.478
10.766
10.4934
12.4071
10.78
10.7301
9.85447
11.2642
10.1868
11.9665
10.768
10.7872
9.77665
13.0224
13.2556
11.2028
10.7463
12.7956
14.2507
11.5595
10.8852
10.3865
11.4602
11.9731
12.9908
12.2782
11.0715
13.3271
11.3174
12.2527
13.1508
13.6404
12.0692
12.7712
11.3702
14.2929
13.2354
13.4316
11.1772
13.2189
11.6296
12.4307
13.6694
11.4401
11.9202
12.8763
12.9181
12.061
13.4406
13.0808
13.3547
11.9907
12.4514
12.5664
12.3254
11.8138
11.801
11.5939
10.7182
11.6224
11.8395
10.8354
11.2684
12.1146
10.6945
11.5669
10.9378
10.7185
11.6734
10.6792
10.9886
11.7371
12.1115
11.6473
11.4264
12.6349
12.3629
10.8513
11.6218
11.9735
