31.3036
32.7712
32.261
29.4673
29.2264
29.0144
28.7971
28.7717
28.6354
28.8698
29.6477
29.1413
28.5776
28.9211
29.304
27.9938
28.287
28.6567
28.2693
27.114
26.4344
27.3535
27.1487
27.1376
26.3239
26.7172
27.2375
26.9951
27.1816
26.3746
27.3328
26.5134
26.776
26.0479
26.1128
25.8538
25.0388
25.4136
26.0423
26.7174
26.9165
28.4461
28.9335
29.8516
30.4836
31.4973
32.341
32.0216
31.645
31.5442
32.2587
31.1698
32.0942
30.6698
31.198
30.2033
30.0564
30.0459
29.7691
29.485
29.6123
29.1837
30.6404
35.5416
31.1769
29.8323
29.2534
27.7455
28.2813
28.585
30.1429
28.6845
28.3153
27.6396
27.0434
27.3958
27.2669
26.1119
25.9619
26.042
25.2761
26.0055
24.8959
24.3838
24.6014
24.5903
24.0804
23.4976
23.4269
23.7735
23.8003
23.5762
23.0611
23.1512
23.0193
22.3293
22.214
22.0632
21.9799
21.912
21.7622
21.6814
22.013
21.1977
20.7721
20.9464
20.7856
20.3029
20.7398
20.7697
20.5514
20.2974
20.276
19.9872
19.9318
19.99
19.5346
19.1121
19.8858
19.4122
18.9507
18.6847
18.8166
18.5146
18.1356
18.1237
18.2756
18.0454
18.3513
18.0587
17.9771
18.0894
17.9562
17.7173
17.5605
17.4896
17.338
12.1148
9.29737
9.15017
9.14145
9.16164
9.30088
9.00099
9.25273
8.82836
9.07382
8.80442
8.91589
8.77994
8.76737
8.54826
8.78684
8.81768
8.49009
8.68127
8.64841
8.54603
8.49826
8.2535
8.3057
8.46782
8.26689
8.30848
8.33551
8.2795
8.25418
8.15491
8.43118
8.07588
8.02843
7.94644
7.86004
8.07399
8.08488
7.85674
7.75212
7.9741
7.69982
7.93166
7.80532
7.64819
7.80297
7.61044
7.60597
7.66849
7.50805
7.45457
7.62563
7.48023
7.4885
7.27247
7.48371
7.54871
7.38526
7.27287
7.46048
7.47702
7.21815
7.50316
