16.6208
16.6288
16.6324
16.5937
16.6316
16.6419
16.62
16.6163
16.5931
16.6286
16.6026
16.6261
16.6274
16.581
16.623
16.6264
16.5773
16.6201
16.5852
16.6314
16.6389
16.5973
16.6393
16.5932
16.5892
16.6221
16.5667
16.5975
16.5584
16.6335
16.6029
16.6289
16.5564
16.5719
16.5254
16.482
16.5534
16.6331
16.5428
16.5918
16.5388
16.5825
16.5136
16.5952
16.5668
16.5416
16.2889
16.5449
16.3488
16.5408
16.5024
16.5072
16.3223
16.6183
16.461
16.322
16.2426
16.5714
16.2386
16.0524
16.34
16.1124
16.1392
16.2679
16.3023
16.5688
16.007
16.316
16.2056
16.3031
15.9086
16.383
16.3739
16.0225
16.1016
16.0566
16.2442
16.1819
16.2303
16.0324
16.3342
16.0495
15.9803
16.1446
16.2558
15.7999
16.1533
16.1121
16.1617
16.3072
16.0662
16.0853
15.9608
16.1532
16.1296
16.4587
15.877
15.8863
15.6488
15.8736
16.4539
16.156
16.0519
16.4538
16.0302
16.1333
15.917
15.7464
15.9732
16.3076
16.1085
16.3976
16.0904
16.274
16.0327
16.032
16.1252
16.1461
15.8316
16.205
15.6614
16.4634
15.934
16.2635
16.1692
16.1717
16.27
16.1763
16.1834
16.12
15.789
16.2561
16.5265
16.2032
16.1391
16.0637
16.1942
16.4965
16.5682
16.5174
16.4807
16.4297
16.4128
16.4426
16.6392
16.1077
16.5054
16.4773
16.2942
16.4875
16.3463
16.537
16.5977
16.515
16.5524
16.3984
16.4293
16.4174
16.3096
16.5152
16.4407
16.5455
16.2236
16.472
16.4225
16.2122
16.274
16.3639
16.4892
16.5624
16.1506
16.391
16.5971
16.623
16.5278
16.3788
16.548
16.4184
16.5892
16.2646
16.6693
16.3835
16.6002
16.5962
16.6325
16.5613
16.586
15.9663
16.137
16.586
16.3585
16.5008
16.5012
16.5219
16.4824
16.575
16.5085
16.3131
16.4401
16.5493
