157.17
188.04
181.24
176.865
171.749
168.501
155.075
151.207
150.983
151.709
149.372
150.794
144.246
143.489
148.816
141.827
145.034
143.647
142.911
140.441
143.177
141.43
139.329
136.851
141.787
133.55
140.802
136.727
137.833
136.26
139.195
137.124
135.517
137.717
135.319
139.94
137.296
139.608
141.158
150.819
151.054
152.405
151.385
157.759
157.374
159.75
167.059
169.027
165.478
161.17
164.122
161.543
160.005
159.825
159.345
155.226
154.945
153.274
152.467
152.234
148.849
151.431
148.545
147.081
143.269
144.889
145.752
146.866
142.121
142.135
140.973
139.12
137.022
134.237
134.875
135.717
134.752
129.393
133.747
129.268
126.093
127.342
130.865
127.161
127.598
122.219
126.216
127.265
128.196
122.057
121.758
123.536
120.078
120.594
120.224
117.57
117.297
116.791
114.725
112.193
113.827
113.794
109.11
111.669
109.604
109.014
109.313
110.38
107.13
108.815
106.692
103.628
103.872
106.142
103.427
101.306
102.611
103.053
103.072
101.146
99.6973
102.423
98.2963
98.4672
96.3203
96.6313
97.9132
98.4434
96.4792
96.6681
93.2083
92.9692
94.1235
94.68
94.154
90.9307
90.857
93.3984
90.7837
89.1411
87.8086
86.2197
86.8365
87.4208
87.6395
87.3337
86.7955
85.4492
84.0613
84.3149
83.9813
85.0176
82.7131
82.4434
83.4776
82.5532
83.4792
81.0362
79.629
81.458
79.3838
80.3881
81.1936
80.2453
78.3857
78.7224
77.8025
78.5689
78.3345
77.5508
77.9612
75.1687
74.3868
74.8061
76.6055
76.9773
73.6807
75.7104
73.8441
71.4373
71.4505
74.1591
72.1508
72.225
72.4635
71.8242
69.1539
70.2224
69.5974
69.2551
70.5949
70.1803
69.9732
68.1543
66.1087
69.1905
65.3852
67.3097
66.5535
67.7634
