146.289
125.995
126.582
123.707
128.822
125.315
118.537
121.725
122.323
120.413
119.747
121.378
122.84
120.416
122.922
121.225
123.273
127.295
129.979
116.747
117.362
118.892
116.924
119.624
110.812
112.295
113.923
118.218
116.121
113.451
109.481
110.322
100.833
101.481
100.727
100.737
92.4034
89.218
88.9837
82.8862
79.3452
78.6208
76.8229
72.2065
71.9355
71.9946
64.3016
63.1241
61.9543
66.1377
64.5692
57.5537
60.7205
59.0473
59.6487
61.1051
58.9028
59.9921
58.0706
62.3411
59.6493
60.3151
61.2066
62.3212
62.8083
60.3141
60.4841
59.7727
59.9965
59.6436
60.5187
59.2523
63.0406
60.2266
59.2227
61.0485
59.236
60.5546
62.1497
63.6115
62.454
61.073
58.1274
62.1756
61.0071
62.9556
59.07
61.9691
63.2353
60.4157
61.3806
62.5485
63.281
63.2725
62.3323
64.4374
64.3635
63.1098
61.2761
57.9281
60.9554
62.1668
60.4224
62.5453
63.569
60.3265
61.003
62.2937
60.908
61.2399
61.0278
65.8085
61.6386
64.1684
63.3583
62.6475
65.8637
61.0798
64.1514
61.4786
61.9545
64.8332
63.0719
63.4954
61.1066
62.2365
62.7291
62.0575
63.3971
64.1701
61.9846
62.22
60.9003
60.7848
60.5382
59.9256
59.9222
58.4363
57.5008
49.4071
48.0332
53.2952
58.2116
60.3598
59.498
58.7484
58.2598
55.861
56.3876
56.8304
55.1763
56.7716
55.6627
57.7474
55.6927
58.8508
54.3068
57.1891
53.8385
56.8608
56.799
54.749
55.047
56.3743
58.1802
58.3404
55.1144
55.2416
55.8412
54.9047
54.9937
56.9823
53.2216
55.9472
57.3544
53.4413
53.8754
55.2206
55.4236
54.8698
55.04
55.5487
52.7839
53.3521
52.8702
53.139
55.9029
55.0222
55.8193
52.3385
54.3813
54.6553
51.5764
52.3125
53.4231
55.6303
55.0817
56.8608
53.7177
54.7058
