119.794
119.776
119.483
119.226
119.926
119.741
119.93
119.786
118.79
119.617
119.157
119.651
119.482
119.865
120.127
119.673
119.251
120.05
119.014
119.221
119.736
119.129
119.152
119.7
119.456
119.197
119.904
119.569
119.433
119.444
119.776
119.976
119.955
118.706
120.068
119.408
118.516
119.586
119.203
118.834
119.292
119.337
118.403
119.319
119.185
118.297
119.106
118.335
117.228
118.813
118.324
119.016
119.046
118.883
118.672
119.149
119.125
118.79
119.64
119.001
118.877
116.925
117.898
119.32
118.538
117.661
118.486
118.743
116.294
117.112
116.41
115.782
117.729
117.361
117.377
116.012
119.547
116.715
118.641
117.056
116.474
116.492
118.948
115.477
118.945
115.624
117.212
116.767
116.933
114.876
116.84
115.827
116.399
115.039
117.123
116.045
114.869
116.174
116.763
115.599
111.439
116.524
115.009
115.294
114.759
115.015
114.359
115.232
114.707
116.018
113.888
118.249
113.276
116.406
113.528
115.309
113.757
113.395
112.252
113.198
116.013
114.125
114.199
111.772
114.96
115.515
113.829
114.391
113.901
114.302
114.434
113.802
111.621
114.7
111.712
111.319
114.474
115.088
117.075
115.158
115.128
115.314
114.733
115.626
115.51
114.791
113.032
117.07
116.58
116.91
112.779
114.278
115.351
119.052
115.483
117.128
117.607
117.354
115.971
114.722
111.952
116.053
116.894
115.071
118.319
115.496
116.057
112.669
114.089
116.816
115.896
110.48
112.916
112.26
115.626
116.648
112.802
113.22
114.265
114.019
114.211
115.519
115.654
115.421
115.9
116.567
112.434
109.854
116.305
115.492
114.77
112.335
115.017
116.312
114.325
116.527
112.959
118.357
116.045
113.376
