8.31154
7.07061
8.35375
7.04874
7.07685
8.37559
6.95658
7.04517
8.26628
8.2354
8.26734
8.25271
8.25519
6.96076
7.09347
8.31448
7.36062
8.31554
7.17619
8.33639
7.12645
7.0913
8.28216
6.67893
8.26839
6.87523
7.03608
8.30817
6.52657
6.98367
6.92015
6.65747
6.99739
6.81903
7.09817
6.72329
6.64714
6.97181
7.04038
7.73407
6.86978
6.94717
6.92959
7.13543
7.10727
7.06929
6.85834
7.1892
6.98756
7.12925
7.18734
7.0071
6.96603
7.25268
6.92604
7.17815
7.07455
6.83549
7.17666
7.11667
7.04125
7.11066
7.38223
7.24703
7.0792
7.08927
7.31269
7.00643
7.03379
7.14297
7.32467
7.14682
7.36867
7.32452
7.27578
7.2768
6.94408
7.29137
7.17029
7.24242
7.30109
7.20138
7.2758
7.23522
7.15367
7.05726
7.33651
7.12509
7.15474
7.24782
7.40592
7.2468
7.27944
7.32921
7.19624
7.12125
7.37384
7.28545
7.17217
7.2505
7.24076
7.43889
7.28632
7.27285
7.12703
7.24172
7.13061
7.24533
7.24925
7.21432
7.43415
7.08872
7.33295
7.23359
7.22848
7.18908
7.15679
7.22317
7.32632
7.03015
7.16086
7.23027
8.03833
7.22545
7.03424
7.33281
7.0728
7.2974
7.1836
7.10904
7.32761
7.23303
7.37845
7.28967
7.26375
7.25496
7.18749
7.52562
7.98003
7.18505
7.78195
7.1363
7.27128
7.71622
6.94935
8.74695
7.10908
7.08905
7.30648
7.25659
7.57995
7.05454
8.01183
7.36381
7.05575
7.39304
7.98226
7.9479
6.90507
7.10397
7.09064
7.23363
8.42823
8.57138
7.69115
7.95328
7.09863
7.53372
8.99474
7.13542
8.33652
7.06583
7.36643
8.3735
7.12999
7.24125
7.15967
8.18725
7.41352
7.55378
7.48399
8.62317
8.01374
8.32613
8.01681
8.72607
7.09126
8.00727
8.75428
8.01793
9.54921
8.55698
8.35312
8.85116
8.24179
9.60761
8.97793
9.36396
9.34107
9.53438
