0.0122353
0.0114673
0.0111405
0.011105
0.0114491
0.0116009
0.0122181
0.0119636
0.0120208
0.0122454
0.0119978
0.0117357
0.012193
0.0121041
0.0116255
0.0117465
0.0117356
0.0118151
0.0115771
0.011854
0.0118517
0.0108403
0.00883896
0.00329375
0.0044139
0.00629835
0.00565672
0.00576811
0.00591216
0.00611591
0.00580958
0.00516526
0.00558178
0.00543386
0.00570825
0.00509924
0.00517888
0.00531431
0.00518466
0.00514131
0.00512929
0.00538331
0.00550418
0.00543527
0.00523896
0.00532167
0.00520171
0.00526698
0.0051561
0.00532946
0.00518258
0.00498413
0.00521197
0.00499619
0.00499559
0.00482224
0.00526139
0.00469836
0.0051953
0.00494333
0.00477826
0.00515878
0.00470467
0.004678
0.00474794
0.00522074
0.00502306
0.00478199
0.00501908
0.00455558
0.00474713
0.00484328
0.00468742
0.00481576
0.00458125
0.00475968
0.00482439
0.00449471
0.00458798
0.00452252
0.00470147
0.00431991
0.00458525
0.00435849
0.0044674
0.00433092
0.00438152
0.0043764
0.00437823
0.00429014
0.00428934
0.00422086
0.00447262
0.00436077
0.00427336
0.00427789
0.00438578
0.0043691
0.00423449
0.00407076
0.00401697
0.00381265
0.00365126
0.003986
0.00406079
0.00410648
0.0041482
0.00420314
0.00390283
0.00389482
0.00392437
0.00406003
0.00399612
0.00397921
0.00388077
0.00403679
0.00402515
0.00409312
0.00392975
0.00379178
0.00414281
0.00404583
0.00391122
0.00380092
0.00376269
0.00360754
0.00377099
0.00399934
0.00390057
0.0037157
0.003732
0.0040299
0.0038528
0.00361916
0.00374248
0.00382986
0.00379557
0.0037365
0.00383302
0.00372383
0.00372334
0.00370648
0.00364271
0.00367638
0.00384418
0.00351046
0.00370134
0.0038467
0.00403112
0.0038359
0.0035806
0.00337536
0.00379895
0.00380049
0.00362775
0.00364463
0.00358966
0.00369569
0.00370048
0.00368304
0.00364524
0.00362331
0.00362096
0.0036417
0.00369004
0.00357236
0.00356973
0.00354369
0.00368087
0.00354823
0.00361352
0.00374936
0.00358245
0.00367292
0.00340592
0.00348794
0.00340371
0.00347081
0.00360554
0.00341799
0.00364223
0.00348198
0.00325267
0.00344215
0.00345777
0.00351102
0.003393
0.0035624
0.00341285
0.00344464
0.00347486
0.00337502
0.0034503
0.00330696
0.00342069
0.00336085
0.00334737
0.00338561
0.003422
0.00321918
