12.4755
12.5145
12.735
12.577
12.5727
12.418
12.2526
12.4897
12.3112
12.7315
12.6859
12.3649
12.7146
12.2684
12.6757
12.5558
12.5707
12.3776
12.2705
12.7433
12.7443
12.4343
12.5323
12.4979
12.6102
12.6381
12.5394
12.7733
12.2888
12.7073
12.1764
12.4743
12.3819
12.271
12.3153
12.1881
12.3405
12.3599
12.466
12.5913
12.4032
12.4504
12.633
12.3254
12.538
12.4467
12.1842
12.3128
12.0438
12.2795
12.2384
12.3197
12.1865
12.4086
12.1405
12.3263
12.1425
12.3266
12.586
12.3221
12.2199
12.1235
12.2429
11.9996
12.1522
12.1161
12.0051
12.1712
11.8896
12.2079
12.1972
12.1522
12.198
12.0356
12.1478
12.1628
12.2169
12.2077
12.1042
12.0543
12.3219
12.3281
12.1423
11.8616
11.8984
12.1349
12.2269
12.0099
11.9794
12.2712
12.1017
12.1338
12.7768
11.81
12.2375
11.8334
12.477
11.7437
11.9488
12.0141
12.2644
12.2855
11.9005
12.0379
11.9887
12.274
12.2025
12.3333
11.8223
12.2401
12.0759
12.2229
12.3635
12.0793
12.1792
12.0156
11.8481
12.5071
12.1038
11.9147
11.9308
12.2067
12.0424
12.1675
12.3061
12.1065
12.1055
12.1853
12.1205
11.9834
11.4781
11.8459
12.2443
12.2961
11.9823
11.9835
12.2401
12.1476
12.0226
11.8061
12.0703
12.1299
12.1052
11.955
12.0935
12.0464
12.1833
12.1748
12.0874
11.9765
12.0918
11.8893
12.1909
11.9391
11.8999
12.2488
12.2236
11.7714
11.785
12.1457
11.9629
12.2776
11.9011
12.0063
11.7732
11.9342
12.1683
12.2425
12.1924
11.9864
11.9219
11.8302
12.0238
11.9632
11.9289
11.851
12.1776
12.0142
12.201
11.8558
11.9311
11.8444
12.0158
12.3443
11.8486
11.9334
12.113
12.0276
11.8463
12.2181
11.8113
11.8165
12.2801
11.921
11.8582
12.0361
12.1505
12.1314
12.1734
11.857
