526.909
321.853
166.47
185.808
313.044
381.931
482.061
251.722
509.023
1067.99
1044.77
805.743
908.533
1321.21
1302.59
1052.13
2004.31
1138.26
2468.08
1765.27
1136.4
2271.49
1484.24
1685.61
1960.02
1896.32
2817.36
2897.61
3196.39
9748.71
15415.8
4051.96
13310.7
13310.7
13310.7
13197.9
13197.9
13130.7
13197.9
8666.59
17374.1
13197.9
13602.3
16297.1
16297.1
16297.1
16769.3
16931.7
16297.1
13197.9
16297.1
16297.1
16297.1
16931.7
16297.1
16297.1
16297.1
16260.1
16297.1
16297.1
16297.1
16260.1
16297.1
16260.1
16260.1
16260.1
16297.1
16297.1
16297.1
16297.1
16297.1
16260.1
16297.1
16297.1
16297.1
16297.1
16260.1
16297.1
16260.1
17706.9
16260.1
16260.1
16260.1
16297.1
16297.1
16297.1
16260.1
16297.1
16297.1
16297.1
16297.1
16297.1
16297.1
16297.1
16297.1
16629.6
16297.1
16297.1
16297.1
16769.3
