7.51461
9.08387
7.38989
7.72576
11.1067
7.47547
7.97427
8.00549
8.26764
14.3918
8.57043
10.8265
7.00219
10.0481
9.91742
8.37692
7.46734
11.3778
6.94959
8.02572
8.06476
8.64184
9.84619
11.5873
9.17537
9.34835
8.62629
9.24287
8.43148
9.27525
10.8932
7.85969
10.5287
9.46869
8.35028
11.4536
10.6747
9.60407
8.53208
9.37007
9.55787
10.2303
10.5374
10.0302
9.33267
9.94691
10.2133
11.6481
9.26275
8.6412
8.3816
8.90658
9.78888
8.78296
11.104
9.68568
9.85297
9.87389
10.7857
10.6764
10.6759
10.6764
10.6764
10.7194
10.6833
10.7581
10.6798
10.7174
10.6902
10.6796
11.3556
10.6985
10.6887
10.722
10.7175
10.7182
10.6875
10.6971
10.6987
10.8074
10.6806
10.902
10.7054
10.8539
10.6985
10.692
10.7037
10.7205
10.7445
10.7194
10.7163
10.7174
10.7194
10.7356
10.7713
10.6847
10.6781
10.721
10.6982
10.6904
