0.963594
0.838798
0.782913
0.799577
0.817329
0.88203
0.869412
0.885615
0.919502
0.876887
0.849654
0.889882
0.890732
0.879054
0.857551
0.834847
0.831997
0.880765
0.857199
0.84036
0.85613
0.832786
0.830457
0.875798
0.883574
0.832915
0.863993
0.858031
0.849821
0.86808
0.808306
0.866551
0.837617
0.812718
0.814164
0.808357
0.782963
0.800747
0.746568
0.707451
0.758843
0.805481
0.745847
0.74931
0.725892
0.708182
0.699588
0.644061
0.655455
0.634101
0.63923
0.581967
0.598186
0.53846
0.57069
0.554949
0.495755
0.554792
0.540358
0.538863
0.540222
0.525018
0.499621
0.464872
0.485094
0.485272
0.459
0.450443
0.441961
0.450605
0.452338
0.454947
0.427487
0.434779
0.448532
0.39563
0.405575
0.420975
0.408541
0.429536
0.395435
0.425677
0.426725
0.392104
0.390016
0.364178
0.383445
0.387139
0.359008
0.383304
0.373321
0.361596
0.361763
0.382551
0.376587
0.385247
0.374283
0.362981
0.355203
0.355299
0.37074
0.371185
0.371508
0.360658
0.335458
0.36273
0.329031
0.358893
0.323753
0.330387
0.343379
0.352226
0.324327
0.31392
0.326224
0.335353
0.303911
0.307955
0.328384
0.316713
0.294914
0.314396
0.323238
0.288888
0.296411
0.303075
0.297369
0.283464
0.287149
0.28622
0.29149
0.267415
0.266141
0.270535
0.278532
0.275924
0.260591
0.270107
0.288446
0.269308
0.288966
0.272317
0.259847
0.256659
0.257533
0.262889
0.259102
0.263342
0.270993
0.250707
0.257259
0.26547
0.25567
0.258763
0.243411
0.234429
0.251869
0.255401
0.22944
0.249371
0.234521
0.242334
0.247713
0.2474
0.270034
0.237936
0.249738
0.235264
0.224078
0.250547
0.227943
0.226493
0.225519
0.244927
0.235401
0.233431
0.21835
0.230294
0.221475
0.230112
0.20365
0.209919
0.223517
0.212954
0.219646
0.200751
0.209236
0.198921
0.223214
0.228699
0.20269
0.200274
0.206618
0.21799
0.211108
0.206862
0.208593
0.22325
0.197431
0.204885
