0.161911
0.148339
0.15444
0.162078
0.16267
0.157338
0.161752
0.166941
0.167054
0.0943595
0.0293673
0.029873
0.0293471
0.0287562
0.0293541
0.0299963
0.0281925
0.0285702
0.0287954
0.0284306
0.029343
0.0301306
0.0288346
0.0278653
0.0294927
0.0299443
0.0293335
0.0294561
0.0292178
0.0293133
0.0289015
0.0263726
0.024651
0.0214655
0.0204569
0.0214408
0.0220539
0.0211544
0.0211903
0.0221927
0.0217354
0.0225267
0.0213938
0.0210776
0.0216172
0.0211556
0.0200076
0.020968
0.019076
0.0203283
0.0207404
0.0199887
0.0202561
0.0201738
0.0198883
0.0190051
0.0183403
0.0191229
0.0193702
0.0186558
0.0185458
0.0182721
0.0180461
0.0176351
0.0178595
0.0170928
0.0170614
0.0171244
0.0150892
0.0172602
0.0164504
0.0157001
0.0163484
0.0161297
0.0159164
0.0159339
0.0161574
0.0155812
0.0156431
0.0159983
0.0150335
0.0159285
0.0147141
0.0157491
0.015351
0.015065
0.0149943
0.014122
0.0144811
0.014752
0.0141093
0.014253
0.0142428
0.0142669
0.0137654
0.014275
0.0145984
0.0138231
0.0127858
0.0136376
0.0137207
0.0141258
0.0135436
0.013199
0.0134619
0.0140487
0.0133376
0.0140628
0.0127986
0.0135074
0.0133457
0.0128709
0.0134632
0.0132576
0.012634
0.0136675
0.0126084
0.0119994
0.0124542
0.0126902
0.0128229
0.0121383
0.0125886
0.0121269
0.0116951
0.0112307
0.0107343
0.0115702
0.0105839
0.0112006
0.0108804
0.0103933
0.010695
0.0101636
0.0105523
0.0101928
0.0110557
0.0106563
0.010943
0.0100658
0.0107595
0.0108635
0.0108882
0.0104833
0.0103687
0.0102807
0.0099998
0.00998641
0.0108128
0.0106559
0.0100359
0.00966362
0.0103396
0.00974915
0.00969174
0.0104042
0.00990365
0.0103509
0.0102076
0.0105452
0.00992662
0.00996826
0.00989887
0.00961991
0.00957119
0.00931284
0.00986847
0.00989068
0.00892156
0.00968129
0.00920256
0.00911129
0.00924994
0.00965207
0.00979466
0.00930438
0.00947751
0.00942418
0.00972907
0.00998132
0.00918689
0.00900339
0.00970027
0.00902093
0.00957659
0.00935802
0.00900699
0.00911812
0.00933126
0.00938836
0.0090319
0.00912211
0.00927225
0.00877344
0.00920769
0.00941689
0.00889819
0.0085231
0.00863422
0.00936892
