2.14856
1.91302
1.95101
2.15198
2.13129
2.17698
2.13186
2.12294
2.10319
2.1371
2.09674
2.15684
2.18596
2.19602
2.12546
2.12614
2.0348
2.05512
2.0811
2.11292
2.03616
2.10479
2.12568
2.21173
2.04449
2.1979
2.19067
2.20484
2.13292
2.08939
2.21969
1.84499
2.09302
1.95281
2.18691
2.10627
2.0627
1.93665
2.02456
2.10463
1.98924
2.07221
1.99011
2.02902
1.62637
1.94532
2.05308
2.02087
1.59607
2.08844
2.09533
2.03368
1.66853
1.93608
1.78562
1.60402
1.93533
1.76138
1.5216
1.8546
1.8292
1.81019
1.6372
1.61906
1.64377
2.08803
1.5605
1.6913
1.59489
1.78992
1.90359
1.60062
2.02843
1.67459
1.58926
1.7061
1.73258
1.595
1.7685
1.69759
1.57906
1.89982
1.60679
1.78624
1.61562
1.58392
1.59587
1.58483
1.62863
1.62371
1.6369
1.61061
1.66172
1.58226
1.58076
1.64495
1.67101
1.60664
1.55594
1.59067
1.89549
1.64354
1.80248
1.65085
1.65632
1.91866
1.65893
1.65459
1.59589
1.65528
1.57132
1.65682
1.64151
1.59385
1.61963
1.62518
1.6116
1.69651
1.62444
1.71548
1.83721
1.68662
1.58848
1.6256
1.63266
1.68445
1.60214
1.71644
1.69021
1.63998
1.64784
1.66056
1.65501
1.69388
1.6793
1.68519
1.68836
1.69862
1.67011
1.66484
1.65982
1.58673
1.72535
1.66985
1.71564
1.64666
1.70147
1.70523
1.72252
1.65784
1.6866
1.6889
1.61028
1.67241
1.71946
1.67404
1.6865
1.68818
1.69151
1.70554
1.71909
1.72576
1.70971
1.6775
1.71093
1.72139
1.68864
1.67785
1.71312
1.70292
1.70702
1.70718
1.69747
1.71957
1.6983
1.69054
1.662
1.72074
1.70625
1.66341
1.74492
1.71131
1.6762
1.69476
1.71105
1.67536
1.70412
1.71291
1.7244
1.6812
1.73828
1.68229
1.68386
1.72473
1.71455
1.71976
1.73002
1.67086
1.70509
1.67632
