0.841513
0.770436
0.752114
0.745129
0.70579
0.714633
0.739221
0.743562
0.739456
0.712408
0.696141
0.700954
0.691837
0.634801
0.632111
0.594161
0.597187
0.600348
0.57225
0.599434
0.568074
0.580785
0.598893
0.583432
0.575696
0.57361
0.566097
0.585091
0.567088
0.56545
0.569004
0.564729
0.578519
0.571824
0.570161
0.562745
0.552876
0.563623
0.541807
0.533265
0.535946
0.55754
0.535946
0.534862
0.542724
0.537369
0.525991
0.537206
0.53373
0.525484
0.523271
0.531003
0.525566
0.512763
0.51379
0.514845
0.514953
0.494435
0.510044
0.520071
0.50314
0.49294
0.494201
0.494073
0.492185
0.497961
0.491044
0.510312
0.505281
0.508236
0.540592
0.506615
0.513349
0.513048
0.522531
0.509871
0.511194
0.519478
0.535135
0.510594
0.512136
0.522696
0.50528
0.52303
0.533768
0.544122
0.525849
0.522508
0.527415
0.52684
0.530037
0.533638
0.539354
0.527426
0.528723
0.532212
0.527004
0.530622
0.526618
0.508557
