12.7787
12.4149
12.6275
12.7035
12.3382
12.7144
12.6046
12.5836
12.4603
12.5959
12.7157
12.4402
12.4454
12.4778
12.5577
12.5094
12.3743
12.4412
12.5451
12.731
12.4837
12.5593
12.3685
12.384
12.4634
12.2297
12.2993
12.2485
12.424
12.6028
12.5308
12.2733
12.4467
12.3619
12.3123
12.164
12.3374
12.1261
12.3663
12.3208
12.0188
11.8839
12.2403
12.2694
12.1967
12.2078
12.4952
12.2092
12.5405
12.2717
11.6643
12.3771
12.1594
12.5201
12.4422
12.2408
11.7452
12.2186
12.4632
12.3674
12.5844
12.3388
12.1517
12.2214
12.049
12.2643
12.101
12.3021
12.1563
11.8793
11.8479
11.6074
12.376
12.0876
11.5874
11.8844
12.2383
11.7724
12.4448
11.8026
11.7296
11.5993
11.8812
11.7698
11.3281
11.8463
11.3915
11.8597
12.3824
11.9008
12.3936
11.7823
11.7541
12.0277
11.7509
11.5329
11.7627
11.658
11.3399
11.8637
12.5228
11.9621
11.91
11.7188
12.1062
11.8877
10.8318
12.1348
11.2266
11.1523
10.8617
12.3664
12.4792
11.8845
11.5247
10.9848
11.386
11.6982
11.7962
11.294
12.4313
11.713
11.961
11.3493
10.6345
10.9715
12.3976
11.0418
10.4713
11.2775
11.5736
12.3904
10.0745
10.5494
10.6152
12.0719
11.1689
10.3731
11.8052
12.3649
10.9416
11.7529
11.1187
10.3348
11.0858
10.818
10.5488
11.5354
11.2935
11.5948
11.4355
10.6155
12.3396
10.0079
11.2022
11.6329
11.1703
11.285
10.5796
10.5135
11.6631
10.4353
12.6737
10.6731
11.2814
10.9877
10.6649
10.5765
11.7066
11.2739
10.2613
11.5518
10.7933
11.1613
10.5827
10.012
11.6484
10.458
10.2668
12.541
11.3779
10.9249
11.6294
10.2521
11.0442
10.013
10.9259
10.9369
11.3367
10.6944
11.0369
12.1006
10.6992
12.3213
11.0825
10.7426
10.3321
11.68
11.2852
11.323
