0.0177347
0.0355378
0.0532392
0.0711325
0.0889687
 0.106701
 0.124462
 0.142192
  0.16021
   0.1782
 0.195976
 0.213705
 0.231458
 0.249589
 0.267691
 0.285463
 0.303124
 0.320868
 0.339056
 0.357178
 0.374886
 0.392464
 0.410177
 0.428361
 0.446462
 0.464135
 0.481678
 0.499361
 0.517523
 0.535659
 0.553399
 0.570974
 0.588645
 0.606797
  0.62503
 0.642895
 0.660541
 0.678209
 0.696326
 0.714615
 0.732562
 0.750275
 0.767936
  0.78594
 0.804156
 0.822077
 0.839825
 0.857495
  0.87533
 0.893377
 0.911196
 0.928939
 0.946676
 0.964385
 0.982254
