6.67958
5.82331
7.08516
6.02964
6.15811
5.25081
5.78817
6.47124
6.80089
5.8992
5.52959
5.48123
6.23372
7.23514
5.52134
6.3255
6.4926
7.14551
6.34943
7.3767
7.20375
7.45536
7.07736
6.85914
6.7913
6.67241
9.54783
7.36892
6.14572
7.47077
6.74484
6.71402
7.60533
8.09783
6.39935
6.67817
7.73675
8.63662
7.59302
7.72833
6.64817
8.89033
7.14227
7.547
7.40307
8.04197
7.60897
8.15144
7.7161
9.6868
7.57309
9.66003
7.91943
10.4696
8.94564
8.48644
8.39547
8.17421
8.44617
8.81445
8.55041
7.98232
7.80128
8.27399
7.58334
7.99433
7.90286
8.6545
7.97177
8.3927
8.27424
8.24371
8.5777
8.23318
7.90043
8.8349
9.06977
8.69091
8.42072
8.23878
9.03737
8.62486
8.71805
8.97665
8.88053
8.48699
8.77026
9.68825
7.89214
8.97496
9.70601
9.13684
8.96539
8.82555
9.93233
9.46436
8.73577
8.96982
9.34557
8.685
8.69804
9.22184
9.55715
9.46559
9.34567
8.59915
9.13542
9.45076
9.34731
9.38472
9.42416
10.7983
9.64655
8.95944
9.59643
10.1714
9.15961
9.46864
9.6907
9.2404
9.90205
10.189
9.34896
8.71882
9.35482
9.41573
9.2346
9.55795
9.06224
10.5307
9.58109
9.67382
9.34463
8.90297
8.55221
9.37562
9.10085
9.09413
9.06249
10.4374
9.64527
9.46463
9.07025
9.00162
9.33689
10.0244
9.42547
9.42224
10.0877
8.78015
9.85257
8.87442
8.86722
9.68179
8.98763
9.37332
9.69301
9.82445
9.50061
9.14523
10.0838
9.16994
10.4268
8.72737
9.39254
9.03629
9.38523
9.33118
9.15348
9.4794
9.41952
9.72997
8.75918
8.78245
9.94906
9.5633
9.17046
9.61829
8.89675
9.98187
9.52675
9.90956
8.67418
9.75172
10.1066
8.71413
9.64687
9.45295
8.48937
9.31989
9.73377
9.86214
9.51382
10.1429
10.0896
9.42608
10.0837
9.1279
9.6272
9.63569
