0.0116761
0.008849
0.00855422
0.00844326
0.00860531
0.00905663
0.00905464
0.00910301
0.00920074
0.00899189
0.00937587
0.00948405
0.00914292
0.0092578
0.00937074
0.00919561
0.00942738
0.00938157
0.00933482
0.00935729
0.00941014
0.00934571
0.00947497
0.00924811
0.00943575
0.00966171
0.00975136
0.00955907
0.0096569
0.00960535
0.00970753
0.00954352
0.00959861
0.00971748
0.00971727
0.00984131
0.00981133
0.00990803
0.00987142
0.00963458
0.00972667
0.00980446
0.00993934
0.0100987
0.00986558
0.0097795
0.00986601
0.0102111
0.0101865
0.00988928
0.00992165
0.010046
0.0100322
0.0101782
0.00987482
0.0100965
0.0102453
0.00975655
0.00993132
0.0102321
0.010141
0.00976747
0.0102048
0.0100807
0.00995047
0.00978451
0.00999854
0.010053
0.0100935
0.010181
0.0100227
0.010069
0.00976287
0.00981307
0.00985922
0.00987735
0.009866
0.0101368
0.0100785
0.0102115
0.0101368
0.0102681
0.00984107
0.00990566
0.00994207
0.0102777
0.010043
0.0100409
0.00998863
0.0100386
0.0100156
0.00993059
0.00978295
0.0101909
0.0101322
0.010056
0.00982214
0.0100316
0.0100849
0.00994451
