63.9683
63.9925
63.9582
63.9815
64.0389
64.0565
63.9885
63.9313
63.9017
63.994
63.9045
63.8852
64.0635
64.0553
63.9804
63.9046
64.0543
64.0518
64.02
64.0082
63.8743
63.8986
64.024
63.9134
64.0533
63.966
63.9877
63.9505
63.8902
64.0516
64.0608
63.8778
64.0397
63.9013
64.0661
63.8786
63.9422
63.9342
63.9073
64.064
63.9022
63.8935
64.0478
63.9402
63.985
63.9711
63.9302
63.8583
63.9522
63.8767
63.8935
64.0181
63.974
63.9611
64.0366
64.0811
63.7585
64.0672
64.0003
63.6772
63.7664
63.6749
63.9016
63.775
63.8862
63.6462
63.8836
63.3302
63.9458
62.9818
63.4724
63.6364
63.4848
63.8723
63.7631
63.8608
63.3216
63.8521
63.0836
63.9334
62.5017
63.6446
63.6703
63.2092
63.098
63.3881
63.3487
63.6853
63.7498
63.3818
63.5016
63.1061
63.0122
63.0339
63.2596
62.778
62.9677
63.7422
62.4624
62.9768
63.4187
62.7064
62.7863
62.9577
63.0005
62.8675
62.7462
63.0332
63.4896
62.7646
61.9621
62.9458
62.3388
63.5313
63.8841
62.5002
62.0162
62.687
63.1472
63.0624
62.5177
62.0869
62.5442
62.3677
63.2857
63.1625
63.0191
62.7851
62.9289
62.0407
62.1809
62.4927
62.8115
62.4771
63.0538
62.1989
62.844
63.5945
63.1514
62.5842
62.1432
62.6633
61.9834
62.7594
62.364
62.7459
62.3263
62.6874
62.8223
63.4573
62.7367
62.0546
62.7017
61.8829
62.6177
62.7137
62.6024
62.3542
63.0786
62.5997
62.7082
62.3859
62.9216
63.0646
62.654
62.4907
62.537
62.1166
62.2223
62.4264
61.8376
62.8595
62.2506
62.7498
62.3397
62.2247
62.4129
62.1522
62.2868
62.9307
63.0917
62.0762
61.6254
61.8872
62.5486
61.6658
62.2243
61.6606
62.4165
62.2309
62.5259
62.2236
61.7694
61.8014
61.3605
62.4925
61.7408
62.5603
61.9943
62.2876
