0.0140371
 0.028122
0.0423013
0.0566188
0.0711147
 0.085824
 0.100775
  0.11599
 0.131481
 0.147253
 0.163301
 0.179611
 0.196162
 0.212926
 0.229868
 0.246947
 0.264123
 0.281351
 0.298589
 0.315796
 0.332935
 0.349976
 0.366895
 0.383677
 0.400317
 0.416818
 0.433193
 0.449461
 0.465651
 0.481795
 0.497928
 0.514087
 0.530309
 0.546627
 0.563072
 0.579664
 0.596419
 0.613341
 0.630427
 0.647661
 0.665018
 0.682468
  0.69997
 0.717482
 0.734956
 0.752347
 0.769609
   0.7867
 0.803582
 0.820223
 0.836599
 0.852692
 0.868493
 0.884001
 0.899224
 0.914179
 0.928889
 0.943384
   0.9577
 0.971878
 0.985963
