1.09902
1.19583
1.11237
1.19571
1.1211
1.12321
1.19582
1.11841
1.12484
1.19653
1.17866
1.19436
1.19289
1.12224
1.18949
1.12285
1.1236
1.1922
1.19685
1.09752
1.12005
1.18296
1.18922
1.12595
1.19392
1.19556
1.1143
1.12275
1.19706
1.18928
1.19408
1.18635
1.10468
1.12508
1.13772
1.12413
1.13171
1.19749
1.19956
1.19326
1.19558
1.11208
1.11034
1.17758
1.19267
1.11872
1.19368
1.1242
1.0985
1.1731
1.19063
1.11107
1.10633
1.11881
1.18758
1.1085
1.14003
1.19472
1.15122
1.10291
1.08151
1.13327
1.14394
1.16416
1.1294
1.10253
1.12866
1.15796
1.11172
1.15063
1.13249
1.1132
1.10492
1.19045
1.18088
1.12339
1.14334
1.1399
1.16498
1.18232
1.14202
1.19835
1.17667
1.18188
1.11148
1.19985
1.12031
1.2114
1.22469
1.21512
1.11312
1.13209
1.13228
1.12619
1.14601
1.23047
1.13412
1.13774
1.14725
1.11005
1.18137
1.09176
1.12184
1.2377
1.10893
1.13309
1.09036
1.20861
1.13846
1.15035
1.2139
1.24032
1.16109
1.22167
1.19183
1.21528
1.23457
1.248
1.1954
1.09969
1.13779
1.18891
1.14293
1.21819
1.12879
1.17182
1.18935
1.27277
1.20879
1.22533
1.21571
1.2254
1.11005
1.2177
1.18372
1.23954
1.22578
1.2163
1.17295
1.24893
1.23783
1.25745
1.17642
1.26374
1.17667
1.19931
1.25003
1.22389
1.1749
1.20216
1.23078
1.24362
1.26925
1.18569
1.18855
1.2547
1.22568
1.2551
1.23797
1.2163
1.2347
1.18091
1.26064
1.24308
1.20492
1.26253
1.24843
1.22163
1.22551
1.2362
1.25053
1.2251
1.17481
1.24553
1.23973
1.25509
1.22059
1.25518
1.23973
1.24091
1.23451
1.25907
1.27811
1.25638
1.21897
1.25992
1.24402
1.25986
1.23274
1.24022
1.20946
1.23856
1.20909
1.23592
1.25518
1.237
1.24495
1.15558
1.22421
1.27353
