0.00880101
 0.0176256
 0.0264974
 0.0354403
 0.0444787
 0.0536374
 0.0629417
 0.0724177
 0.0820925
 0.0919938
  0.102151
  0.112593
  0.123351
  0.134458
  0.145947
  0.157852
  0.170207
  0.183049
  0.196413
  0.210334
  0.224848
  0.239986
  0.255779
  0.272253
  0.289429
  0.307322
  0.325937
  0.345273
  0.365315
  0.386035
  0.407395
  0.429341
  0.451808
  0.474718
  0.497983
   0.52151
  0.545199
  0.568951
  0.592669
  0.616264
  0.639654
  0.662769
   0.68555
  0.707954
  0.729947
  0.751512
  0.772641
  0.793336
  0.813612
  0.833486
  0.852987
  0.872145
  0.890997
  0.909581
   0.92794
  0.946116
  0.964155
    0.9821
