0.148546
0.126488
0.118033
0.115188
0.110869
0.106906
0.11508
0.112753
0.116275
0.128509
0.14352
0.149867
0.148846
0.148281
0.144516
0.144077
0.0372672
0.0191429
0.0193816
0.0188164
0.0182391
0.0157315
0.0102643
0.00800594
0.00815667
0.00860801
0.00861839
0.00896402
0.00962196
0.00926658
0.00984766
0.00932527
0.0103279
0.00998914
0.0101934
0.0102997
0.0100343
0.0094194
0.0103913
0.0104791
0.00974007
0.00930548
0.00930587
0.00926937
0.00942328
0.00942454
0.00948034
0.00931645
0.00922185
0.00885195
0.00956739
0.00933415
0.00951158
0.00937183
0.00934653
0.00901358
0.00890643
0.00844214
0.00875552
0.00880448
0.00852479
0.00806705
0.00851359
0.00874663
0.00879465
0.00887474
0.00803527
0.00805839
0.00842189
0.00818438
0.00787399
0.00772715
0.0079189
0.00819786
0.00845649
0.00815403
0.00812107
0.00807672
0.00785737
0.0078183
0.00755999
0.00791506
0.00785749
0.00794807
0.00805576
0.00762032
0.00757428
0.00790359
0.00771907
0.0082163
0.00777241
0.00751345
0.00753066
0.00785654
0.00784947
0.00789054
0.0076501
0.0078422
0.00741725
0.00772819
0.00746023
0.00802159
0.00760129
0.00821187
0.00776721
0.00771155
0.00791909
0.007689
0.00795487
0.00779678
0.00804735
0.00774565
0.00777655
0.00751382
0.00768438
0.00774885
0.00786611
0.00749922
0.00779269
0.00781885
0.00797497
0.00775025
0.0078211
0.00774762
0.00792834
0.00792127
0.00832277
0.00829818
0.0075503
0.0077377
0.00772133
0.0079425
0.00761593
0.00805163
0.00772031
0.00796591
0.00777594
0.00803124
0.00803231
0.00775324
0.00798921
0.00818408
0.00763791
0.00798737
0.00821557
0.00833566
0.00804758
0.0077794
0.00774826
0.00822028
0.00788578
0.00819169
0.00785096
0.00768285
0.00773728
0.00796109
0.00794738
0.00810204
0.00807587
0.00799844
0.00765144
0.0079679
0.00793738
0.00771296
0.00841043
0.0077902
0.00801618
0.00783036
0.00821399
0.00764663
0.00796861
0.0077963
0.00783704
0.0081234
0.00802104
0.00802334
0.00817017
0.00780742
0.00840788
0.00790299
0.00790589
0.00812359
0.00783101
0.00803508
0.00801327
0.00784763
0.00794001
0.00778536
0.00795928
0.00799391
0.00790148
0.00764605
0.00836036
0.00754589
0.00803983
0.00769013
0.00773247
0.0074412
0.00779904
0.00783162
