19.1019
19.3914
19.2532
18.8473
19.217
19.4795
19.6264
19.4792
19.389
18.6479
19.5577
18.854
19.3527
19.2825
19.1214
19.5557
19.431
19.557
18.932
18.9265
19.5548
18.8772
19.5695
19.4579
19.0541
18.8773
19.4776
17.9358
19.173
18.907
18.8175
18.7529
19.5772
18.1036
19.2852
18.9338
19.5854
18.5286
16.3575
19.2875
18.8755
19.1873
16.9693
18.6211
17.4265
18.4023
18.0139
18.0808
19.3536
16.4461
17.5308
16.5256
17.9843
16.8636
19.3244
17.7641
19.6403
19.2404
15.4057
18.9826
18.6135
16.9354
18.3886
16.8901
18.5097
19.284
16.8527
16.9112
17.129
19.371
13.2527
16.3531
18.6528
18.7021
18.3513
18.5452
16.8047
18.7457
16.5622
18.9665
17.2072
18.661
17.7545
18.947
18.6375
19.2359
19.3794
17.9629
18.7544
17.1873
16.8438
16.9981
19.3414
18.7208
18.1516
18.7045
18.6276
18.8646
16.4897
18.7638
18.3769
18.1757
18.5836
18.9022
17.9109
18.7675
19.054
19.6206
18.5254
18.6114
18.5063
19.2739
17.3151
19.0513
18.4262
16.7916
17.2303
18.1434
18.648
19.4643
18.6672
18.7954
19.0459
18.9956
18.7499
19.4313
17.2988
18.928
18.6505
17.5161
18.4788
18.3454
18.784
16.9906
18.6408
18.0837
18.3677
16.7905
16.8695
18.6856
16.9753
18.3981
17.3428
18.4942
18.6316
18.8648
18.91
16.2222
18.7893
17.9896
17.0372
17.4624
18.8496
17.4871
16.8722
18.7895
17.4448
18.8124
16.8796
17.1481
16.9017
17.0303
18.6015
17.2747
18.8306
17.7628
17.428
19.2357
16.6479
18.7122
16.927
17.5415
17.1909
16.9832
16.6918
17.0523
16.7707
18.9454
16.9284
16.2738
18.8618
18.401
16.8791
18.5982
16.9041
18.4967
17.8677
16.8718
16.6571
17.0132
18.9381
16.9988
18.7278
18.2552
16.8964
16.7847
18.0005
17.1414
17.1574
16.9704
