0.0124571
0.0116541
0.00937891
0.00967473
0.0115529
0.00759107
0.00674106
0.00434286
0.00259211
0.00535575
0.00459917
0.0051976
0.0056648
0.00588377
0.00517082
0.0051655
0.00476568
0.00481109
0.00456835
0.00463957
0.00529125
0.00462793
0.0044353
0.0041857
0.00445137
0.00462405
0.0041412
0.00458396
0.00449703
0.00478039
0.00433027
0.00449036
0.00405501
0.00440213
0.0042328
0.00496657
0.00472611
0.00452754
0.00419833
0.00419963
0.00377028
0.00399458
0.00427299
0.00395923
0.0039379
0.00436199
0.00440393
0.00406558
0.00436125
0.00426519
0.00409921
0.00423754
0.00446248
0.00432397
0.00422039
0.00436384
0.00420003
0.00408385
0.00421607
0.0044515
0.00428276
0.00458334
0.00459315
0.00478034
0.00470918
0.00497837
0.00488135
0.0049904
0.00480769
0.00487891
0.00477353
0.00474653
0.00492085
0.00500968
0.00479612
0.00480201
0.00506735
0.00492629
0.00527897
0.00516309
0.00532644
0.00511174
0.00544447
0.00537784
0.00515487
0.00534979
0.00547698
0.00535638
0.00568655
0.00541064
0.00526727
0.00551877
0.00582113
0.00560753
0.00560382
0.00559998
0.00553895
0.00566055
0.0056553
0.00596068
0.00590299
0.0061347
0.00593344
0.00595579
0.00606702
0.00594413
0.0059092
0.00614172
0.00632183
0.00613596
0.00608007
0.00607433
0.006244
0.00628715
0.00624963
0.00627169
0.00624606
0.00620872
0.00636607
0.00641253
0.00646298
0.0064294
0.00643364
0.0062019
0.00635773
0.00647964
0.00657067
0.00626147
0.00669374
0.00642939
0.00640254
0.00618576
0.00633431
0.00645219
0.00649717
0.00638744
0.00649767
0.00634775
0.00646787
0.00628034
0.00638374
0.00680578
0.00638887
0.0068555
0.00679673
0.00675651
0.00670913
0.00677567
0.0065117
0.00677816
0.00674396
0.00668652
0.00665017
0.00685369
0.00678489
0.00679765
0.00678225
0.0066834
0.00701119
0.00679384
0.00674247
0.00686934
0.00677446
0.0066784
0.00668855
0.0069462
0.00693997
0.00700726
0.00672253
0.00650927
0.00707652
0.00695108
0.0068539
0.00677191
0.00683836
0.00676516
0.00682495
0.00703832
0.00703456
0.0069006
0.00677144
0.00696085
0.00694721
0.00718641
0.00717066
0.00703315
0.00729245
0.00728584
0.00715914
0.00700422
0.00695777
0.00687427
0.00735936
0.00701874
0.00698336
0.0071452
0.00738584
0.00699673
0.00726465
0.00732458
