1.4913
1.40865
1.43361
1.37464
1.43966
1.39273
1.43463
1.39502
1.4538
1.43863
1.46187
1.44343
1.39473
1.43917
1.44509
1.44908
1.37958
1.39205
1.45488
1.31676
1.4503
1.43511
1.48957
1.41414
1.42885
1.45247
1.31888
1.48035
1.39321
1.45479
1.44846
1.45013
1.44339
1.44532
1.4871
1.45187
1.47801
1.44722
1.37548
1.48387
1.44875
1.39685
1.47067
1.47765
1.45312
1.36734
1.4894
1.49806
1.48312
1.4646
1.3887
1.4577
1.48345
1.45913
1.46568
1.49424
1.48582
1.47983
1.45089
1.49026
1.493
1.4811
1.49521
1.46749
1.48355
1.4898
1.48854
1.46232
1.43831
1.47491
1.49507
1.49193
1.48546
1.4906
1.48652
1.47126
1.4644
1.4926
1.4796
1.49078
1.50132
1.4944
1.49189
1.48265
1.46139
1.49166
1.49128
1.48918
1.48154
1.46179
1.47307
1.48016
1.47833
1.4962
1.49547
1.48699
1.42015
1.49796
1.49341
1.48419
1.43385
1.48004
1.46891
1.40297
1.4274
1.50229
1.47143
1.44755
1.45338
1.45329
1.42319
1.43741
1.41288
1.44994
1.45637
1.49695
1.42537
1.48642
1.41001
1.48548
1.47201
1.49988
1.42346
1.47865
1.4215
1.43599
1.42004
1.46093
1.45735
1.47622
1.50019
1.38391
1.50422
1.48895
1.48829
1.49214
1.43038
1.45759
1.49052
1.46409
1.50023
1.45887
1.49512
1.42832
1.48096
1.48895
1.39944
1.49805
1.45774
1.43648
1.49621
1.4705
1.47363
1.49175
1.4487
1.49424
1.43235
1.4928
1.49871
1.48556
1.44566
1.48583
1.42923
1.45661
1.49011
1.42463
1.48385
1.46994
1.43199
1.44937
1.47123
1.42555
1.46433
1.49358
1.4402
1.44533
1.42299
1.4137
1.39664
1.44004
1.42296
1.43723
1.43791
1.41982
1.50226
1.49564
1.47112
1.43032
1.48417
1.52534
1.46797
1.49581
1.50235
1.42264
1.50853
1.42942
1.42593
1.49296
1.44569
1.42595
