1.38016
1.44455
1.46461
1.36902
1.34196
1.29492
1.43785
1.35258
1.24628
1.4375
1.32353
1.31799
1.45109
1.46255
1.45949
1.42298
1.44892
1.4611
1.32937
1.45073
1.60236
1.48112
1.3713
1.36557
1.49127
1.56397
1.59302
1.47082
1.40816
1.55643
1.65202
1.43167
1.48561
1.5482
1.43933
1.51228
1.56183
1.55356
1.49056
1.49258
1.45617
1.58464
1.49271
1.59154
1.59565
1.56466
1.4956
1.57874
1.49848
1.58334
1.4963
1.61687
1.518
1.47936
1.4908
1.60124
1.58931
1.47617
1.59096
1.58153
1.54507
1.57838
1.54554
1.5434
1.53138
1.56981
1.52862
1.54079
1.60151
1.56943
1.54244
1.59452
1.59987
1.60887
1.59122
1.61223
1.62807
1.5301
1.63135
1.63895
1.61805
1.5819
1.59226
1.48468
1.54708
1.57438
1.67729
1.57003
1.53458
1.64586
1.67231
1.59784
1.6234
1.57931
1.65236
1.54268
1.61807
1.59241
1.64524
1.65622
1.66749
1.62023
1.61257
1.58025
1.62405
1.5977
1.59815
1.64455
1.54776
1.59047
1.63972
1.60401
1.64031
1.65233
1.63013
1.6386
1.60358
1.64718
1.59995
1.56964
1.62519
1.52648
1.66685
1.60368
1.65266
1.6082
1.57008
1.58144
1.60456
1.62127
1.60838
1.56754
1.58679
1.58634
1.57089
1.65221
1.64727
1.61827
1.51196
1.63276
1.63152
1.5648
1.67351
1.69457
1.61384
1.6068
1.57712
1.57971
1.63818
1.56157
1.61177
1.58177
1.5954
1.65018
1.5514
1.53406
1.61103
1.59604
1.60724
1.70941
1.65143
1.54884
1.59791
1.59778
1.6007
1.57798
1.55971
1.56789
1.57659
1.70118
1.58543
1.53522
1.63428
1.59824
1.66785
1.67645
1.60977
1.66139
1.59177
1.59666
1.64196
1.61953
1.59152
1.53334
1.6784
1.73568
1.6621
1.59749
1.7
1.64732
1.70675
1.6411
1.69847
1.61919
1.68177
1.66784
1.56315
1.56594
1.65125
1.62164
