0.940564
0.560709
0.545763
0.566249
0.559269
0.560371
0.56556
0.544887
0.553253
0.562956
0.638992
0.721853
0.720419
0.715597
0.68551
0.697598
0.712728
0.689434
0.713277
0.727376
0.729212
0.713159
0.760777
0.84976
0.854005
0.898175
0.895914
0.853677
0.854967
0.853871
0.844544
0.788806
0.782827
0.80796
0.813122
0.808081
0.792492
0.769788
0.776167
0.763752
0.737896
0.749903
0.756662
0.73234
0.737301
0.724698
0.708721
0.708534
0.71916
0.365318
0.0580866
0.0340579
0.0278417
0.0279537
0.0242228
0.0222951
0.0231849
0.0233224
0.0238608
0.023087
0.0228874
0.023746
0.0228759
0.0223937
0.0214698
0.0227867
0.0230653
0.0216756
0.0223946
0.0219094
0.0230237
0.0217295
0.0219044
0.0229
0.0221361
0.0226784
0.0229809
0.0224705
0.0215745
0.0218149
0.0210044
0.0228147
0.0214437
0.0217412
0.0214692
0.0215744
0.0225633
0.020863
0.0212995
0.0203176
0.0221568
0.0220122
0.0210637
0.0209698
0.0208208
0.0203344
0.0212962
0.0204194
0.0200827
0.0204735
0.0207496
0.020964
0.0201701
0.020726
0.0209299
0.0201636
0.0196783
0.0213652
0.0204753
0.0201384
0.0202755
0.0201808
0.02128
0.0204357
0.021141
0.0202129
0.0205354
0.0195783
0.0197496
0.0195868
0.0195028
0.020165
0.0193371
0.0202515
0.0194766
0.01889
0.0190429
0.0196438
0.0196071
0.0191759
0.0190071
0.0188562
0.0196285
0.0199154
0.0195781
0.018316
0.0193663
0.0182676
0.0189836
0.0175684
0.0197045
0.0178814
0.0179918
0.0184153
0.0186142
0.0188507
0.0182663
0.0179797
0.0183633
0.0180922
0.0175392
0.0181292
0.018606
0.0183318
0.018441
0.0174783
0.0173157
0.0184162
0.0176982
0.0181764
0.0178391
0.0174363
0.0171732
0.0177483
0.0181537
0.0174541
0.01784
0.0173957
0.0173287
0.0170778
0.0179892
0.0166097
0.0172169
0.0172806
0.0165399
0.0179195
0.0172506
0.017458
0.0172311
0.0178474
0.0166657
0.0175199
0.0171867
0.0174406
0.0165053
0.0162143
0.0169591
0.0167148
0.0167916
0.0157459
0.0158553
0.0159572
0.0158833
0.0169597
0.0164574
0.0160099
0.0167399
0.0158436
0.0162425
0.0158846
