15.1898
16.2828
16.4145
16.2582
16.5145
16.3957
17.2877
16.4587
15.8314
16.4083
16.1887
15.5888
16.3721
15.7545
16.1339
16.6776
16.4591
17.4793
18.3421
9.42277
2.68779
2.67033
2.60392
2.36932
2.32773
1.90707
1.84461
1.62391
1.37973
1.42875
1.44869
1.18501
1.45675
1.39255
1.24244
1.05983
1.39109
1.44118
1.44847
1.55031
1.64926
1.61163
1.58151
1.60595
1.6047
1.53579
1.59826
1.60355
1.57322
1.58944
1.58143
1.58205
1.54143
1.5975
1.58433
1.61991
1.59054
1.58884
1.60396
1.60574
1.62007
1.66895
1.59922
1.57374
1.57106
1.60385
1.54579
1.61869
1.63621
1.56335
1.60112
1.65229
1.65567
1.58849
1.61559
1.63413
1.55529
1.57838
1.6343
1.58103
1.65721
1.6139
1.65497
1.63864
1.66485
1.59822
1.63572
1.5837
1.64278
1.61009
1.59363
1.62799
1.59515
1.59491
1.64215
1.54964
1.62532
1.62286
1.62201
1.59993
1.64502
1.61483
1.57206
1.61715
1.60908
1.57467
1.58858
1.5559
1.61441
1.57156
1.60226
1.56543
1.51854
1.51473
1.5884
1.5449
1.56011
1.53111
1.62835
1.60828
1.54988
1.4737
1.53418
1.53435
1.52942
1.55089
1.49126
1.55393
1.53156
1.52293
1.54186
1.50722
1.55705
1.56974
1.53029
1.51993
1.50252
1.54225
1.55018
1.48744
1.55314
1.53187
1.51429
1.48984
1.54219
1.50698
1.46844
1.5413
1.5134
1.50886
1.48236
1.53866
1.46743
1.52867
1.5002
1.51405
1.51632
1.5125
1.50098
1.48371
1.4413
1.51309
1.54305
1.49576
1.50493
1.50336
1.46039
1.52023
1.46236
1.53334
1.51139
1.46971
1.43899
1.50118
1.48482
1.48119
1.44021
1.47139
1.44139
1.47874
1.45878
1.51681
1.51973
1.51769
1.45358
1.4411
1.48107
1.43341
1.46944
1.43809
1.43099
1.43975
1.45356
1.43313
1.4344
1.38987
1.42329
1.48235
1.43718
1.44261
