18.5085
18.5101
18.1403
18.587
18.5801
18.5431
18.7901
18.0596
18.2942
18.4823
18.5467
18.5301
18.1637
18.5514
18.4746
18.288
18.5474
18.3037
18.2587
18.4328
18.1191
18.215
17.8104
18.1294
18.4052
18.1966
18.4256
18.7518
18.4895
18.0454
16.3664
18.3145
18.5269
17.8791
18.4897
18.5513
17.7296
17.496
17.7297
17.1739
17.4114
18.4532
17.2548
18.0987
18.1183
18.4301
16.6589
17.3945
18.4983
17.125
17.8036
18.6056
18.3145
16.1661
17.7517
18.1223
18.0073
18.519
18.458
18.253
18.2989
16.9954
18.2629
16.5299
16.1826
17.7203
16.1478
16.6578
18.2807
18.788
17.5964
16.6056
17.8461
18.4153
16.4551
17.2271
16.0665
16.5573
17.7769
15.9122
16.1682
17.37
17.2442
16.6371
15.4586
18.3311
16.9648
16.1701
16.256
17.9882
16.6595
16.2055
16.2134
16.45
16.9623
16.3685
17.8524
18.387
16.299
17.1451
17.0743
18.0668
15.8559
16.4965
16.2885
16.2524
17.4152
16.1855
18.4218
17.4675
16.3064
15.9906
15.8948
15.5254
16.0972
15.815
15.8753
16.8121
16.1553
18.55
17.6538
17.4342
18.2255
16.1301
17.066
18.7163
18.0868
16.0327
17.4286
17.868
17.9292
17.1461
17.7731
16.1269
16.2906
16.9852
15.8471
16.165
16.0489
16.025
17.014
17.4001
17.6093
17.1487
16.4463
16.3461
17.1958
16.0685
18.101
18.2736
17.6172
16.4094
16.2874
16.5411
15.9621
18.497
15.9391
18.7767
16.254
17.3072
17.0758
15.9831
18.5615
16.1156
17.578
15.6476
17.0195
16.1331
16.4763
17.5336
16.0289
17.675
16.683
18.5174
17.7725
15.8843
15.8079
18.2164
17.4065
15.8573
16.3509
18.9976
16.4775
16.3261
15.928
16.1297
17.5761
17.7098
16.3224
16.2187
16.1363
16.2429
16.2891
17.6023
16.4791
16.182
16.4975
16.3042
17.2504
17.6979
