10.0617
10.1104
10.1097
10.1406
10.1327
10.1092
10.1388
10.1402
10.1017
10.1116
10.0724
10.0804
10.1438
10.1263
10.0925
10.1357
10.106
10.1127
10.0904
10.075
10.1268
10.1138
10.1437
10.0265
10.1056
10.1169
10.086
10.0602
10.0894
9.97021
10.0366
10.084
10.1249
10.1187
10.1153
10.0824
10.108
10.046
10.1163
10.0559
10.0694
10.1101
10.0741
10.052
9.98874
9.95521
9.98354
10.0733
9.97636
10.0589
10.1193
10.0531
10.0455
10.0906
9.98995
10.0943
10.0776
9.94564
10.041
10.0116
10.1244
10.0142
9.95239
10.0821
9.96373
9.99045
9.96453
10.0702
10.1276
10.0238
9.94764
9.96048
10.0843
10.0273
10.0308
10.1043
10.0652
10.1154
10.1376
10.0884
10.0368
10.1282
10.0913
10.0945
10.1198
10.0549
10.119
10.0264
10.1233
10.1411
10.0826
10.0795
10.0789
10.0757
10.1358
10.0867
10.139
10.0161
10.0792
10.0889
10.1048
10.1242
10.1306
10.0486
10.0417
10.1349
10.081
10.1359
10.104
10.1376
10.1263
10.1148
10.1193
10.1284
10.1169
10.1296
10.0927
10.0946
10.1276
10.133
10.1291
10.0805
10.1191
10.0088
10.0369
10.057
10.1416
9.99396
10.0863
10.0302
10.0629
10.1218
10.062
10.1391
10.113
10.1062
10.0796
10.131
10.1427
10.0628
9.9515
10.041
10.0501
10.0447
10.015
10.1474
10.0271
10.0036
10.0446
10.0866
10.0222
10.0997
10.0419
10.0867
10.0632
10.0451
10.0318
9.98062
9.91476
10.1468
10.0544
10.1075
10.0268
9.96809
9.91563
9.98983
9.97596
9.96922
9.98131
10.0299
9.96626
10.0109
10.1345
10.1078
10.0872
9.95383
10.083
9.96224
10.0731
10.0408
9.99939
10.0927
10.0259
10.0042
10.1401
10.0827
9.97846
10.018
10.0419
10.0478
10.0497
9.99049
10.044
10.065
10.1034
10.0291
10.0452
9.99819
9.96261
9.93709
