0.373237
0.377709
0.373661
0.365637
0.346283
0.344936
0.333611
0.316491
0.314142
0.29919
0.302549
0.304857
0.294056
0.304793
0.299603
0.298147
0.290183
0.306732
0.300057
0.317776
0.30637
0.326668
0.314871
0.327706
0.325226
0.330941
0.343826
0.340641
0.333721
0.345262
0.339407
0.335908
0.332064
0.337998
0.337032
0.352461
0.347742
0.342755
0.355565
0.344665
0.355511
0.3532
0.357888
0.349912
0.358133
0.35919
0.356662
0.352513
0.354877
0.361349
0.364879
0.359919
0.35769
0.363617
0.370394
0.374423
0.373572
0.37269
0.365884
0.370707
0.378921
0.380575
0.381871
0.371533
0.369459
0.3781
0.383315
0.383046
0.37662
0.375798
0.370047
0.381934
0.372686
0.387611
0.379789
0.365353
0.364357
0.37996
0.37662
0.385776
0.3678
0.356791
0.359277
0.362568
0.368153
0.367103
0.362607
0.37129
0.363068
0.379788
0.366539
0.363845
0.3573
0.360215
0.357244
0.351941
0.354728
0.347104
0.351321
0.351119
