3.01128
3.03943
3.43428
3.81622
3.73812
3.40441
3.7193
3.98228
4.64691
5.27436
4.69406
6.80356
4.29776
4.90007
3.80637
4.05217
4.83706
3.51047
5.05857
4.62978
3.98184
5.01473
4.69035
4.64057
4.31043
11.7118
7.09895
6.12668
5.57241
3.2354
4.92026
4.77747
4.74402
3.40565
5.08237
8.07512
3.4354
4.39396
4.71325
5.1674
5.08441
4.76508
5.0108
3.72051
3.55001
5.00762
5.01689
5.01026
4.47149
5.16148
7.62801
4.81138
8.05844
9.8183
6.50815
5.87818
6.52736
9.33501
9.92661
9.83728
9.83728
9.82253
9.82253
9.82253
9.85138
9.83202
9.82253
10.1668
9.82253
9.82794
9.82794
9.83728
9.87025
9.83202
9.82794
9.83728
9.82253
10.1702
9.83202
9.83337
9.83202
9.96242
9.83728
9.83202
9.83999
9.85751
9.84808
9.87169
9.83202
9.88794
9.83728
9.84318
10.2175
9.83202
9.85751
9.83202
9.91503
9.83314
12.2345
9.85199
