0.0125217
0.011234
0.0106462
0.0114533
0.0116994
0.0113903
0.0112703
0.00808315
0.00297508
0.00356312
0.00477233
0.00458397
0.00281266
0.00117124
0.00324842
0.00262752
0.0028713
0.00283426
0.00276963
0.00315266
0.00303061
0.0031539
0.00273615
0.00221602
0.00241816
0.00195955
0.00210772
0.00202571
0.0020123
0.00195102
0.00166953
0.00178955
0.00205199
0.00196019
0.00212637
0.00188291
0.00199215
0.00202766
0.0017686
0.00200396
0.00187146
0.00196862
0.00183643
0.00213532
0.00213377
0.0021453
0.00240795
0.00229088
0.00244509
0.00218786
0.0022114
0.00230669
0.00220511
0.00252652
0.00238662
0.00231909
0.00245663
0.00239412
0.00239092
0.00258811
0.00252037
0.00249017
0.0023737
0.00269177
0.00244737
0.00264415
0.00254665
0.00248336
0.0026244
0.00236205
0.00244104
0.00257381
0.0025242
0.00242689
0.00247435
0.00251006
0.00249399
0.00251943
0.00255936
0.00255421
0.00258901
0.00237786
0.00252843
0.00258355
0.00261326
0.00261272
0.00276148
0.00257389
0.00259687
0.00265242
0.0026355
0.00278
0.00257963
0.00265528
0.00275925
0.0026424
0.00264506
0.00278008
0.00275514
0.00278708
0.00280772
0.00286619
0.00296855
0.00288193
0.00285128
0.00296097
0.00281466
0.00288971
0.0029236
0.00290778
0.00278383
0.00300207
0.0029192
0.00301364
0.00300735
0.00309054
0.00294329
0.00304717
0.00310323
0.00311231
0.00313698
0.00302998
0.00313121
0.00311414
0.00309005
0.0030239
0.00316239
0.00324726
0.00326867
0.00350319
0.00317044
0.00322499
0.00316322
0.0030947
0.00313988
0.00320651
0.00304838
0.0031951
0.0031891
0.00326204
0.00337652
0.00330239
0.00324631
0.00331448
0.00323817
0.00332238
0.00326539
0.00324279
0.00324022
0.00341393
0.00331818
0.00342529
0.00346844
0.00333557
0.00339287
0.00334717
0.00345101
0.0034431
0.00332427
0.00332479
0.0033147
0.00339196
0.00339212
0.00331611
0.00350449
0.00339735
0.00356152
0.0034579
0.00347001
0.0034712
0.00347778
0.00339853
0.00337652
0.00352995
0.00352351
0.00351134
0.00361282
0.00333637
0.00358741
0.00349445
0.00356526
0.00354229
0.00346399
0.00352756
0.00363209
0.0034824
0.00337938
0.0035171
0.00354919
0.00345541
0.00341022
0.00362877
0.00353836
0.00355929
0.00365569
0.00364514
0.00363303
0.00368108
0.00368568
0.00351621
