1.22844
1.29887
1.41132
1.45829
1.52648
1.49462
1.43325
1.3239
1.20622
0.804096
0.441364
0.289779
0.281754
0.326352
0.34649
0.381673
0.401993
0.406907
0.376504
0.392634
0.410905
0.425458
0.412697
0.437928
0.409481
0.30586
0.284531
0.359963
0.372369
0.352912
0.371139
0.367242
0.378945
0.420374
0.400547
0.371989
0.364899
0.384919
0.382998
0.400703
0.375955
0.394317
0.393126
0.400798
0.389425
0.397855
0.405615
0.400318
0.378965
0.425953
0.409591
0.43812
0.448364
0.450387
0.494439
0.494947
0.463577
0.514536
0.515632
0.503511
0.546229
0.525699
0.551595
0.545455
0.540308
0.574482
0.54587
0.570769
0.57955
0.592605
0.554502
0.575165
0.571121
0.566356
0.587695
0.558591
0.582111
0.580216
0.579621
0.567603
0.57913
0.582472
0.561682
0.567547
0.55084
0.566589
0.537004
0.569608
0.539929
0.564208
0.54642
0.530036
0.565199
0.547847
0.563125
0.569692
0.53887
0.543395
0.555545
0.532578
0.528565
0.553157
0.54174
0.499589
0.518009
0.531197
0.534542
0.555672
0.523552
0.551751
0.564674
0.523626
0.557277
0.551776
0.552621
0.552202
0.553478
0.545059
0.56469
0.553351
0.564138
0.567787
0.555676
0.547567
0.569999
0.569018
0.551694
0.564421
0.556656
0.548011
0.550585
0.525422
0.565739
0.575546
0.57414
0.574231
0.563125
0.548487
0.570874
0.568846
0.554147
0.546348
0.558881
0.581175
0.558582
0.553847
0.570395
0.552462
0.566726
0.578342
0.555681
0.572564
0.566301
0.584213
0.575151
0.592073
0.601016
0.582478
0.5606
0.593232
0.56485
0.57551
0.601817
0.606703
0.592291
0.593911
0.600239
0.589493
0.580274
0.566326
0.563463
0.583283
0.575348
0.57588
0.618578
0.594258
0.579213
0.596783
0.577032
0.591682
0.58787
0.564985
0.575207
0.59421
0.592598
0.579913
0.594594
0.579851
0.591076
0.588541
0.579341
0.60331
0.572536
0.588265
0.573728
0.589501
0.613992
0.560258
0.588635
0.566954
