17.7256
13.7316
14.3744
13.962
16.4878
15.6392
13.7316
15.4008
15.8876
17.4102
14.6251
13.2358
16.0137
17.6866
15.2856
17.3027
14.5532
15.063
15.4872
16.1044
17.6479
14.9788
15.4333
15.7664
14.3369
15.6601
15.7303
16.3693
17.8985
14.4889
16.8188
15.8877
14.3698
16.7284
17.4144
15.4208
16.6519
15.7234
16.7037
18.5263
16.8422
16.9449
16.405
18.3458
17.9757
15.6227
15.9216
16.5277
16.3451
16.2041
16.3737
15.8703
15.9745
16.6723
16.6986
16.5907
16.3496
16.259
15.9995
16.0609
15.5326
16.408
15.6453
15.9995
16.0017
15.6666
16.9267
15.8112
14.5933
15.9057
15.1211
16.4819
15.573
15.6589
16.2081
15.8712
15.858
15.685
15.711
15.7121
15.587
15.76
16.1946
15.3408
15.6301
16.549
14.5803
15.2787
15.6051
15.1186
16.3747
15.1727
15.3426
14.8582
15.4477
16.1543
16.3562
15.3679
15.3785
14.9075
