1078.76
1381.62
1335.45
1332.11
1382.54
1426.03
1395.58
1359.11
1358.78
1335.2
1326.03
1302.08
1294.18
1247.15
1315.9
1284.33
1291.26
1278.45
1277.58
1247.48
1231.45
1222.23
1209.95
1196.22
1236.65
1259.86
1196.8
1186.72
1146.37
1131
1149.96
1174.86
1152.25
1160.12
1156.35
1140.96
1122.68
1154.51
1136.64
1158.61
1118.76
1128.56
1105.04
1106.32
1125.06
1104.63
1161.93
1111.73
1091.62
1087.03
1108.73
1101.75
1081.67
1081.12
1091.85
1126.11
1101.29
1091.44
1106.24
1132.88
1159.64
1120.73
1132.27
1109.76
1107.04
1097.43
1106.86
1098.15
1108.01
1078.82
1077.49
1054.91
1046.37
1053.14
1035.77
1053.03
1048.33
1022.01
1018.03
1001.52
990.884
994.498
983.243
959.362
965.876
973.717
967.698
925.938
942.787
936.417
924.496
919.824
920.904
911.883
913.251
932.167
892.339
890.041
903.968
876.68
855.623
867.842
875.356
846.814
851.996
853.877
853.21
841.695
815.881
820.956
837.007
826.199
797.693
808.997
798.914
801.07
798.952
789.162
793.057
775.897
777.959
777.978
766.832
765.206
758.261
754.728
738.092
745.971
740.444
740.859
721.917
714.511
727.167
714.074
711.743
707.592
696.87
689.447
697.392
711.577
701.745
671.902
686.341
659.866
683.867
658.262
664.443
650.329
668.287
664.06
654.047
666.166
623.844
660.773
641.236
632.607
641.714
626.559
627.851
650.531
641.343
624.017
630.674
615.19
602.602
620.334
606.215
606.041
589.503
603.337
581.603
596.396
589.034
604.932
592.293
593.779
566.743
577.332
593.339
568.975
554.386
573.908
560.549
573.124
565.35
549.648
557.297
571.643
548.172
539.973
539.347
559.178
557.565
545.3
544.976
527.314
551.244
547.648
543.592
526.272
