0.0134028
0.0283265
0.0414305
0.0553534
0.0700582
 0.083246
0.0976804
 0.112103
 0.125741
 0.140514
 0.154808
 0.169087
 0.184004
 0.198457
  0.21335
 0.228327
   0.2432
 0.258538
 0.273648
 0.289043
 0.304637
 0.320047
 0.335889
 0.351625
 0.367479
  0.38358
 0.399462
 0.415777
 0.431941
 0.448052
  0.46469
 0.480798
 0.497219
 0.513936
 0.529985
   0.5467
 0.563246
  0.57932
 0.596174
 0.612396
 0.628584
 0.645321
  0.66121
 0.677522
 0.693884
 0.709533
 0.725884
 0.741699
 0.757236
 0.773478
 0.788693
 0.804228
 0.820205
 0.834873
 0.850487
 0.866073
 0.880327
 0.896067
 0.911189
 0.925223
 0.941091
 0.955744
 0.969784
 0.985736
