105.439
105.451
105.478
105.462
105.547
105.362
105.475
105.431
105.414
105.246
105.217
105.471
105.427
105.429
105.156
105.443
105.549
105.239
105.439
105.221
105.392
105.452
105.39
105.492
105.432
105.466
105.436
105.17
105.437
104.699
105.444
105.404
105.24
105.035
105.288
105.439
105.565
104.863
105.456
105.444
105.418
105.428
105.201
105.041
105.359
105.128
104.951
105.216
104.372
104.361
104.117
104.38
104.606
104.524
103.836
104.281
104.611
104.474
105.027
105.052
104.459
104.052
102.788
102.756
103.284
103.661
105.16
103.995
103.588
103.816
102.469
104.478
102.126
105.265
103.438
103.22
104.694
102.504
104.011
101.717
102.988
103.353
103.297
104.034
103.945
103.516
101.32
102.257
104.164
102.674
104.429
101.091
100.657
100.463
101.637
102.727
101.587
103.986
103.507
101.659
102.761
100.929
102.257
101.054
100.188
101.977
100.713
101.07
100.655
103.09
101.991
100.808
102.778
102.682
101.024
98.9175
100.667
102.955
101.415
101.763
103.114
100.081
101.206
100.427
100.651
102.031
99.4709
100.402
100.71
100.353
99.1895
100.969
99.3456
101.065
101.216
100.143
99.376
99.4935
99.4955
99.7127
98.0488
98.4163
97.7772
100.055
99.5461
97.1797
99.6682
99.9699
101.045
100.413
101.272
99.425
100.617
97.7565
99.236
100.613
100.469
99.304
98.252
97.8182
98.1168
100.351
97.8801
97.3356
98.0441
99.4206
99.572
94.5796
104.72
96.2276
102.838
97.4112
100.805
98.7515
102.076
98.863
98.5809
96.4795
99.6241
97.2697
98.3945
100.04
97.6609
99.7063
99.3977
100.209
98.9035
97.9651
95.4308
99.1986
100.904
97.4241
96.601
102.231
96.628
101.947
100.338
98.5291
98.4839
97.6709
