10.9259
10.768
10.5404
11.0674
10.4854
10.7178
9.90054
11.3434
10.6741
10.0767
10.3119
11.1878
11.3431
10.9264
11.1224
10.9682
10.5672
11.4013
10.4587
10.9594
10.8594
10.7737
10.6733
11.3336
11.182
10.5252
11.1876
9.68743
11.2722
10.8326
11.1691
11.2737
11.2572
10.758
10.8754
11.2228
10.9433
11.0585
11.0771
10.8502
10.4153
11.3294
10.9556
10.6612
11.4367
11.0988
10.8486
11.4039
11.3269
11.0104
11.2242
10.9831
10.8548
10.9118
10.9837
11.1048
11.1428
10.8368
10.7174
10.6838
10.7493
11.0586
11.1587
11.2155
11.3339
10.8939
11.2185
11.1867
11.1782
11.2428
11.2469
10.7214
10.9106
11.0411
11.2347
11.4088
11.3242
11.1716
10.7922
10.7685
10.8191
11.105
11.1709
11.214
11.2509
10.838
11.2773
10.9444
11.3766
10.833
10.8255
11.3249
11.3708
11.4004
10.6687
10.7724
11.3858
10.6871
10.8509
11.4187
10.7303
11.1783
11.2748
10.7556
10.6818
10.7969
11.2698
10.9897
10.7563
11.4466
10.8562
11.1894
10.8696
11.0241
10.8029
11.3769
11.2888
11.2407
11.4066
10.7713
10.7819
11.3033
11.3682
11.1321
11.2888
10.3899
10.8229
10.8292
11.253
10.7494
11.4125
10.2218
11.4002
10.8205
10.827
10.7784
10.7618
10.2936
11.1212
10.3366
10.4095
10.8024
8.35092
10.8498
10.6608
11.0713
10.7855
10.5517
10.4343
10.7649
10.7919
10.7391
10.7417
10.7225
11.31
10.8326
11.163
11.1508
10.4825
11.0988
10.4069
10.8904
10.8454
10.8245
10.5486
11.0762
11.0946
10.9135
11.3477
10.7946
10.8062
10.8033
10.7512
10.6862
10.6987
10.7707
10.6814
11.2847
10.706
10.778
10.6638
11.2907
11.282
10.6415
10.9539
10.7484
10.8844
10.4409
10.654
10.8804
10.9517
10.767
10.6657
10.8646
10.924
10.7274
11.2956
11.2014
11.114
10.8146
