10.9818
10.6394
8.24783
8.96853
13.5477
11.9557
13.7086
10.3721
9.21993
8.7383
13.1123
10.6144
9.05269
10.131
10.7199
9.4828
9.10441
10.3321
9.31282
10.6109
10.3319
10.601
11.8753
14.2434
10.5626
10.1105
13.0605
10.0773
10.4468
10.7347
9.71401
11.8408
9.95711
10.3416
11.8809
11.8953
10.7835
12.8093
11.0222
10.9211
10.9857
10.7683
12.5764
12.0644
12.3919
9.99534
10.9039
10.434
11.143
12.4677
11.2446
11.3614
10.6264
11.7516
11.512
11.2098
10.6421
10.9795
12.066
10.578
12.5798
11.7763
11.2
11.2478
12.0833
12.2885
12.1633
12.8263
11.0829
12.4873
11.9738
12.9959
11.0286
12.5478
12.3539
11.7249
12.7785
11.6132
12.4825
11.6074
12.3838
12.6409
12.7011
12.0008
12.5761
12.4666
11.9933
11.0851
12.8154
12.2134
12.2516
12.1552
12.4282
12.7431
11.3907
11.2749
12.193
11.6058
12.7373
12.3571
