12.615
12.2254
10.6864
10.8279
10.6966
11.3163
10.7154
10.8627
10.6294
10.6944
5.05853
0.975857
0.974083
0.971293
0.955099
0.923132
0.8931
0.74897
0.667146
0.515355
0.382729
0.324266
0.270972
0.29839
0.273184
0.275053
0.270958
0.259439
0.288884
0.295889
0.297033
0.308645
0.287439
0.253621
0.285469
0.290544
0.313987
0.324484
0.319021
0.344732
0.34367
0.360381
0.342441
0.353197
0.347456
0.353763
0.363579
0.375963
0.364533
0.372583
0.374057
0.367395
0.360149
0.348223
0.371626
0.384039
0.389895
0.382011
0.365129
0.336058
0.279469
0.378235
0.371221
0.365314
0.354593
0.346704
0.370798
0.343709
0.358069
0.370187
0.369214
0.382616
0.368612
0.360718
0.343295
0.357506
0.397748
0.354815
0.381194
0.364822
0.359533
0.378128
0.369135
0.3796
0.359024
0.367874
0.375518
0.376693
0.368343
0.363148
0.384
0.369482
0.364554
0.376097
0.354168
0.363978
0.365981
0.343405
0.350441
0.347416
0.348082
0.343355
0.342046
0.335124
0.335899
0.325417
0.334054
0.3317
0.338782
0.326172
0.322105
0.326852
0.326346
0.325714
0.340059
0.307167
0.331249
0.324317
0.324165
0.317065
0.324519
0.346236
0.322398
0.307635
0.330432
0.3373
0.31759
0.326123
0.329863
0.3112
0.312033
0.3242
0.333458
0.30859
0.321073
0.319217
0.318633
0.305841
0.315916
0.318315
0.302389
0.323243
0.301102
0.304216
0.310288
0.297221
0.29926
0.317757
0.30869
0.305597
0.311062
0.30687
0.296809
0.290288
0.293616
0.300812
0.292732
0.303561
0.298359
0.304656
0.301738
0.301626
0.290402
0.320024
0.298572
0.298693
0.309454
0.303908
0.290601
0.295593
0.302388
0.296315
0.298782
0.293772
0.291961
0.30906
0.305243
0.295535
0.304456
0.293301
0.288979
0.28659
0.28555
0.284648
0.285999
0.302423
0.287591
0.310437
0.297316
0.298302
0.286772
0.302449
0.291135
0.288719
0.282166
0.297385
0.284685
0.271236
0.287602
0.272484
