0.142251
0.10184
0.0171508
0.0180409
0.0187606
0.0183685
0.0192113
0.0188963
0.0188567
0.0187156
0.0181121
0.0182164
0.0187965
0.0189647
0.0186939
0.0191921
0.0195194
0.0183056
0.0186272
0.0192661
0.0189018
0.0197813
0.018743
0.0193696
0.0184355
0.0190489
0.0196797
0.019238
0.0190427
0.0193599
0.0191377
0.0189967
0.018716
0.018421
0.0181687
0.0182316
0.0186582
0.0191379
0.0187044
0.0185497
0.0181963
0.0180906
0.0161027
0.0144497
0.0150276
0.0148366
0.0142401
0.0149847
0.014405
0.0141567
0.0143463
0.013622
0.014403
0.0135458
0.0139788
0.0138865
0.0132685
0.0136024
0.0132248
0.0130279
0.0130198
0.013583
0.0131156
0.0131325
0.0130091
0.0128332
0.0125202
0.0120661
0.0124786
0.0129764
0.0123455
0.0119216
0.011954
0.011373
0.0112642
0.0115374
0.0115226
0.0109348
0.0113049
0.0116668
0.0112671
0.0114124
0.0111691
0.0103996
0.0102819
0.0102324
0.010089
0.00963774
0.00972534
0.0103519
0.0101279
0.00995719
0.00984327
0.00970613
0.00980072
0.00953309
0.0104553
0.00968656
0.00947327
0.00886495
0.0092967
0.00940828
0.00919615
0.00953722
0.00925567
0.0090232
0.00896458
0.00863197
0.00939819
0.00937356
0.00888193
0.00860336
0.00897459
0.00849592
0.00849148
0.00837307
0.00863843
0.00888599
0.00850853
0.00881165
0.00871766
0.00872121
0.00849913
0.00828327
0.00850687
0.00802593
0.00828436
0.00826059
0.00787342
0.0085437
0.0085318
0.00797854
0.00843903
0.00816393
0.00742919
0.00768092
0.00796971
0.00794293
0.00866484
0.00793804
0.0076332
0.00782878
0.00807673
0.0078253
0.00734369
0.00780429
0.00762476
0.00757636
0.00757989
0.00794886
0.0078768
0.00767592
0.0072187
0.00766393
0.00730814
0.00741255
0.00746185
0.00754506
0.00771228
0.00751042
0.0072434
0.00709973
0.00768192
0.00739986
0.00765272
0.00738304
0.00683194
0.00724291
0.00745751
0.00703806
0.00689584
0.00671601
0.00735271
0.00712306
0.00696972
0.00676687
0.00631821
0.0066524
0.00683741
0.00692711
0.00700892
0.00700611
0.00669259
0.00670347
0.00676976
0.00680684
0.0064557
0.00697328
0.00646075
0.00675428
0.00656215
0.00657882
0.00680712
0.00628449
0.00681758
0.00633971
0.00678892
0.00661549
0.00669269
0.00639747
