0.00893019
0.00823706
0.00867553
0.00891898
0.00872395
0.00879079
0.00886171
0.0090371
0.00903485
0.0092048
0.009255
0.0091244
0.00925578
0.00941428
0.00939427
0.00945459
0.00946211
0.00941488
0.00941999
0.00941298
0.00932263
0.00937298
0.00948341
0.00952102
0.00936795
0.00937966
0.00942782
0.00959735
0.00947498
0.00975862
0.00973044
0.00945894
0.00966145
0.00939269
0.00980213
0.00970161
0.00954801
0.00966959
0.00974623
0.00971417
0.0096167
0.0094766
0.00980653
0.0097564
0.00951244
0.00972934
0.00974514
0.00973508
0.00967758
0.0098144
0.00957483
0.00966039
0.00979914
0.00990178
0.0100387
0.00986455
0.00979245
0.00977166
0.00979801
0.0100357
0.0101222
0.00990675
0.0101496
0.00991169
0.0100432
0.00990215
0.010088
0.00997849
0.0100217
0.0100499
0.00995222
0.0100131
0.0100795
0.0100647
0.0102627
0.0101104
0.00995392
0.00992176
0.0100301
0.00981407
0.0102001
0.0100045
0.0101502
0.0102956
0.0099955
0.0100037
0.00991504
0.0101832
0.00996537
0.0100889
0.0102037
0.00993715
0.0100666
0.00999846
0.0100772
0.0102202
0.0099927
0.00975455
0.0099587
0.0101429
