16.5754
15.7477
15.2248
14.8498
15.1875
15.2883
15.2833
16.4184
16.5036
16.5446
14.6916
16.4043
16.5863
14.9137
16.4368
16.5286
15.114
15.9263
15.3185
14.7891
15.3761
16.4357
15.7615
16.1744
15.0338
16.3901
16.0964
14.4215
13.0891
15.56
15.1712
16.3226
14.4289
14.8721
15.3325
16.4357
15.1171
14.6024
15.6682
15.3425
15.7898
14.8569
16.1625
15.0404
15.6844
16.4606
15.532
16.5788
13.0619
12.8205
14.5196
15.1166
14.0215
15.4397
14.8728
16.1827
15.8647
15.1692
13.9849
14.479
13.7168
15.1135
15.3591
14.8574
15.4954
14.9273
15.0906
15.5407
14.5459
13.8854
16.5218
15.0732
15.3405
14.2672
14.6934
16.4111
16.4685
16.2914
15.1608
14.9162
16.1463
14.7357
16.1885
12.011
16.5083
15.2903
14.9522
14.7637
16.3115
15.7241
16.4007
15.252
16.3824
15.4719
15.2314
15.1939
14.4652
16.1919
15.2467
14.7515
15.0002
16.0801
15.2435
16.2112
16.3494
16.2835
14.862
15.5353
14.8521
15.3302
15.1494
16.2006
15.8799
15.9871
16.3905
15.0316
15.0034
16.2512
16.3593
16.1555
15.2939
13.611
15.3297
15.3169
16.3953
14.8571
16.6959
14.982
16.0723
15.4086
15.8618
16.7307
16.2767
15.8924
16.3658
16.143
16.3021
16.3787
14.966
15.2055
14.5214
16.3661
15.5262
16.3182
15.5719
14.9666
15.4398
14.6654
15.1851
14.2134
16.1966
15.6861
16.3306
16.1186
16.3398
15.8738
14.4912
15.6977
15.2956
15.3008
14.6791
15.5281
14.9992
14.793
16.7968
14.6921
14.5714
16.2864
15.6233
12.8624
16.518
16.0569
13.71
13.749
14.3119
14.9325
16.6758
16.3448
13.7817
15.8618
15.8819
15.019
15.3117
15.9573
16.6852
14.3544
14.6372
16.3614
15.8496
14.1125
16.3329
15.3201
16.3604
15.6593
14.5173
12.9608
15.0696
16.6324
13.857
15.5719
