0.0178561
0.0357561
0.0535024
 0.071487
0.0892273
 0.107214
 0.124952
 0.142865
 0.160707
 0.178578
 0.196464
  0.21422
   0.2322
 0.249942
  0.26793
 0.285661
 0.303587
 0.321414
   0.3393
 0.357172
 0.374938
 0.392913
 0.410659
 0.428645
 0.446371
 0.464308
 0.482121
 0.500021
 0.517879
 0.535656
 0.553624
 0.571375
 0.589359
 0.607081
 0.625029
 0.642829
 0.660742
 0.678586
 0.696376
 0.714335
 0.732093
 0.750073
 0.767791
 0.785749
 0.803537
 0.821464
 0.839293
 0.857095
 0.875045
 0.892812
 0.910785
 0.928503
 0.946469
 0.964245
 0.982184
