17.7531
16.4174
17.9344
18.0433
17.9088
16.0083
16.5877
16.7754
16.6516
16.2083
16.5402
17.6277
17.3805
16.6455
16.491
18
15.8449
16.2378
15.4602
16.1131
17.873
16.0486
17.936
15.9259
17.9215
15.811
17.9692
14.6538
16.4554
18.0294
14.2473
16.6948
15.8084
17.7939
12.4431
17.4289
13.0503
14.8971
16.0417
17.8916
16.0862
15.4667
13.4841
16.4329
15.576
16.0115
16.6493
17.0446
16.1259
15.4714
11.5668
14.3889
17.3641
17.7228
12.4355
16.4286
15.7591
10.8255
14.9276
16.0423
17.2388
15.7206
15.6861
13.3137
15.7603
16.2811
16.133
15.2885
17.1196
16.8066
16.1852
16.5784
15.4646
15.8202
17.976
15.6866
16.2024
14.4242
14.3861
10.3674
14.9584
15.7483
15.2431
16.1943
16.2773
11.638
15.5886
17.809
17.1227
16.7118
15.7103
17.9842
15.4358
17.8008
16.3346
17.8338
16.7944
16.4331
17.771
16.6862
12.4228
16.0659
15.6538
17.5913
12.4748
15.3411
17.9796
14.5949
14.7537
14.266
16.0316
17.1722
15.4548
18.0065
15.9558
14.7417
16.1349
16.5753
17.8546
17.8129
17.9956
15.822
15.9597
18.0117
17.6838
15.6652
17.7243
17.6555
14.1794
16.2232
12.2211
15.8954
17.8079
17.8814
15.6358
13.6968
14.2974
15.4774
17.8158
17.9921
18.0053
14.4503
15.5896
15.9599
13.7253
17.8507
16.1084
16.1706
15.7541
15.8384
15.19
17.1571
15.9456
15.5427
17.8984
14.2042
17.9045
17.087
18.0394
17.7068
15.4062
17.6116
17.6576
14.249
15.0812
16.0567
16.4451
17.2496
18.0077
16.0763
17.1928
17.8869
17.9238
16.9725
15.6161
14.1716
16.3151
15.21
16.0028
16.4469
15.6546
15.7297
16.512
16.8771
16.2657
17.9118
17.1787
17.194
16.5785
17.9388
15.1848
16.414
17.3309
16.2296
17.7792
16.4136
16.8213
17.7422
17.7419
17.9476
