28.7448
32.4986
30.0847
30.1136
30.7239
28.9918
28.8052
29.5913
28.2468
28.3399
27.5783
27.8845
27.4808
27.5927
27.1908
26.9131
26.8514
26.4858
27.7282
27.728
28.4712
30.1522
32.4319
33.7415
37.5644
41.2767
41.15
40.7405
42.045
42.61
42.5512
40.2727
40.4381
40.2999
38.082
39.0826
38.3783
37.5711
36.2906
37.2052
37.0657
36.0524
36.3053
35.5488
35.9288
34.8371
35.5619
35.1483
34.9484
34.0624
34.1661
34.2725
33.6251
34.5355
33.0074
33.0072
33.3244
33.3893
32.2365
32.5921
31.864
32.5775
32.1359
32.3168
31.5424
31.9268
31.3699
30.7596
31.4578
30.3728
30.7183
29.7437
30.4714
29.6949
29.8627
29.0083
29.904
29.3277
28.6419
28.9093
28.7156
28.8849
27.7687
27.0131
28.1094
28.1903
27.6335
27.2803
27.0293
27.0567
26.7411
26.6765
26.5509
25.9711
25.9959
25.5512
25.662
25.2372
25.1642
25.2537
24.7824
24.8453
24.5257
7.19746
0.756793
0.692199
0.948332
0.939559
0.912877
0.923992
0.944845
0.929962
0.970602
1.00045
0.960183
0.974844
0.986673
0.952086
0.924018
0.891494
0.906833
0.900641
0.887627
0.863396
0.910345
0.891459
0.870802
0.851343
0.898573
0.934541
0.875775
0.916464
0.892641
0.893717
0.884679
0.881637
0.877169
0.877964
0.89797
0.947576
0.939503
0.877967
0.876213
0.923127
0.892063
0.893758
0.90207
0.885599
0.926843
0.947285
0.917389
0.920936
0.905068
0.92223
0.892773
0.893243
0.887715
0.921694
0.89122
0.921194
0.913009
0.880643
0.844541
0.854229
0.868757
0.871285
0.874377
0.878476
0.863386
0.911265
0.895621
0.873762
0.908026
0.895357
0.874183
0.886195
0.887521
0.880708
0.877031
0.865637
0.867024
0.892959
0.885
0.875839
0.854193
0.829624
0.841527
0.860017
0.845408
0.899723
0.844254
0.868111
0.903761
0.861511
0.868696
0.862015
0.84952
0.867834
0.839974
0.873659
