0.11347
0.100504
0.101229
0.100637
0.0957514
0.0939166
0.089367
0.0672767
0.0152331
0.0140306
0.0139139
0.0144293
0.0138471
0.0137403
0.0138263
0.0139073
0.0134289
0.0134202
0.0135428
0.0139677
0.0134014
0.0136306
0.0137106
0.0135104
0.0139572
0.0133096
0.0133677
0.0136688
0.0136113
0.013972
0.0143218
0.0133581
0.0118167
0.0045925
0.00247966
0.00352817
0.00373545
0.00396398
0.00413275
0.00441466
0.00480944
0.00496528
0.00475545
0.00528307
0.00494812
0.00516412
0.00567875
0.00501557
0.00502476
0.00530573
0.00518993
0.00572655
0.0056243
0.00580934
0.00572422
0.00583296
0.0059843
0.00568543
0.00587626
0.00593093
0.00599307
0.0062298
0.00579431
0.00592885
0.00611742
0.00607561
0.00592568
0.00613763
0.00627141
0.00635444
0.00643772
0.00603154
0.00628272
0.00647759
0.00635758
0.00632529
0.00639928
0.00621373
0.00633133
0.00619061
0.0066584
0.00647596
0.00629736
0.00651729
0.00660097
0.00622915
0.00652932
0.00651336
0.00676233
0.00626656
0.0064818
0.00668195
0.00670778
0.00635404
0.00638649
0.00644816
0.00637894
0.00628634
0.0064885
0.00648266
0.00681105
0.0066264
0.00654579
0.0068447
0.0065736
0.00609174
0.00625183
0.00645183
0.00642391
0.00663569
0.00652852
0.00628931
0.00645785
0.00688878
0.0068945
0.00639266
0.00674963
0.0069445
0.00640792
0.0068439
0.00645017
0.00656486
0.00652684
0.00628514
0.00649371
0.00641832
0.00678439
0.00658885
0.00665946
0.00627349
0.00653229
0.00633807
0.00673608
0.00651914
0.00643168
0.00684158
0.00659494
0.0066299
0.00679348
0.00623816
0.00678045
0.00633368
0.0065496
0.00664785
0.00655003
0.00686375
0.00678107
0.00637161
0.00697837
0.00662535
0.00651113
0.00654117
0.00680669
0.00639044
0.00646017
0.00649453
0.00653592
0.0064602
0.00664986
0.00636535
0.00665457
0.00653993
0.00653613
0.00637711
0.00629517
0.00664875
0.00643505
0.00652726
0.0065229
0.00683298
0.00649751
0.00667161
0.0066752
0.00658315
0.00642882
0.00623281
0.00685204
0.00643932
0.00674299
0.00640934
0.00677317
0.00671117
0.00677831
0.00636708
0.00649624
0.00625832
0.00633559
0.00667172
0.00663155
0.00664243
0.00652083
0.00644557
0.00644379
0.00623147
0.00663658
0.00634224
0.00650393
0.00646386
0.0065137
0.00630097
