1.45342
1.32213
1.39825
1.45083
1.48424
1.47655
1.38915
1.40162
1.4529
1.32575
1.3933
1.38736
1.40752
1.44235
1.23615
1.46033
1.39958
1.28752
1.40222
1.27513
1.45769
1.48656
1.38971
1.48909
1.37182
1.31861
1.37585
1.37116
1.40861
1.43984
1.45201
1.4423
1.3889
1.38021
1.44046
1.47048
1.48657
1.46758
1.38807
1.41537
1.45611
1.47566
1.47655
1.32519
1.31284
1.47571
1.40027
1.45787
1.46157
1.39597
1.44321
1.46383
1.48621
1.28773
1.405
1.3638
1.46274
1.45772
1.44272
1.48604
1.37411
1.44678
1.46916
1.4166
1.3693
1.37772
1.41487
1.28895
1.40144
1.36997
1.43721
1.34314
1.49807
1.32241
1.33114
1.4829
1.41321
1.3894
1.39295
1.41809
1.40475
1.4585
1.27473
1.26362
1.45854
1.41585
1.43468
1.44079
1.42665
1.45974
1.41053
1.43201
1.37605
1.45252
1.42531
1.47989
1.43165
1.4038
1.40336
1.35382
1.37479
1.45723
1.49304
1.41072
1.39807
1.49326
1.44896
1.29003
1.21206
1.25753
1.31646
1.48
1.39429
1.35388
1.42295
1.47512
1.44988
1.43674
1.29873
1.37424
1.29006
1.45027
1.30785
1.30814
1.38507
1.2036
1.47618
1.20254
1.39438
1.2906
1.3592
1.42389
1.26612
1.41851
1.44332
1.31226
1.39629
1.43246
1.43461
1.46886
1.43622
1.40307
1.47224
1.39126
1.25562
1.36117
1.40381
1.40047
1.42377
1.3411
1.41244
1.2934
1.36621
1.30155
1.28194
1.33161
1.23558
1.3016
1.22931
1.16573
1.39333
1.38504
1.36837
1.43083
1.48497
1.45175
1.18559
1.39608
1.30477
1.35511
1.32045
1.3177
1.42562
1.24851
1.15253
1.35037
1.31853
1.30508
1.42156
1.26432
1.42753
1.39552
1.25671
1.16662
1.42985
1.39824
1.41528
1.32367
1.22625
1.42142
1.24261
1.49451
1.4709
1.39506
1.24958
1.28824
1.27578
1.42407
1.46934
1.40437
