8.73961
9.48198
10.0834
9.64548
8.06362
10.6341
9.43142
11.7788
11.3205
7.56392
11.8112
9.30626
12.2767
10.9282
8.7104
10.2416
10.7068
9.38937
13.6805
9.3807
12.1289
12.6714
12.9471
10.0713
10.9935
11.2938
10.2324
9.37342
9.66149
10.6763
13.1577
10.5392
14.8835
14.428
10.7993
12.5408
10.7316
12.7453
11.5152
12.2387
10.7021
12.693
12.6609
11.452
11.0508
12.0611
12.3239
11.8882
12.0037
10.8553
10.7542
12.0006
11.2053
10.7156
11.506
12.8309
14.762
11.0506
12.9663
10.7039
12.0788
10.8684
10.7734
11.3889
11.0253
11.2103
11.9954
11.2405
10.8593
12.4084
11.3419
10.704
11.6523
11.367
10.7263
11.7072
13.1984
10.7571
10.7913
12.0937
11.0455
11.1338
10.7054
13.8682
12.4665
10.7124
11.7914
12.0617
10.714
10.826
10.7189
11.8122
11.9893
10.8374
14.0063
12.0598
10.7429
10.7076
10.7362
11.1146
