0.388409
0.304992
0.280518
0.266607
0.264557
0.263052
0.263462
0.27838
0.267477
0.254357
0.257416
0.245722
0.248264
0.260147
0.256711
0.249826
0.255125
0.259989
0.267032
0.264368
0.271242
0.264581
0.266701
0.257999
0.261754
0.257167
0.263905
0.262138
0.269233
0.266594
0.262947
0.260894
0.270334
0.262292
0.276989
0.263086
0.26278
0.267681
0.268067
0.266947
0.262898
0.274921
0.276033
0.275829
0.277193
0.263888
0.284112
0.274418
0.276249
0.271057
0.274854
0.277545
0.28053
0.277927
0.272129
0.272399
0.272375
0.280802
0.268259
0.269166
0.262493
0.261
0.273253
0.272309
0.271478
0.259262
0.26789
0.257909
0.263533
0.262777
0.253319
0.257847
0.260262
0.261022
0.264894
0.265547
0.251188
0.254654
0.249985
0.255371
0.249614
0.257871
0.256492
0.249571
0.249649
0.24457
0.250618
0.247017
0.248266
0.249091
0.249949
0.253773
0.244697
0.237195
0.247156
0.237104
0.234225
0.245592
0.233114
0.237836
