1.47684
1.17451
1.16591
1.22413
1.17859
1.19799
1.18235
1.12681
1.17428
1.1645
1.15404
1.14753
1.18305
1.1422
1.14589
1.1855
1.18376
1.16412
1.18076
1.18013
1.15183
1.15866
1.09947
1.1239
1.13686
1.13885
1.15848
1.15372
1.08585
1.14477
1.0987
1.13403
1.10841
1.14795
1.0508
1.1338
1.12616
1.11357
1.1025
1.09224
1.09666
1.07078
1.15201
1.07751
1.12768
1.11838
1.12733
1.10706
1.09258
1.09604
1.13341
1.06041
1.10326
1.09857
1.07349
1.10123
1.03549
1.02803
1.03875
1.01745
1.02554
1.00562
1.01029
0.989096
0.989062
0.977731
0.942185
0.949253
0.962851
0.942665
0.95671
0.932717
0.906839
0.936545
0.94742
0.931496
0.90831
0.946708
0.924637
0.886824
0.876496
0.868893
0.81909
0.869703
0.879131
0.843253
0.871739
0.856283
0.853952
0.846243
0.808687
0.82768
0.850728
0.811246
0.818815
0.841509
0.827208
0.762399
0.80723
0.813219
0.796888
0.786669
0.788415
0.759714
0.760054
0.773852
0.736813
0.764671
0.683952
0.740044
0.745881
0.722953
0.721264
0.732818
0.71901
0.700628
0.747437
0.707048
0.680006
0.691392
0.676429
0.66252
0.71189
0.693897
0.65449
0.696092
0.655947
0.657279
0.656382
0.620128
0.682289
0.645145
0.647691
0.627075
0.640708
0.640503
0.649981
0.612074
0.620487
0.618608
0.61846
0.626683
0.597897
0.630292
0.631
0.613754
0.591002
0.613518
0.557936
0.622985
0.593937
0.607071
0.601512
0.579543
0.596094
0.58284
0.558773
0.553708
0.560388
0.547618
0.581733
0.553506
0.56356
0.556615
0.560377
0.574771
0.568866
0.536372
0.50281
0.534267
0.511194
0.531824
0.536055
0.497021
0.510949
0.521474
0.521696
0.552431
0.511182
0.479946
0.54347
0.511704
0.502401
0.482516
0.496313
0.49868
0.484686
0.505357
0.474275
0.455379
0.515624
0.474177
0.467405
0.461226
0.486174
0.478737
0.440648
0.486032
0.461378
0.463712
