0.0176658
0.00935284
0.0106937
0.0114272
0.0116041
0.0116402
0.0118273
0.0113664
0.00981808
0.00829618
0.00716217
0.00614466
0.00604418
0.00649078
0.00471274
0.00558223
0.00517019
0.00528585
0.00538909
0.00635393
0.00572157
0.0052779
0.00456069
0.00488834
0.00464412
0.00468014
0.00435189
0.00425793
0.00404644
0.00440524
0.00435997
0.00423856
0.00409084
0.0045335
0.00458942
0.00410564
0.00435849
0.00418619
0.00445224
0.00429957
0.00404448
0.00425556
0.00423657
0.00473544
0.004337
0.00456997
0.0047022
0.00418911
0.00429955
0.00397108
0.00437344
0.00403518
0.00428325
0.00401109
0.00401089
0.004108
0.00382585
0.00405382
0.00412677
0.00405011
0.00376381
0.00385412
0.00386962
0.00430886
0.00375167
0.00382735
0.00399583
0.00373246
0.00389048
0.00406482
0.0041164
0.00386163
0.0039683
0.00374537
0.00377021
0.0037774
0.00378469
0.00366984
0.00383362
0.00373413
0.00369913
0.00351797
0.00373787
0.0036481
0.00353244
0.00371331
0.00344724
0.00362583
0.00339257
0.00339215
0.00349713
0.00355266
0.00335863
0.00322223
0.00333531
0.00330666
0.00332367
0.00330209
0.00331089
0.00337046
0.00331317
0.0033523
0.00345401
0.0033294
0.00348129
0.0034197
0.00342182
0.00328074
0.00312731
0.00324668
0.00339419
0.00321513
0.00334907
0.0033593
0.00324449
0.00326265
0.00346227
0.00337895
0.00318092
0.00310582
0.00312828
0.00324478
0.0032063
0.00319211
0.00321208
0.0031421
0.00320209
0.00305332
0.0032228
0.00324447
0.00301684
0.00319827
0.00309455
0.00310763
0.0031935
0.00305966
0.00321776
0.00316284
0.00328256
0.00319946
0.00300103
0.00322637
0.00325395
0.00312315
0.00305852
0.00315831
0.00311521
0.00320992
0.00294544
0.00298304
0.00296175
0.00302939
0.00313985
0.00306056
0.0029581
0.00292149
0.0030475
0.00304676
0.00296121
0.00292997
0.00303587
0.00292664
0.0031104
0.00290588
0.00286099
0.00301066
0.00294605
0.00284071
0.00287659
0.00297693
0.00291808
0.00281221
0.00284585
0.00309123
0.00283996
0.00291363
0.0030042
0.00284202
0.00286189
0.00286534
0.00276065
0.0028402
0.0027915
0.00280622
0.00284916
0.00271238
0.00284
0.00277965
0.00272674
0.00284052
0.00282931
0.00282713
0.00271467
0.00268802
0.00271849
0.00270525
0.00268821
0.0027579
0.00260381
0.0028704
