2.13694
0.342889
0.384436
0.362662
0.420626
0.403689
0.424179
0.383311
0.391015
0.371397
0.339097
0.34161
0.330414
0.327995
0.313459
0.317237
0.300035
0.306303
0.314359
0.301979
0.308386
0.316243
0.29529
0.301533
0.308809
0.297255
0.305423
0.308697
0.313621
0.312117
0.30659
0.310776
0.306656
0.314511
0.325353
0.320649
0.334521
0.317801
0.325001
0.328249
0.33531
0.324366
0.320116
0.326617
0.337419
0.32863
0.336885
0.343954
0.332944
0.335737
0.342086
0.343051
0.332857
0.355064
0.352087
0.339093
0.342464
0.339991
0.341495
0.352575
0.346531
0.3491
0.347185
0.348043
0.355115
0.357677
0.351379
0.345457
0.35195
0.359489
0.346514
0.355109
0.359217
0.357914
0.345678
0.354188
0.528473
0.3921
0.371523
0.365448
0.357216
0.364037
0.357005
0.360517
0.365782
0.366494
0.356604
0.372484
0.355932
0.363657
0.358709
0.363531
0.353552
0.351845
0.343682
0.343385
0.341443
0.352826
0.346635
0.331751
