12.3278
12.084
12.9985
15.4638
15.7875
11.2199
13.304
11.5614
14.4605
10.3698
13.3536
10.9256
12.5509
12.093
13.8924
11.3726
15.3374
11.6015
16.5085
13.7727
12.4657
12.4856
13.2955
11.4913
11.3969
13.2672
13.2192
12.5889
12.4274
12.5613
13.8518
16.56
14.4293
12.1954
15.16
13.9929
13.5175
12.2624
14.7195
14.4555
14.3278
14.0493
14.2108
13.5053
15.8288
15.4302
13.7605
13.9694
14.7682
15.1429
15.2665
14.5715
15.4399
14.1407
15.5629
14.7097
14.9233
15.4196
14.5674
14.9414
13.9082
14.2911
15.3021
14.7879
16.778
14.626
13.3902
16.1898
13.5215
17.2561
15.0057
14.8215
15.8282
15.0628
14.98
14.2534
14.5558
15.9662
13.9933
14.9202
14.9823
14.9497
15.0722
16.3711
15.2809
16.4976
15.9631
16.8609
14.9143
15.456
14.7032
15.3772
15.2493
14.4137
15.3604
14.5606
15.2174
15.4536
15.1664
15.3373
