133.237
132.635
133.138
132.755
132.449
132.725
133.068
133.271
132.876
132.527
133.109
133.038
132.438
132.545
132.752
132.654
133.012
133.038
133.007
133.029
132.769
132.544
133.03
131.936
132.575
132.234
132.609
132.751
133.053
132.405
132.975
132.823
132.05
132.959
132.874
133.045
132.802
132.233
132.635
132.287
132.085
132.816
132.567
132.606
132.061
132.809
132.672
132.998
132.56
132.02
132.366
132.412
132.941
131.871
133.085
132.118
132.364
133.058
133.09
132.341
132.519
132.137
131.353
132.218
132.7
132.226
131.09
131.464
133.167
130.88
131.894
131.825
131.898
130.962
131.428
131.287
131.63
131.279
131.755
131.609
131.162
131.716
131.471
132.104
131.433
132.447
131.72
131.441
131.698
131.615
131.835
129.193
130.427
131.194
131.312
129.083
129.742
130.452
131.345
130.837
129.017
132.082
129.99
130.518
129.667
130.989
131.699
129.074
132.195
129.643
128.581
128.516
129.285
131.119
129.628
131.08
129.229
127.592
128.618
129.389
129.13
128.879
129.335
129.593
127.546
129.548
129.231
129.922
128.218
128.608
129.339
128.3
127.944
131.192
129.141
129.462
127.491
129.237
129.942
129.293
130.544
129.796
128.029
129.913
128.462
129.164
129.026
129.118
130.555
130.514
130.159
130.22
129.377
127.806
127.377
131.187
129.687
127.167
129.867
128.005
125.579
128.933
128.989
128.257
127.451
129.846
129.891
129.261
127.833
129.286
129.038
129.222
129.074
127.812
129.042
127.457
128.696
129.381
129.021
128.033
127.711
128.973
128.866
127.141
127.914
130.767
128.153
127.824
129.054
128.47
129.484
128.493
127.734
127.856
127.596
127.245
127.561
127.83
130.434
128.05
