11.23
8.62675
0.495311
0.530971
0.524134
0.503503
0.509926
0.544422
0.534094
0.501064
0.51063
0.490843
0.485574
0.453624
0.450857
0.427404
0.402211
0.393498
0.390066
0.367181
0.370101
0.379949
0.364353
0.349953
0.345743
0.342281
0.341284
0.337329
0.322132
0.346471
0.352327
0.342662
0.335077
0.345771
0.337624
0.343452
0.345021
0.34197
0.339768
0.344613
0.347381
0.346121
0.331497
0.328574
0.339449
0.334666
0.339452
0.333997
0.340158
0.330234
0.340212
0.336493
0.337396
0.342177
0.329593
0.333724
0.323116
0.329009
0.330386
0.331714
0.333429
0.331975
0.33382
0.344947
0.338717
0.345917
0.341559
0.345311
0.342537
0.346573
0.354156
0.345487
0.348526
0.353311
0.358706
0.356369
0.355915
0.363857
0.357344
0.359751
0.361542
0.364686
0.36121
0.364256
0.371409
0.361087
0.365319
0.35422
0.360982
0.360406
0.364388
0.353893
0.356618
0.353515
0.361793
0.353875
0.358948
0.347787
0.341328
0.342639
