13.9797
12.0995
16.4355
14.6772
14.4123
13.4537
13.2007
16.383
13.0228
11.8527
12.9426
11.3794
13.1573
14.5562
13.9773
11.8525
12.9501
14.9272
13.472
12.588
12.429
13.3495
13.4199
12.8575
14.099
14.7026
12.8205
13.4099
14.58
13.8584
13.8815
13.9799
13.4395
12.9321
13.86
14.6377
13.2255
14.5283
13.3387
14.1852
14.4049
13.3955
14.1677
14.8648
13.5838
13.2715
13.562
13.2563
13.5213
14.6403
12.6692
13.8519
14.0581
14.3921
13.9706
13.6911
13.9339
13.5344
14.2624
16.0913
12.8381
13.906
12.8704
13.4141
13.6156
13.8515
14.2874
14.1369
13.0892
12.643
13.5884
13.8715
14.3552
12.9671
13.161
13.6418
14.3707
12.7989
13.0982
13.1054
14.7269
13.4892
13.9134
13.696
14.4058
13.965
13.0598
13.4121
13.3218
14.4306
13.3839
14.6532
14.2138
13.9237
14.1824
13.7666
13.303
14.6489
13.3861
14.3058
