43.421
43.5112
43.4582
43.4888
43.6535
43.5071
43.5153
43.4758
43.5395
43.5387
43.5028
43.6033
43.3922
43.5371
43.3798
43.5246
43.5449
43.4238
43.4686
43.3751
43.4583
43.4404
43.5538
43.5349
43.5462
43.4864
43.5294
43.5327
43.5042
43.5202
43.6062
43.5784
43.4994
43.5356
43.5237
43.4877
43.487
43.2221
43.4501
43.4472
43.5351
43.4188
43.4497
43.4471
43.4798
43.4173
43.2103
43.353
43.5206
43.4657
43.4939
43.4322
43.2493
43.6042
43.4128
43.4032
43.4879
43.1015
43.1587
42.9994
43.058
43.1244
43.3964
43.2992
43.1756
43.4588
43.2199
43.4749
43.0841
43.5312
43.4161
43.0209
43.2666
43.1411
43.1178
42.8919
42.7823
43.4441
43.2163
43.2021
43.2579
42.9507
42.815
42.8254
43.3145
43.2191
43.2494
43.1335
42.7247
42.8595
42.9089
43.4766
42.6383
43.0343
43.1616
42.8686
43.2063
43.219
43.0256
42.9234
42.4528
43.42
43.2195
42.8394
42.9469
43.1144
43.2094
43.1495
42.7049
43.5465
42.476
43.1188
42.4222
43.184
42.9098
42.8773
43.1172
43.0676
43.0309
42.745
41.5798
43.0339
42.7525
42.9079
43.3253
42.9138
42.7904
43.1556
42.8035
43.2723
42.7832
42.623
42.8033
43.1306
42.9115
43.0783
43.2063
42.9186
42.5057
42.6623
42.6688
42.8496
42.8293
42.7585
42.8121
42.5946
42.7063
42.6514
42.7909
42.2816
42.8542
43.4096
43.1231
42.7393
42.8206
43.2683
42.8516
42.8142
43.0802
42.5459
43.3572
43.2502
42.8116
42.8355
42.7876
43.2553
42.6818
42.8007
42.1481
43.0622
42.9814
43.4345
42.1827
42.3187
42.7132
43.1526
43.1667
43.1009
42.9214
42.1757
42.1796
42.1326
42.5234
42.8189
42.5919
42.5354
43.1858
42.5261
42.7894
42.9256
43.0794
41.9376
42.781
42.9565
42.264
43.1577
42.4674
42.5786
43.2462
43.1566
