120.679
96.0252
97.5062
102.206
109.532
102.44
113.732
119.359
121.665
125.58
119.529
124.345
124.697
125.01
124.936
125.783
122.371
127.644
124.885
119.983
119.319
125.826
121.981
119.817
121.095
121.029
121.131
120.426
124.453
120.355
122.519
120.149
118.564
124.486
123.779
115.157
116.211
112.834
118.492
109.837
106.184
93.4602
80.8408
71.9969
64.3811
56.4177
55.2151
53.0102
49.7306
53.9156
49.5847
51.9561
50.9787
51.1341
55.0993
53.2811
51.8059
52.3796
53.1034
51.8178
52.9711
52.8833
52.2734
54.7036
54.6455
52.6426
52.8189
54.4011
55.2664
52.0973
52.9127
54.854
55.825
54.3122
55.9029
53.1205
51.7897
53.6276
53.5478
52.8427
53.4325
52.0661
54.8036
54.9025
53.5461
52.1592
49.8166
50.4929
50.5479
44.9013
40.725
44.6912
45.8473
46.328
50.4428
49.5821
46.0862
46.5633
50.1475
49.5286
48.5869
48.6685
49.8438
51.4791
51.294
51.5519
50.8329
48.2423
50.5604
49.0163
50.8788
50.1226
50.8292
51.2612
49.5921
50.5056
50.0309
50.0286
48.7021
50.6283
50.559
51.3974
50.3035
50.8725
49.2496
50.6362
48.9919
53.1097
50.0241
51.7211
50.7887
48.8585
48.4424
49.114
48.5546
48.6905
50.5488
49.5616
51.6238
51.7542
49.4163
49.8205
49.631
50.5673
48.812
48.0221
51.1895
46.8421
47.7797
49.907
50.1798
49.384
49.4717
49.2552
46.8017
49.0091
47.219
48.2029
47.1189
47.232
47.8246
49.1272
47.1112
47.4065
47.2129
46.6142
49.295
47.9595
47.3948
47.9395
47.0754
45.8082
47.1117
45.3626
45.9751
46.5742
45.3713
44.6979
46.7892
46.9206
46.4083
46.6702
46.4341
46.3153
45.279
44.1618
47.2217
44.5848
44.0162
46.3982
45.2624
43.1076
44.3572
44.965
44.9911
45.1777
45.6929
44.832
43.9636
42.78
