1.62248
1.74844
1.73727
1.42722
1.37242
1.62936
1.51028
1.52356
1.54498
1.60497
1.60756
1.5202
1.74418
1.55756
1.45664
1.55001
1.43414
1.75364
1.5384
1.50188
1.62998
1.48323
1.47233
1.60135
1.46351
1.62594
1.3619
1.44422
1.61476
1.47722
1.30281
1.43987
1.38225
1.35704
1.46905
1.31958
1.27288
1.41262
1.4429
1.30347
1.38327
1.26387
1.47206
1.33042
1.34587
1.40211
1.39292
1.30973
1.55067
1.4291
1.31151
1.37274
1.35687
1.55206
1.27588
1.44506
1.40453
1.43943
1.32305
1.35298
1.46809
1.45202
1.30293
1.39834
1.43509
1.45466
1.34783
1.50865
1.45338
1.46023
1.4624
1.26692
1.45066
1.33473
1.39744
1.44148
1.4131
1.40135
1.33922
1.37202
1.42206
1.41101
1.44516
1.55891
1.44763
1.56224
1.48784
1.43174
1.37981
1.40272
1.39457
1.33388
1.40656
1.37702
1.38314
1.54243
1.31019
1.4783
1.38177
1.52877
1.56566
1.39943
1.41533
1.37217
1.47799
1.50869
1.54866
1.33418
1.56075
1.46714
1.52909
1.42231
1.40644
1.45242
1.46651
1.41943
1.49015
1.46255
1.56031
1.37634
1.29159
1.45876
1.39213
1.55578
1.31064
1.34267
1.38635
1.5523
1.48028
1.55365
1.42773
1.48468
1.41881
1.36102
1.47917
1.50795
1.5197
1.51687
1.49235
1.47885
1.42289
1.35404
1.50321
1.3826
1.41793
1.4636
1.39714
1.57232
1.4336
1.4481
1.41452
1.56154
1.38047
1.46463
1.28598
1.4685
1.42821
1.50842
1.54634
1.51799
1.44791
1.36247
1.50484
1.41432
1.47198
1.38781
1.43011
1.29011
1.5584
1.55962
1.48549
1.44728
1.55947
1.38575
1.50978
1.49339
1.41732
1.55865
1.46897
1.43323
1.46483
1.33636
1.4149
1.39609
1.50557
1.5537
1.4213
1.49549
1.49284
1.44199
1.52942
1.40025
1.32345
1.47701
1.63728
1.55843
1.42839
1.52327
1.39484
1.43796
