6.43779
6.58464
6.66264
6.68663
6.59687
6.5107
6.60579
6.70656
6.53523
6.46551
6.53647
6.3126
6.56985
6.51148
6.33698
6.60383
6.38172
6.5635
6.60969
6.53494
6.69432
6.6572
6.51285
6.52121
6.67634
6.75163
6.4804
6.67268
6.62427
6.15131
6.52755
6.30647
6.57854
6.72906
6.09562
6.54218
6.55797
6.41437
6.55803
6.26804
6.58676
6.30704
6.41091
6.33986
6.53523
6.61526
6.52697
6.43804
5.99512
6.50914
6.14313
5.85593
6.21776
5.76509
5.87647
6.1015
5.92583
6.57916
6.1077
5.89033
6.42235
6.51481
5.97792
6.55121
6.20401
5.64339
6.36601
6.06471
6.23687
6.52565
6.53332
5.76663
5.56559
6.39434
6.10451
6.17242
5.5408
5.75073
6.05184
5.7548
5.78595
5.59428
6.49327
5.7311
5.92417
5.80026
5.91144
5.77794
6.02623
5.89324
5.40111
5.44144
5.67598
6.01537
5.30137
6.25675
5.78295
5.59657
5.94548
5.3763
5.64793
5.42661
5.25314
5.44215
5.16425
5.23459
5.45532
5.29206
5.73851
5.19778
5.50975
5.43473
6.06247
6.03065
5.1931
5.72161
5.84785
5.33639
5.78478
5.66232
5.90387
5.88067
5.58455
5.93043
5.92314
6.12142
5.76239
5.93026
5.7966
5.78284
5.81891
5.32901
5.5437
5.98555
6.56733
5.68231
5.47679
5.8469
5.42122
5.9986
5.91258
5.87965
5.56517
5.97985
5.896
5.46075
5.54016
5.70897
5.47368
6.00882
5.63513
5.62052
5.66416
5.5757
5.91572
6.16009
5.65972
5.80312
5.92346
5.85962
5.61223
6.39671
5.74896
5.64591
5.48476
5.95548
5.62865
5.63092
5.92222
5.64539
5.73038
6.04961
6.22284
5.74217
6.11844
5.65335
5.58988
5.24995
5.62708
5.52943
5.50345
5.66301
5.66315
5.49607
5.60535
5.65266
5.38991
5.64939
5.7482
5.26103
5.54206
5.45789
6.12606
5.40934
5.69237
5.42852
5.55696
5.25777
5.97988
5.67933
