0.0113216
0.0215765
0.0308338
0.0399828
0.0500451
 0.061463
0.0733934
0.0844639
0.0944441
 0.104291
 0.115286
 0.127963
  0.14106
 0.152953
 0.163919
 0.175615
 0.189424
 0.204318
 0.217863
 0.230311
 0.244057
 0.260402
 0.276623
 0.290829
 0.305554
 0.323335
 0.341299
 0.356836
 0.373325
 0.393078
 0.411493
 0.427901
 0.447084
 0.467841
 0.485419
 0.503721
 0.525333
 0.544428
 0.562201
 0.583524
 0.603949
  0.62154
 0.641869
 0.663205
 0.680974
 0.699929
 0.721531
 0.739947
 0.757551
 0.778468
  0.79798
 0.814811
 0.834055
 0.854576
 0.871723
 0.889034
  0.90942
 0.927992
 0.944286
 0.963038
 0.983107
