0.407595
0.38939
0.0854425
0.0827143
0.0907051
0.0982262
0.104073
0.10283
0.102676
0.100184
0.0999094
0.0989059
0.101515
0.101638
0.109315
0.106661
0.105352
0.109582
0.111856
0.116547
0.124237
0.116521
0.119896
0.122651
0.129408
0.127288
0.12985
0.132915
0.128997
0.136445
0.131622
0.135548
0.132011
0.138679
0.128946
0.13623
0.136116
0.13845
0.135997
0.134312
0.136787
0.143316
0.139757
0.142987
0.134459
0.141828
0.145807
0.145347
0.140277
0.147857
0.141442
0.149442
0.144075
0.150294
0.143574
0.149829
0.148423
0.150137
0.152496
0.155209
0.153196
0.153933
0.154435
0.158467
0.155516
0.150448
0.161335
0.157316
0.155539
0.159918
0.162794
0.164259
0.15641
0.161532
0.155545
0.161181
0.162644
0.161414
0.163033
0.165817
0.17029
0.161368
0.167149
0.168084
0.166704
0.17741
0.17359
0.180583
0.179822
0.183174
0.188744
0.184685
0.185656
0.190213
0.194843
0.190609
0.197484
0.200409
0.198312
0.206495
