0.0146488
0.0108557
0.0108495
0.0105459
0.0112019
0.0116159
0.0113877
0.01138
0.011267
0.0113774
0.0113349
0.0111522
0.0113163
0.00836397
0.00551625
0.00564781
0.00561963
0.00601723
0.00678615
0.0060691
0.00611042
0.00588154
0.00534339
0.0048897
0.00527408
0.00515851
0.00488096
0.00573911
0.00510093
0.0047111
0.00496486
0.00476503
0.00464157
0.00451628
0.0048569
0.00470469
0.00438491
0.00476887
0.00425442
0.00452885
0.0046245
0.00437522
0.0043949
0.00457177
0.00460876
0.00424875
0.00449825
0.00450127
0.00462725
0.00445856
0.00426211
0.00440546
0.00436973
0.0042845
0.00448161
0.00435989
0.00447949
0.00451617
0.00426927
0.00442448
0.00425174
0.00443242
0.00411812
0.00436357
0.00418112
0.00415055
0.00426021
0.00416652
0.00426395
0.00427973
0.00424583
0.00434228
0.0042198
0.0042766
0.00403496
0.00418555
0.00433227
0.00414607
0.00431662
0.00424313
0.00452806
0.00407262
0.00437737
0.00432479
0.00461051
0.00405366
0.00425295
0.00405189
0.00424851
0.00418242
0.00403266
0.00413444
0.00403903
0.0041894
0.00428518
0.00407082
0.00396315
0.00414461
0.00416636
0.00420368
0.00421922
0.00415404
0.00403456
0.00410739
0.00398346
0.00396473
0.00417722
0.00410556
0.00394376
0.00394306
0.00383396
0.00397317
0.00382108
0.00395383
0.00389359
0.00369568
0.00379149
0.00393949
0.00374104
0.00352541
0.00364803
0.00351021
0.00365294
0.00375199
0.00364056
0.0035849
0.00358949
0.00368175
0.00371698
0.00370689
0.00348358
0.00354314
0.00351553
0.00361238
0.00345708
0.00349373
0.00363566
0.00345025
0.00368846
0.00337875
0.00342279
0.00350151
0.00352636
0.00354384
0.00362603
0.00347639
0.00358501
0.00340693
0.00360371
0.0034844
0.00352256
0.00359117
0.00338291
0.00372931
0.00349809
0.00352026
0.0033764
0.00348162
0.0034431
0.00349825
0.00349984
0.0033818
0.0034946
0.00338213
0.00351844
0.00353085
0.00338373
0.00333187
0.00341068
0.00342231
0.0034547
0.00361196
0.00345621
0.00328735
0.00350025
0.00338085
0.0034759
0.00345267
0.00352196
0.00338426
0.00345345
0.00322584
0.00331764
0.00333206
0.0035234
0.00329851
0.00329729
0.00336169
0.00339253
0.00326193
0.00312932
0.00331152
0.00336244
0.00348219
0.00341696
0.00341029
0.00331033
0.00337615
0.00345952
0.00319547
