1.10233
1.10393
1.1027
1.09911
1.09865
1.09745
1.09517
1.09607
1.10153
1.10227
1.10089
1.10261
1.1051
1.09077
1.09435
1.10085
1.10527
1.08939
1.08509
1.10472
1.09568
1.09328
1.10065
1.10439
1.09598
1.06412
1.09499
1.09815
1.07773
1.09451
1.09973
1.08988
1.09775
1.08642
1.09646
1.0812
1.07678
1.06142
1.08576
1.0785
1.06064
1.06266
1.07717
1.06349
1.09188
1.07259
1.05088
1.09349
1.04856
1.06103
1.09434
1.07866
1.05005
1.05892
1.0584
1.08164
1.04915
1.07602
1.03492
1.0393
1.07707
1.05794
1.04096
1.05748
1.0553
1.04907
1.05661
1.04744
1.0315
1.05065
1.03701
1.0478
1.03158
1.04392
1.02998
1.04843
1.0347
1.03263
1.03307
1.05117
1.0262
1.03431
1.0188
1.03861
1.03718
1.02373
1.03463
1.02682
1.02205
1.03862
1.03121
1.02467
1.02452
1.02567
1.04368
1.02411
1.02186
1.02058
1.02408
1.02342
1.02807
1.03067
1.03582
1.03599
1.01929
1.03214
1.02843
1.03238
1.02143
1.02216
1.01458
1.02708
1.02479
1.01673
1.01741
1.04823
1.03306
1.01976
1.02403
1.01736
1.01567
1.01753
1.01789
1.01713
1.02013
1.02556
1.01857
1.02155
1.0183
1.02024
1.01631
1.01859
1.02292
1.0232
1.03064
1.02723
1.02173
1.01811
1.02138
1.02101
1.02444
1.01655
1.01922
1.01809
1.02124
1.02018
1.02024
1.02041
1.02045
1.0166
1.01743
1.01741
1.02104
1.01819
1.01603
1.02017
1.02046
1.0216
1.01724
1.0194
1.01896
1.02186
1.01899
1.01727
1.01551
1.0204
1.01807
1.01867
1.01867
1.01709
1.02691
1.01966
1.02255
1.02013
1.02021
1.03126
1.01703
1.01805
1.02281
1.01952
1.01431
1.01278
1.0164
1.01914
1.02254
1.01959
1.02055
1.02079
1.01689
1.0203
1.02103
1.0198
1.01816
1.01536
1.01981
1.01938
1.01419
1.02444
1.0164
1.01863
