0.806381
0.676151
0.673176
0.7193
0.729745
0.744363
0.709683
0.724547
0.735958
0.71808
0.693383
0.701674
0.72791
0.666323
0.650865
0.618963
0.584359
0.543093
0.517323
0.489814
0.488895
0.49874
0.466388
0.45215
0.454924
0.458858
0.444136
0.434307
0.446719
0.456115
0.435768
0.443551
0.433127
0.439396
0.439365
0.437701
0.436824
0.438263
0.435819
0.449703
0.43049
0.431538
0.44173
0.438247
0.44016
0.449986
0.442142
0.434974
0.435914
0.444441
0.439187
0.443256
0.454168
0.452826
0.445816
0.442566
0.444144
0.467296
0.454466
0.461685
8.35126
5.08762
0.573725
0.552343
0.531269
0.517643
0.537787
0.518156
0.52091
0.512877
0.504747
0.513208
0.481558
0.487904
0.4945
0.485186
0.483869
0.483464
0.472213
0.475084
0.460772
0.463121
0.454109
0.465342
0.448823
0.439052
0.444389
0.444373
0.431657
0.431929
0.435695
0.448671
0.431928
0.434892
0.442955
0.447022
0.439634
0.428919
0.44016
0.432833
