0.88898
0.800965
0.956532
1.02847
1.05206
1.02526
0.989853
0.938213
1.02146
0.943124
1.00345
0.970578
0.968009
1.01482
1.02631
1.00604
1.03713
1.04235
1.03224
1.01578
1.11075
1.10153
1.09967
1.04825
1.10064
1.05972
1.06745
1.04505
1.05846
1.01211
1.04602
1.006
1.03105
1.03582
1.04184
0.986094
0.973517
0.990268
0.929702
0.936645
0.954343
0.951898
0.961251
0.961687
0.918619
0.943368
0.918368
0.942169
0.937057
0.940701
0.911106
0.938379
0.937357
0.938884
0.907436
0.927043
0.931094
0.888991
0.921015
0.872303
0.842845
0.914195
0.874665
0.870738
0.858619
0.819737
0.793834
0.837166
0.813875
0.83613
0.806095
0.804465
0.816263
0.802936
0.802031
0.797702
0.777566
0.797876
0.759842
0.811557
0.744684
0.774775
0.785702
0.747735
0.776027
0.752278
0.75289
0.698067
0.702628
0.778297
0.746755
0.749596
0.726058
0.733089
0.722862
0.696721
0.744742
0.708073
0.707886
0.71674
0.719529
0.652996
0.713421
0.679733
0.685905
0.67205
0.636616
0.639387
0.670483
0.657335
0.632744
0.625578
0.622438
0.658244
0.624522
0.642905
0.612215
0.636188
0.648197
0.628401
0.588534
0.575728
0.574931
0.586557
0.578556
0.592038
0.591983
0.603668
0.586824
0.578114
0.598328
0.54791
0.532444
0.537973
0.572662
0.551768
0.575957
0.54035
0.527566
0.536669
0.526787
0.516314
0.543299
0.495831
0.561957
0.517917
0.523703
0.511687
0.493045
0.519176
0.501707
0.50473
0.540456
0.488911
0.515647
0.515775
0.49893
0.499184
0.510919
0.49783
0.493496
0.490966
0.460509
0.530106
0.512248
0.479265
0.478252
0.48011
0.473181
0.473195
0.505056
0.494351
0.436778
0.445826
0.444401
0.449928
0.45458
0.472735
0.467621
0.478999
0.472445
0.47165
0.473119
0.47559
0.468625
0.441266
0.481898
0.44513
0.448942
0.426979
0.459929
0.439587
0.463071
0.414025
0.430712
0.432608
0.41798
0.447338
0.431296
0.44168
