0.722462
0.0850673
0.0809469
0.0707794
0.0785345
0.0823009
0.0792338
0.0831387
0.0824796
0.0835315
0.0879835
0.083375
0.0895412
0.0886696
0.0951849
0.0901938
0.100325
0.105404
0.10116
0.100876
0.106702
0.103969
0.10878
0.114565
0.106614
0.114956
0.11004
0.117471
0.118638
0.116375
0.112877
0.112579
0.11484
0.118434
0.117471
0.11709
0.116494
0.114026
0.110905
0.117004
0.115549
0.113266
0.115739
0.112628
0.114592
0.11278
0.117077
0.115271
0.117459
0.115991
0.114061
0.119261
0.120985
0.116136
0.12122
0.120217
0.124669
0.125094
0.119096
0.125643
0.120032
0.122226
0.126198
0.125502
0.130661
0.123204
0.127692
0.130576
0.128641
0.134641
0.134902
0.133214
0.13529
0.137728
0.140777
0.140384
0.143776
0.145518
0.156166
0.154831
0.161484
0.16415
0.17287
0.170859
0.180115
0.177098
0.181422
0.195469
0.202482
0.213219
0.213076
0.220295
0.217689
0.231172
0.228511
0.247994
0.252049
0.257204
0.258896
0.26856
