9.78387
7.64149
10.3903
7.48038
8.38586
7.40874
9.00927
7.55261
6.95874
6.931
7.52081
8.84692
9.11325
6.81765
8.72185
6.82286
10.9235
7.39228
7.29146
10.61
7.38165
7.32578
10.184
7.96718
8.25055
8.46711
6.79372
8.99194
6.84069
8.62753
7.17051
7.95675
7.5168
7.46963
8.39891
6.29753
6.29554
6.39366
6.64918
6.15754
8.36896
7.22304
7.31847
7.05132
7.11894
7.82789
8.64442
8.90429
9.06116
8.57251
8.75141
7.99666
10.2851
10.7531
10.5286
8.02424
8.19504
7.06072
7.40035
10.3764
10.3909
9.84599
10.7019
10.5463
7.92336
10.7111
7.43761
8.62988
8.40225
9.19878
10.7558
10.6887
7.38732
8.13478
8.70535
8.04697
7.71102
9.30194
10.6067
10.2937
8.23817
7.95756
8.2368
9.56029
8.13624
9.13153
8.04527
8.04844
10.7799
8.7194
8.21121
8.24627
8.24472
8.29991
10.7606
8.51889
10.7084
10.5499
9.13953
8.07812
