18.6843
18.8063
18.8497
18.7148
18.5726
18.2217
17.747
18.1602
18.1835
17.9857
17.667
18.407
18.1288
18.2462
18.3404
17.4493
17.7488
17.4778
16.4853
18.2468
18.1222
17.9977
17.6781
18.1834
18.1867
18.6201
18.6211
18.3963
18.8126
18.4295
18.2884
18.3956
18.3706
18.7
19.1244
18.5645
18.214
18.5815
18.5132
18.871
18.8047
18.8365
18.6323
18.8459
18.5214
18.9038
18.6923
18.5521
18.8448
18.7328
18.8718
18.8202
18.8977
18.9847
18.9575
18.699
19.1003
18.8849
18.8536
18.8482
18.9422
18.9555
18.8879
18.9418
18.93
18.9937
18.6344
18.8329
18.6657
18.9338
18.7146
18.9416
18.8843
18.7291
18.6562
18.8885
18.9605
18.6791
18.8939
18.8536
18.7053
18.936
18.7572
18.7916
18.8849
18.8471
18.7897
18.8551
18.9149
18.8643
18.7098
18.838
18.968
18.8675
18.8772
18.9251
18.9885
18.9354
18.8681
18.8747
