0.0514346
0.0263863
0.0265004
0.0278052
0.0295051
0.0317134
0.0321565
0.0325448
0.0313437
0.0333958
0.0365351
0.0352434
0.0336209
0.033713
0.0327344
0.0332834
0.0330635
0.0345078
0.0331452
0.0348849
0.0325769
0.034574
0.0350177
0.0371371
0.0357831
0.0387266
0.0366837
0.0378132
0.0386357
0.0375826
0.037817
0.038192
0.0371333
0.0377827
0.0371706
0.0389401
0.0389522
0.0391278
0.0392779
0.0392943
0.0398165
0.0391656
0.0394568
0.0391551
0.0395228
0.0404761
0.0412417
0.0408505
0.0401379
0.0418305
0.0429241
0.0418562
0.0409654
0.0418717
0.0435678
0.0426876
0.0452642
0.0440216
0.0456702
0.0454812
0.0448879
0.0449923
0.0455944
0.0457228
0.04727
0.0474966
0.0477633
0.0495889
0.0477378
0.0488466
0.0482087
0.0503713
0.0491157
0.0507128
0.0515806
0.0501595
0.0519441
0.0507774
0.0526269
0.0522307
0.052539
0.05204
0.0552172
0.0577532
0.0649705
0.0732987
0.0816276
0.0912386
0.0986531
0.107387
0.113303
0.125406
0.133767
0.137831
0.152915
0.160416
0.172348
0.180906
0.185933
0.202579
