57.2411
57.2905
57.2097
57.3195
57.3607
57.2832
57.2416
57.2977
57.2359
56.9685
57.0653
57.2957
57.3053
57.1881
57.163
57.3633
57.294
57.256
57.3433
57.2136
57.2567
57.3359
57.2609
57.2509
57.2371
57.1865
57.1745
57.245
57.1993
57.2814
57.349
57.2236
57.2994
57.2549
57.2232
57.2321
57.2451
57.1889
57.2444
57.1077
57.2077
57.1726
57.0959
57.2081
57.1805
57.2166
57.0815
57.1449
57.2643
57.212
57.1894
57.2361
57.1123
57.1686
57.2802
57.2847
57.2192
57.1032
57.2055
57.0939
57.2433
57.2459
57.1364
56.872
57.2051
57.0636
56.923
57.0341
57.2979
57.2395
57.1921
56.7161
56.8118
57.0093
57.1902
56.8537
56.8598
57.0197
56.6501
56.8109
56.9313
57.0476
56.3518
56.9121
56.9427
56.4191
56.3881
56.0512
55.3734
56.6494
56.5421
56.4912
56.6185
56.6151
56.8221
56.6259
56.8947
56.616
56.6722
56.0587
56.6792
56.7202
56.8455
56.8972
56.7679
56.313
56.3132
56.8528
56.2744
56.4735
56.3388
56.7225
56.5349
57.0766
56.3516
55.9166
56.0265
56.2294
56.104
56.413
56.0518
56.8186
55.9023
56.5779
56.7216
56.2461
56.2947
55.8049
56.2903
55.8849
56.0778
56.5983
55.9311
55.3761
56.2522
56.535
56.1033
55.9708
55.94
56.24
56.5625
57.2679
55.8439
56.1374
55.895
56.4235
56.1591
56.6407
55.5339
55.8875
56.2762
55.9833
55.9155
56.3208
55.8845
56.1914
55.8319
56.3926
56.7262
55.7332
55.9146
56.5487
56.0679
55.788
56.4048
56.502
56.636
55.9989
56.1253
56.3849
55.6342
56.1812
55.7382
56.4037
55.7894
56.099
56.7352
56.3256
56.0943
56.8032
56.0537
56.0501
56.1359
55.9835
56.258
56.1714
56.1074
56.6724
55.636
56.0477
56.2161
56.4378
56.6127
56.2694
56.2119
57.032
56.4129
55.8658
55.9417
55.1852
