0.155695
0.140994
0.12366
0.103822
0.0420317
0.0270032
0.0269285
0.0292835
0.0271468
0.0295378
0.0269567
0.0274912
0.0295561
0.0263167
0.0264426
0.0249865
0.0279805
0.0260883
0.0272623
0.0242633
0.0212725
0.0245693
0.0236274
0.0211161
0.0206091
0.0187131
0.0181162
0.0171807
0.0156108
0.0167011
0.0164298
0.0158256
0.0162652
0.0155768
0.0162852
0.0160778
0.0157594
0.0163093
0.0166167
0.0163204
0.0156461
0.016057
0.0166229
0.0156286
0.0159184
0.0156127
0.0168332
0.0167475
0.0162207
0.0173714
0.0159916
0.0167962
0.0170368
0.0170157
0.0169769
0.0174944
0.0182894
0.0182388
0.0182262
0.0183928
0.0191083
0.0186202
0.0185105
0.0200375
0.0197765
0.0193944
0.0197398
0.0210936
0.0214168
0.0210038
0.0209883
0.0216696
0.0209041
0.0228743
0.022565
0.0231616
0.0239482
0.0243825
0.0231172
0.0246739
0.0240051
0.0250639
0.0253961
0.0263543
0.0266466
0.0257886
0.0264524
0.0266946
0.0260965
0.0279743
0.0274864
0.0270052
0.0281975
0.0279712
0.0285101
0.0296425
0.0290812
0.0297806
0.0305009
0.0319871
0.030071
0.0308635
0.0299664
0.0323665
0.0316946
0.0326728
0.033697
0.0334441
0.0338147
0.034428
0.0348904
0.0345274
0.0363964
0.035301
0.0359977
0.0375495
0.0382715
0.0363249
0.0364976
0.0357848
0.0382082
0.0388912
0.0390835
0.0385512
0.0385366
0.0397567
0.0383534
0.0397913
0.037908
0.0401328
0.043631
0.0424217
0.0401924
0.0428959
0.0421116
0.0420399
0.0436999
0.0421559
0.041666
0.0453668
0.0421695
0.0425978
0.0440299
0.0474552
0.0482091
0.0457002
0.0479962
0.0449417
0.0459193
0.0455696
0.0456358
0.0471366
0.0469237
0.0506584
0.0488381
0.0490099
0.0515054
0.0509163
0.0497192
0.050677
0.0543967
0.0506241
0.0509123
0.0542859
0.0559327
0.0541797
0.0560924
0.0529776
0.0525816
0.0549141
0.0570893
0.0531595
0.0555674
0.0551033
0.0572173
0.0560304
0.0553421
0.0569341
0.0571936
0.0570233
0.0572159
0.0557132
0.058514
0.0596375
0.0573492
0.0593266
0.0597072
0.059102
0.059766
0.058558
0.0615723
0.0592797
0.0613392
0.0589289
0.05875
0.0595439
0.060457
0.0582286
0.0613478
0.0600352
