 0.010139
0.0201663
 0.030029
 0.039767
0.0495078
0.0594209
0.0696508
 0.080257
0.0911889
 0.102313
 0.113486
  0.12464
 0.135843
 0.147285
 0.159195
 0.171719
 0.184829
 0.198328
 0.211973
 0.225648
 0.239472
 0.253753
 0.268781
 0.284602
 0.300958
 0.317457
 0.333884
 0.350389
 0.367377
 0.385165
 0.403689
 0.422518
 0.441193
 0.459596
 0.478035
 0.496962
 0.516578
 0.536651
 0.556692
 0.576321
 0.595532
 0.614663
 0.634121
 0.654078
 0.674364
 0.694587
 0.714391
 0.733659
 0.752565
 0.771443
  0.79059
 0.810104
 0.829849
 0.849539
  0.86889
 0.887762
  0.90622
 0.924498
 0.942882
 0.961591
 0.980673
