31.0935
110.021
43.0752
22.0564
34.2379
42.881
72.7222
63.2218
78.2693
81.2263
89.891
95.5528
115.582
135.543
135.828
162.421
199.185
210.52
254.193
294.65
331.229
342.371
341.327
382.128
401.585
449.124
470.368
461.736
493.618
525.365
560.037
595.68
587.588
625.79
629.046
673.508
669.098
671.279
660.04
692.948
721.664
725.712
717.332
730.656
720.238
702.244
714.95
711.412
732.727
754.841
736.408
722.101
751.316
766.281
773.522
753.988
765.231
739.902
739.397
741.963
750.029
747.843
738.562
726.676
749.242
723.637
710.208
725.128
713.712
700.255
691.168
712.117
670.252
683.705
672.311
659.435
665.319
642.242
645.642
610.822
587.825
609.265
597.847
564.921
566.831
557.136
552.903
560.048
547.534
518.112
527.196
504.457
520.081
525.16
497.086
486.49
492.576
466.826
464.799
479.336
