1.22511
1.14102
0.25124
0.259207
0.24756
0.254545
0.249208
0.23805
0.245823
0.243374
0.242206
0.240535
0.239443
0.246634
0.242886
0.235588
0.231127
0.22972
0.238085
0.242644
0.243218
0.249278
0.249849
0.25107
0.245741
0.2557
0.245504
0.257622
0.254167
0.264907
0.268473
0.250689
0.264631
0.269895
0.263994
0.270704
0.266824
0.26753
0.272388
0.272672
0.267017
0.270069
0.279503
0.276834
0.276511
0.273796
0.280087
0.276836
0.276092
0.266758
0.276185
0.276112
0.281091
0.279679
0.287778
0.283881
0.284147
0.287
0.285632
0.285208
0.279132
0.278705
0.29496
0.281459
0.293496
0.285296
0.288459
0.289309
0.290445
0.293624
0.29491
0.297153
0.284564
0.287941
0.286104
0.291865
0.283779
0.282326
0.281445
0.281187
0.285953
0.274078
0.272627
0.277415
0.274294
0.267585
0.265705
0.267406
0.27086
0.270216
0.267609
0.269213
0.269927
0.261143
0.263436
0.265431
0.260923
0.262756
0.262312
0.257948
