13.1793
12.2428
12.2152
12.0598
10.1276
10.5927
15.2787
10.0619
10.8746
13.5202
15.0738
12.334
11.3859
13.149
13.0432
12.3808
11.6983
13.462
11.0919
13.0876
11.8534
14.9198
13.6427
13.8381
10.8974
13.562
12.5063
15.0583
14.5548
15.4623
13.6476
12.7677
12.5554
14.5893
12.1536
14.3343
13.4409
12.3337
11.9534
12.1775
12.019
13.7539
12.5054
14.1885
12.3781
13.0771
12.1139
11.5601
13.1857
12.8785
13.0566
12.8832
11.8205
12.0249
12.6369
13.0921
14.6475
12.6129
12.5148
11.9828
11.5735
12.8637
13.2314
13.5871
12.7642
11.6792
12.4759
12.7072
12.6616
12.9054
13.4308
11.762
13.6638
12.2205
14.7385
13.8362
12.7117
12.9789
12.0219
12.4974
12.3183
12.1048
11.9761
11.8957
13.3581
13.6193
12.7694
13.552
14.2304
13.2909
13.9882
13.1554
13.8032
12.8893
12.4582
14.2804
12.1955
13.3529
13.3903
12.6187
