24.851
24.7944
23.1826
23.2943
22.7847
22.6689
22.9248
22.7897
23.1727
24.9837
23.4984
22.9
25.0497
23.1523
23.3752
22.9819
22.9114
23.1102
23.3151
23.0136
23.2229
22.9556
23.1794
23.1482
24.7944
23.2946
22.9361
23.0916
25.0032
23.2139
25.058
23.1349
24.8694
22.1584
23.447
24.8554
23.7289
22.6872
22.9289
20.6328
22.9649
23.2045
24.822
22.9716
23.0778
22.1171
22.5895
22.942
23.1167
23.0689
23.0237
23.3148
23.5114
22.7725
24.5768
24.983
23.3397
23.2144
24.8407
23.1123
24.9213
23.1447
23.1138
24.7982
23.6853
23.0166
22.6454
24.9317
24.9852
24.6736
23.3619
23.3935
23.8909
24.4206
24.4345
23.0746
24.9125
24.1474
23.6033
22.8571
25.0645
24.9671
21.7213
24.5241
22.8294
23.2123
22.9632
24.8563
23.7619
24.4887
23.4104
22.4325
23.2335
23.3628
23.7773
24.7818
24.7865
24.188
24.4545
23.0229
23.4774
23.3566
24.6477
22.9884
22.1513
24.9339
24.4166
24.1823
23.3517
24.6148
23.3955
23.6879
23.8346
23.7717
23.5777
25.0818
24.8313
24.5525
23.4779
24.4159
23.5577
23.3794
24.9204
24.0897
23.4905
25.0074
23.8209
24.4624
23.838
24.8816
23.6881
23.3561
23.9308
24.7841
24.6354
24.3224
24.3541
23.8162
24.104
24.2016
24.7352
24.6286
23.7876
24.3803
23.7605
24.857
24.9148
24.5738
24.1768
23.1994
23.9886
23.8315
23.8177
23.744
22.6945
23.438
23.2128
23.7874
24.7783
23.6535
23.6843
24.5879
23.7459
23.449
22.9818
24.6775
23.6906
24.8817
21.3364
24.389
24.0834
23.7413
22.8793
22.8955
23.2128
23.727
24.1426
24.8602
22.8923
23.1197
22.1459
23.073
24.9592
23.038
23.4491
21.6812
22.8337
21.5375
21.4851
23.051
21.5642
22.9826
21.6817
23.543
21.7297
22.8027
23.0168
21.4755
22.9546
20.9566
