50.2055
50.2152
50.2073
50.2161
50.1454
50.2242
50.2318
50.1573
50.2103
50.2123
50.1737
50.1534
50.2744
50.3093
50.2096
50.2799
50.1456
49.9731
50.1671
50.2599
50.2332
50.3114
50.0674
50.1365
50.2976
50.3045
50.23
50.2651
50.0597
50.2135
50.1586
50.0329
50.2026
50.1512
49.972
50.2381
49.8978
50.2497
50.2163
50.2794
50.0163
49.8859
50.0715
50.214
50.1605
50.1839
50.0711
50.175
50.0003
49.9503
49.9364
49.5465
49.9018
49.6219
49.8694
49.8716
50.118
49.8978
50.0939
50.1401
49.7426
49.6914
49.9382
49.4006
49.6422
49.963
49.5903
49.613
49.4134
49.8609
49.5739
49.1276
49.3344
49.1246
49.2114
49.28
49.2055
49.4034
49.0145
48.2979
49.0099
48.7858
49.3154
49.489
48.7251
49.4144
48.6474
47.8301
48.637
49.1818
49.5551
49.9166
49.6229
49.3265
49.5612
49.3817
49.591
49.6209
49.4787
49.3467
49.2518
49.8905
48.4309
49.273
50.0439
49.145
49.1965
48.8626
48.3722
49.2383
49.111
48.8181
49.267
49.1596
49.3469
48.6033
49.4326
48.4831
49.3897
49.7481
49.4249
49.1698
49.8871
49.626
48.5347
49.1923
49.0304
49.714
48.2977
49.7679
48.9415
49.2894
49.1851
48.2401
48.5957
49.3675
48.5076
48.5026
49.3954
49.0657
48.2616
48.6146
48.8531
48.6795
48.4463
49.1168
48.9173
48.8698
48.7253
49.3076
48.3305
48.9091
48.5369
48.382
48.9072
48.7819
48.5209
47.4476
48.2106
49.2287
47.7825
48.3284
48.3005
48.5291
49.003
48.4514
47.956
48.5044
47.6291
46.9779
48.9813
48.611
48.2676
46.3242
48.8225
48.9892
49.6641
48.3924
48.3892
48.5781
48.3938
48.3238
49.4468
48.8697
48.1878
49.2794
48.7186
48.1809
47.971
48.3538
48.4441
48.696
47.9548
49.318
47.7956
48.9058
49.0772
47.3596
48.3758
48.6942
