14.5714
16.4505
15.3382
16.3007
15.2511
15.1551
15.1641
14.1376
16.5578
15.3198
16.5807
15.7042
16.2895
15.2292
15.7408
16.4027
14.9583
14.0942
16.2673
15.2444
15.4888
14.9543
16.5176
16.3892
15.2136
15.5786
15.0145
15.3326
15.0841
14.3005
15.494
16.4159
15.9171
15.0303
15.2976
15.1823
14.2954
15.1612
13.2339
15.8562
15.338
14.2145
15.3393
15.9877
12.9995
16.4627
13.6625
14.7288
14.1306
16.4444
14.4423
15.062
14.8603
14.8218
16.0029
15.1357
13.864
14.9171
14.3176
13.2383
14.6938
13.5499
16.1831
16.0551
12.8541
14.9716
15.3253
15.2357
15.1558
13.7723
14.9196
14.5035
15.9268
14.9624
16.2061
15.0082
14.8025
13.2894
14.107
13.7365
15.4359
11.4707
12.7184
13.4221
13.6322
12.7533
15.2817
14.3366
12.8941
16.1106
14.5028
14.7252
14.8359
14.2592
14.2291
15.2137
14.8273
13.681
12.9932
14.9112
16.4569
14.1173
15.1475
14.7309
14.4165
14.7879
12.527
16.2702
14.4132
15.6885
15.3144
14.1679
14.6447
15.9817
11.1021
14.9067
16.0203
13.5819
13.9332
12.1987
11.4928
14.481
15.3938
14.7812
16.3121
16.5168
10.0438
14.409
16.4449
15.226
14.4092
12.7183
14.5861
15.8086
14.2576
12.3916
14.5244
13.1348
15.0147
14.4347
15.7658
15.0182
14.358
16.2688
12.3579
16.3431
14.6185
14.6863
16.0218
16.2788
15.1057
11.9615
15.1742
15.3567
16.2568
14.2162
15.2473
15.1086
14.4022
14.5788
15.0347
14.6384
14.693
15.0349
16.5945
15.9222
12.902
16.4564
15.2026
16.6434
15.3388
11.7736
13.677
15.3495
14.7415
16.2143
14.8794
14.4401
15.1277
11.7944
16.0111
13.2833
14.2912
16.3036
14.4999
14.1465
14.3852
13.2504
14.8383
12.8045
14.208
15.2324
16.2326
15.3001
13.1833
14.8147
15.0825
14.9538
14.559
13.5135
