0.0347728
0.0504577
0.047333
0.0437301
0.0453102
0.0468643
0.0423145
0.0459433
0.0439087
0.0447813
0.0443767
0.0473436
0.0519018
0.0460272
0.0504866
0.0499752
0.0541706
0.0512263
0.048774
0.0490563
0.0539483
0.0521242
0.0542097
0.0526503
0.0575931
0.0576744
0.057089
0.0626584
0.0558417
0.0613958
0.0630065
0.0647223
0.0639428
0.0731558
0.0748643
0.0784747
0.0837572
0.0817127
0.0907468
0.0946141
0.0945119
0.100777
0.0978357
0.108653
0.108385
0.114278
0.115844
0.119872
0.125144
0.128627
0.137663
0.1349
0.138154
0.13913
0.147591
0.154554
0.155914
0.157601
0.16626
0.169052
0.179844
0.185588
0.197051
0.198019
0.198978
0.209227
0.221632
0.220234
0.230694
0.242054
0.245678
0.258277
0.259593
0.261145
0.272698
0.278111
0.287952
0.293792
0.288842
0.302346
0.313828
0.311347
0.319872
0.331993
0.34
0.342187
0.344085
0.348743
0.359799
0.354806
0.365838
0.372088
0.378406
0.377796
0.390001
0.388302
0.392558
0.393711
0.400147
0.399328
