13.1455
9.90188
10.84
11.6834
12.2012
12.7532
12.6776
12.6443
12.2824
12.5321
12.89
13.0473
12.8248
13.2057
13.0022
13.065
13.4758
13.4998
13.6438
13.2162
12.9805
13.2927
13.7566
13.0235
12.9847
13.3668
12.7364
12.9327
13.3731
13.2159
13.5033
13.2876
13.1413
12.8582
12.5561
11.2478
9.73673
8.8853
7.0193
6.17263
5.96376
5.36268
5.52796
6.07189
5.8519
5.79346
6.36217
6.11527
6.19499
6.39654
6.15857
5.78136
5.9208
6.07585
5.63217
5.9974
5.861
5.8058
5.9455
5.97988
5.79166
5.93925
5.92411
5.83775
5.64209
5.88806
5.63804
5.41134
4.76254
3.18974
4.27898
5.08945
4.91461
5.33383
5.2392
5.35101
5.07626
5.44408
5.50861
5.40194
5.61888
5.19911
5.22856
5.34293
5.38515
5.3462
5.38614
5.34478
5.11699
5.29518
5.39981
5.29714
5.54768
5.49341
5.78723
5.65954
5.47874
5.62397
5.35755
5.49958
5.60472
5.68639
5.49543
5.58963
5.65453
5.40105
5.3891
5.47832
5.3627
5.34992
5.52937
5.80127
5.65747
5.45417
5.35428
5.6789
5.4442
5.73603
5.62547
5.51985
5.63143
5.55841
5.67547
5.42103
5.6386
5.52633
5.43731
5.59288
5.60813
5.34978
5.38779
5.3418
5.7473
5.60433
5.49225
5.56871
5.56743
5.52786
5.57553
5.32748
5.40742
5.25138
5.45043
5.57702
5.48848
5.47936
5.58114
5.13975
5.33151
5.1214
5.46424
5.51981
5.6379
5.51443
5.52492
5.43187
5.49833
5.35197
5.14821
5.45964
5.2402
5.35475
5.11711
5.32488
5.28616
5.3395
5.28509
5.12395
5.23308
5.12667
5.26271
5.21744
5.29843
5.21988
5.20492
5.28467
5.13861
5.14145
5.39346
5.01784
5.08577
5.33077
5.3711
5.29222
5.11736
4.98264
5.0834
5.00619
4.99993
5.31575
5.15583
5.1401
5.03386
4.91555
5.00073
5.12295
5.10624
4.93748
5.22392
4.93518
