36.6591
36.6726
36.6925
36.6893
36.6355
36.6568
36.6838
36.6833
36.6955
36.6498
36.6379
36.6605
36.6782
36.6004
36.6782
36.6833
36.6858
36.613
36.6668
36.7037
36.5855
36.692
36.5345
36.6005
36.6167
36.6628
36.6927
36.6691
36.6995
36.705
36.6928
36.6882
36.6792
36.7232
36.6907
36.702
36.6411
36.6942
36.6981
36.6566
36.6463
36.5117
36.6103
36.6674
36.5453
36.5708
36.4519
36.5107
36.664
36.5161
36.6555
36.5951
36.4729
36.6487
36.4617
36.3726
36.5533
36.6142
36.687
36.6225
36.6034
36.5153
36.6047
36.5384
36.4742
36.4118
36.3241
36.611
36.3011
35.6957
36.3324
36.3118
36.4458
36.5849
36.6508
36.5032
36.625
36.4982
36.3343
36.4598
36.6489
36.2758
36.585
36.2598
36.6344
36.5535
36.0595
36.4866
35.8773
36.555
36.5249
36.4071
36.6086
36.4392
36.5004
36.4991
36.4538
36.19
36.3574
36.5259
36.3412
36.4371
36.2156
36.5346
36.3024
36.4626
36.4827
36.5319
36.0268
36.1887
36.163
36.4972
36.5898
36.0819
36.1024
36.4556
36.4114
36.1354
36.1559
36.0596
36.2623
36.1758
36.3493
35.9378
36.6057
36.3351
36.1477
36.2674
36.381
36.1361
36.6246
35.8523
36.4732
36.4333
36.0413
36.3413
35.9806
36.0697
36.1528
36.1494
36.4202
36.3117
36.35
36.4405
36.2452
35.9169
36.1697
36.0576
36.4876
35.9846
36.0142
35.7074
36.2847
36.1186
36.1025
36.0624
36.0474
36.1332
36.1625
36.3096
36.0121
36.273
36.4931
35.7337
35.9601
36.591
36.4247
36.569
36.2888
36.027
35.9938
35.9539
36.0059
36.2405
36.1209
36.032
36.2213
36.2473
36.3519
35.8323
36.2895
36.1635
35.9476
36.5042
36.1086
35.9095
35.8389
36.1756
36.4818
36.1101
36.651
36.1852
36.039
36.3017
35.909
36.5193
36.0512
35.5374
36.125
36.0083
