6.376
5.28108
5.28173
5.35265
5.54799
5.81003
5.53889
5.87793
5.73786
3.26535
0.729899
0.728614
0.751139
0.711871
0.681456
0.647729
0.64589
0.620192
0.597275
0.594753
0.577064
0.586147
0.564972
0.572829
0.563722
0.538394
0.501877
0.516551
0.53265
0.503183
0.497615
0.497216
0.484971
0.469762
0.491763
0.469902
0.48304
0.47763
0.477029
0.475317
0.478344
0.478214
0.459485
0.477791
0.466973
0.46333
0.475824
0.470811
0.464436
0.469197
0.455477
0.470509
0.479044
0.481014
0.473185
0.480106
0.481961
0.494788
0.499748
0.502278
0.493774
0.496482
0.489764
0.500216
0.500949
0.494619
0.49545
0.503559
0.493618
0.501324
0.501611
0.506073
0.495688
0.504551
0.519529
0.501576
0.494751
0.505285
0.50026
0.524727
0.50658
0.506619
3678.38
2201.26
190.606
36.3508
7.93761
3.60629
1.41684
0.875447
0.827169
0.821692
0.789955
0.760876
0.779477
0.753777
0.764954
0.756508
0.762587
0.751029
