14.7755
16.0888
14.8005
16.5417
15.4008
15.9597
17.131
17.6974
16.7311
17.2633
16.4026
14.6505
16.2799
15.4673
16.7168
15.7003
17.8311
17.0567
18.3832
16.1283
17.31
17.7958
16.4799
16.9241
16.6856
17.8448
17.0207
16.3848
17.4121
17.1007
17.0298
17.512
17.5641
17.5546
17.2133
17.1858
17.2805
17.1646
17.32
17.7196
16.7906
16.4461
17.1035
16.5286
16.3388
16.7013
16.7703
16.2278
16.905
17.8824
17.3809
16.5666
17.7708
17.269
17.3302
16.3269
17.0409
17.5527
16.6888
16.9573
16.8653
16.6673
17.5934
16.5516
17.0433
16.6158
16.6939
17.2705
16.6919
16.3861
16.4337
16.8824
16.678
16.0653
16.9285
17.6109
16.2877
16.919
17.1185
16.4783
15.9161
16.8321
5.94142
9.8568
15.2963
10.649
15.6144
14.0716
10.6403
15.6094
16.2785
16.7537
17.7637
16.4124
17.6664
15.7794
17.3375
17.5519
17.4269
17.3123
