375.802
142.284
77.0438
2.43281
0.974319
0.321003
0.116151
0.0973096
0.0881277
0.0859385
0.0849415
0.086612
0.0795086
0.0798032
0.073477
0.0740291
0.0726027
0.0676356
0.0711144
0.0692939
0.0718937
0.068779
0.0657264
0.0684534
0.069307
0.0673965
0.067378
0.0671628
0.0670528
0.0698954
0.0696186
0.0664851
0.0715056
0.0695759
0.0706263
0.0739237
0.0751331
0.0722578
0.0726526
0.0738814
0.0759499
0.0768865
0.0786821
0.0822146
0.0844765
0.0823223
0.0848255
0.0855103
0.0872934
0.0889386
0.0868829
0.0951707
0.0957945
0.0930561
0.0982589
0.103871
0.101103
0.104456
0.103593
0.109691
0.109388
0.112862
0.113406
0.118703
0.12143
0.125281
0.129848
0.130743
0.13103
0.13577
0.133377
0.135006
0.141794
0.142259
0.144546
0.147727
0.150304
0.152421
0.158353
0.162269
0.164314
0.162766
0.167441
0.170812
0.172913
0.175357
0.174501
0.176891
0.178163
0.18173
0.186757
0.187341
0.185262
0.189885
0.188063
0.191207
0.193874
0.194271
0.191288
0.198559
