9.06453
6.08513
8.24882
8.10583
7.75027
8.7519
8.838
9.70495
7.14896
9.40805
7.13301
6.51346
7.56416
9.05653
9.47136
7.58928
7.59945
7.69095
10.3035
9.97366
7.68342
7.53345
8.74642
8.40677
8.53465
7.53032
11.2989
9.00167
7.11996
10.6247
7.87202
8.41933
7.32219
8.64383
6.88296
8.19296
7.47252
7.90815
10.6197
9.55507
5.6469
7.76425
6.85794
7.11451
7.53277
7.95502
7.75352
10.5819
5.98636
10.6263
9.71339
7.54455
10.6323
10.9383
10.6764
11.0049
10.6766
10.7226
10.7202
10.7192
10.7018
10.7231
10.7221
10.6807
10.7126
10.6799
10.7004
10.7194
10.6808
10.6887
10.7106
10.6808
10.6928
10.683
10.7376
10.7194
10.7009
10.7017
10.6816
10.7008
10.6981
10.6779
10.7195
10.7259
10.7009
10.6998
10.7194
10.7194
10.734
10.7194
10.7167
10.727
11.0572
10.6982
10.6765
10.7197
10.6985
10.6836
10.7209
10.7165
