2.40777
2.81971
2.57988
3.01062
3.18372
3.14718
3.01175
2.42151
3.18034
2.59223
2.89326
2.69968
3.13846
2.70342
2.99144
2.9804
3.23531
3.05428
3.19894
3.05425
3.22529
3.68201
2.93357
3.17843
3.3794
3.06458
3.20321
3.09831
3.64517
3.45324
3.08842
3.21574
3.74208
3.14014
3.43882
3.44052
3.3855
3.7213
3.3404
3.4135
3.28233
3.7621
3.67934
3.32969
3.58621
4.08865
3.51062
3.85376
3.43776
3.87116
3.19781
3.48905
3.87423
3.73985
3.69721
3.59611
3.87646
3.57006
3.47432
3.88797
3.85089
3.94755
3.92672
3.68269
3.61255
3.89895
4.03904
3.85986
3.94478
3.87019
4.07204
3.98172
3.98384
4.0436
4.02918
4.08174
4.08408
3.96401
3.80026
4.02816
3.99181
3.83796
4.13049
3.87335
3.75337
4.01841
3.97248
4.0654
4.06373
4.10311
4.0952
4.05133
4.08452
4.10591
4.14689
4.0207
4.13169
4.06324
4.11405
4.12007
4.1148
4.12725
4.11538
4.12592
4.07928
4.12834
4.0854
4.12208
4.14478
4.15154
4.14563
4.11839
4.11347
4.13282
4.14861
4.12341
4.13027
4.07025
4.10418
4.10357
4.02207
4.15116
4.14399
4.07496
4.09062
4.16352
4.12253
4.14555
4.12557
4.15362
4.16525
4.09555
4.15673
4.13041
4.12834
4.11399
4.1695
4.11429
4.15617
4.10947
4.1404
4.13625
4.17414
4.10029
4.19481
4.17039
4.13258
4.16386
4.15338
4.16986
4.13911
4.14852
4.14938
4.17055
4.16986
4.12437
4.16986
4.13375
4.15025
4.15081
4.13327
4.13536
4.16069
4.1695
4.15617
4.15617
4.14689
4.1695
4.16986
4.11106
4.15617
4.16617
4.1325
4.15808
4.1695
4.13252
4.17754
4.19481
4.13613
4.12309
4.19987
4.14982
4.12045
4.17128
4.17173
4.1695
4.16808
4.19481
4.1695
4.13988
4.13389
4.17412
4.15274
4.16986
4.18879
4.1695
4.13849
4.1695
4.13952
4.18879
