3.3272
3.33437
3.3301
3.33475
3.33123
3.32566
3.3273
3.32783
3.32137
3.32034
3.3329
3.34019
3.3405
3.30291
3.33546
3.34577
3.326
3.32256
3.31838
3.235
3.34351
3.33005
3.32902
3.31449
3.33754
3.35357
3.34381
3.36517
3.35334
3.32129
3.33467
3.38314
3.52265
3.40977
3.36525
3.43395
3.33567
3.39769
3.41713
3.41263
3.47114
3.40581
3.46665
3.60278
3.4361
3.42502
3.4079
3.41488
3.44897
3.59681
3.50916
3.47724
3.60269
3.3856
3.67484
3.53528
3.5302
3.51489
4.07935
3.61811
3.87503
3.49428
3.63143
3.59035
3.63232
3.69268
3.64623
3.6213
3.59396
3.70205
3.77888
3.53981
3.72275
3.5124
3.83013
3.66729
3.79599
3.69297
3.54309
3.73132
3.93806
3.90889
3.69966
3.67458
3.77826
3.9731
3.68746
3.80877
3.64729
3.86741
3.78352
3.67655
3.96802
3.9287
3.61563
3.89114
3.848
3.79398
4.14941
3.80661
3.97942
3.86732
4.03323
3.88733
4.23499
3.92489
3.95646
3.95968
3.86099
4.03427
3.86801
3.97608
4.04481
3.97471
3.87769
4.00078
4.15316
4.08189
3.91925
3.91121
3.852
3.93073
4.24196
3.90292
4.00692
3.9522
3.93603
4.06523
4.07674
4.16229
4.05468
4.23114
4.12041
4.10032
4.20763
4.24917
4.03808
4.04403
3.95288
4.30993
4.14978
4.26736
4.16172
4.21758
4.04997
4.30959
4.1893
4.19402
4.16377
4.20957
4.11535
4.2168
4.09978
4.07805
4.22914
4.07445
4.26009
4.22683
4.24316
4.15317
4.1074
4.25042
4.22204
4.22837
4.27322
4.23603
4.27265
4.10088
4.24531
4.24077
4.17789
4.19736
4.32532
4.22414
4.16343
4.15919
4.21239
4.21678
4.1906
4.2522
4.17078
4.30106
4.29443
4.20505
4.18495
4.21556
4.2143
4.17117
4.34025
4.11056
4.28829
4.29314
4.27237
4.25405
4.29235
4.20209
4.30266
4.1902
4.21566
4.17774
