15.1071
16.4225
14.5371
14.4933
15.5268
16.3843
15.5209
14.6505
15.0811
15.1471
15.7886
15.0576
15.098
15.4578
16.1004
15.4815
15.5173
15.7684
15.7692
16.3928
16.2856
14.7581
15.0288
16.5631
15.127
15.472
15.3023
14.9269
16.0055
15.5479
13.9808
16.2696
15.2716
16.4479
15.623
12.9755
15.6059
16.4387
15.0186
14.8964
15.4038
15.8074
16.3525
15.8229
16.4996
15.5911
16.4446
16.5449
14.7658
14.7884
16.0633
15.0733
14.9947
14.9812
14.2778
14.0876
16.4857
15.1181
15.1701
14.6208
15.1233
15.5864
15.5422
15.0569
15.5442
14.9731
15.0692
15.2255
15.2012
14.5132
15.0898
13.1894
15.9912
15.2012
15.1121
15.8061
14.5975
14.6312
16.3735
16.5074
12.9814
16.2223
16.3952
15.3491
13.6389
14.9916
15.1242
15.0531
15.1151
15.2112
15.2651
15.1209
15.1481
15.1743
16.4919
13.0431
14.8099
16.0348
13.9716
15.2594
15.5367
16.485
13.9776
15.6993
14.6188
15.2589
14.8797
14.1634
15.3555
15.9628
13.2674
15.3546
15.4627
16.1846
15.1062
15.4697
15.4919
14.3964
14.9463
16.0458
14.7199
15.7294
13.4417
11.6014
13.3828
13.4669
14.031
12.1083
12.5273
14.9076
13.7769
16.3375
12.2208
13.8493
14.0717
16.2799
14.7646
14.979
15.1116
15.3712
16.2888
14.5018
15.0812
12.5732
16.1712
15.0377
16.1423
16.3651
10.8323
16.4019
11.7701
15.3891
14.7667
15.5733
16.2584
14.8605
16.4016
13.2108
16.2773
16.1386
15.4925
15.0976
14.3183
14.9141
16.194
16.4218
14.9118
16.2082
16.2955
14.8216
15.0957
15.3727
15.0022
12.4783
15.2744
15.378
13.562
15.0587
16.0693
16.4018
16.2356
16.2939
16.2112
14.4478
13.8441
12.4829
14.2812
13.8714
14.5656
14.8627
15.491
15.1461
14.8549
15.2384
16.4987
15.455
16.2672
16.2069
14.0676
15.4675
