50.5557
46.0252
49.6282
53.3699
58.0697
56.9596
56.4733
57.639
57.4056
56.641
57.089
59.2915
59.531
59.1595
58.4089
58.7431
61.0035
59.5868
60.1138
61.5095
58.854
59.6632
62.3307
62.1326
59.4884
61.3237
59.032
61.1019
60.4002
59.2585
59.7714
58.042
60.3659
59.4564
58.6092
58.2279
57.9281
59.2454
58.3083
59.5866
60.4534
58.3988
57.4121
54.9777
53.8592
51.0309
48.7559
37.2629
32.6497
27.9954
26.3073
26.626
27.4194
27.5377
26.9627
27.1789
28.1534
28.4082
28.7116
28.8585
29.3172
27.6966
28.0478
27.9928
28.2998
27.1919
26.9784
27.5431
28.2991
28.1494
28.0385
27.3946
27.5552
28.1133
27.2408
27.1141
27.3542
27.1716
26.5944
27.2756
27.9139
27.1786
26.704
26.7947
25.8941
25.9959
25.6481
25.4176
23.3235
23.0591
23.8275
23.7947
23.399
24.3493
24.9734
25.6177
26.2586
25.6472
25.5119
25.925
24.3312
25.8456
25.604
25.3218
26.099
26.411
26.1393
25.4931
26.3439
25.9058
25.8302
26.5003
26.184
25.473
25.5366
25.1608
26.0741
25.9565
26.0572
25.3212
24.8449
26.4859
26.2385
25.7404
26.3892
25.0591
24.3246
25.3918
25.2719
25.4237
25.7865
26.1708
24.7817
23.6687
25.0158
24.636
24.5708
25.2969
24.8618
24.5159
24.6842
24.2928
24.6207
23.7952
25.0676
24.1748
24.877
24.2589
25.0365
24.499
23.7687
24.2125
24.1879
24.8526
24.8249
24.2883
25.0767
24.4551
23.1712
23.5737
24.4652
24.7565
23.3615
23.5443
24.5589
22.411
23.971
22.9874
23.8171
24.0769
23.0147
23.9943
23.6475
24.1477
23.1319
22.6632
22.9282
23.8317
23.4229
22.6691
22.7909
23.733
22.872
22.4571
22.8794
22.5729
22.0663
22.8688
22.4252
22.7678
22.1211
23.2641
22.4729
23.0852
22.2303
22.8606
21.9693
22.2301
23.4639
21.5595
