119.075
119.727
119.183
119.545
119.267
119.686
119.848
119.333
119.607
119.713
119.325
119.691
119.542
119.608
119.347
119.543
119.72
119.689
119.454
119.571
119.588
119.446
119.347
119.639
119.591
119.123
119.34
119.698
119.776
119.632
119.275
119.817
119.315
119.329
119.561
119.757
119.845
119.305
119.595
119.419
118.991
119.289
119.497
119.522
119.352
119.428
119.336
119.932
119.44
119.539
119.622
119.182
118.814
119.334
119.473
119
119.111
119.217
118.784
119.018
118.852
119.199
118.978
118.833
118.521
119.049
119.23
118.573
119.21
118.414
117.383
119.188
118.284
117.827
118.437
118.326
118.432
118.756
118.074
118.036
118.736
117.396
118.278
116.672
117.884
117.295
116.487
119.01
116.69
116.857
118.572
116.45
118.729
114.647
115.359
118.387
115.813
117.409
115.981
117.29
117.344
116.035
117.892
117.419
117.95
118.449
117.876
116.413
119.177
115.886
115.936
118.328
116.604
117.558
117.815
117.265
119.004
114.794
116.687
116.361
116.749
117.814
116.152
117.429
116.741
116.669
118.217
115.261
118.015
116.666
115.017
116.503
115.622
115.955
115.888
116.449
114.27
117.2
116.693
116.32
118.178
115.523
114.12
115.433
118.845
114.772
113.3
115.197
115.953
113.806
115.549
116.651
115.026
116.294
116.692
117.287
115.268
115.667
114.639
115.147
115.183
117.058
116.915
116.398
114.852
116.997
114.292
116.64
115.425
113.706
114.118
115.297
116.718
114.235
114.124
117.473
116.031
114.724
114.152
117.967
114.813
117.214
114.247
113.841
114.442
114.855
116.962
111.755
116.984
115.933
115.633
114.245
115.16
115.225
116.287
112.181
115.596
114.174
114.807
114.537
