0.00748614
0.00894163
0.0097389
0.0101731
0.0102137
0.0103411
0.0103704
0.0105285
0.0106206
0.0104986
0.010469
0.0100896
0.00648696
0.00348392
0.00353331
0.00444698
0.00437241
0.0040759
0.0031224
0.00391697
0.00414861
0.00446662
0.00393522
0.00411862
0.00439948
0.00429112
0.0041959
0.00389218
0.00380116
0.0043026
0.00372803
0.00385941
0.00359023
0.0040029
0.0037535
0.00392823
0.00378069
0.0034529
0.00364982
0.00389912
0.00381188
0.00378547
0.00357669
0.00362199
0.00417968
0.00391538
0.00390786
0.00367607
0.00416677
0.0041604
0.00401676
0.00399647
0.00390511
0.00369956
0.00350302
0.00369459
0.00394638
0.00346553
0.00358568
0.00334439
0.00347701
0.00364139
0.00363313
0.00384255
0.00343717
0.00370704
0.00343581
0.00323524
0.0034026
0.00310292
0.00333034
0.00320259
0.00325212
0.00305865
0.00315171
0.00332235
0.00329263
0.00314264
0.00317155
0.00339746
0.00312217
0.00309968
0.00306712
0.00320309
0.00317142
0.00329898
0.0031589
0.00318088
0.00309257
0.00335797
0.00320658
0.00319167
0.00312457
0.00321989
0.00324146
0.00305941
0.00311896
0.00315014
0.00333309
0.00320815
0.0033166
0.00340487
0.00310203
0.00312749
0.0030871
0.00308676
0.00322809
0.0032118
0.00321897
0.0032508
0.00329649
0.00313007
0.00319873
0.00329414
0.00305455
0.00311388
0.00308443
0.00313735
0.00321648
0.00314714
0.00321254
0.0031919
0.00336883
0.00340088
0.00327136
0.00325862
0.00318466
0.00315266
0.00318935
0.0033631
0.00322072
0.00324424
0.00317225
0.00321981
0.00312526
0.00312884
0.00322246
0.00309893
0.00323891
0.003189
0.00307904
0.00318605
0.00314721
0.00309148
0.00312259
0.00321593
0.00308698
0.00309002
0.00310113
0.0032007
0.00293643
0.00310617
0.00310218
0.00311644
0.00312956
0.00324117
0.00314235
0.00301109
0.00308705
0.00307178
0.00294317
0.00306194
0.00309968
0.00309091
0.00314429
0.00312507
0.00301362
0.00309271
0.00311135
0.00290963
0.00307759
0.00309816
0.00301202
0.00303171
0.00301078
0.0030413
0.00308233
0.00316572
0.00307295
0.00313851
0.00303079
0.00290964
0.00299084
0.00302107
0.00297796
0.00290806
0.00292042
0.0028968
0.00297522
0.00303778
0.0030109
0.00298772
0.00295801
0.00303881
0.00314383
0.00309422
0.00300846
0.00283766
0.00288485
0.00304246
