3.22743
3.11447
5.53558
5.19839
4.66535
4.17666
5.46917
7.19443
5.49987
4.70653
5.2676
4.58629
4.95602
3.66364
4.74542
4.39669
3.9121
3.27972
4.08444
3.35525
4.6484
3.43439
5.20044
3.09529
5.13985
5.15454
4.29878
4.01802
4.05421
5.15465
4.52462
4.40278
3.63187
4.39229
3.44841
4.69793
5.40589
3.29939
3.39171
4.6515
4.77697
3.95192
5.16154
3.87228
5.1674
3.47284
5.53804
3.82398
5.15465
5.15465
5.17459
5.0957
5.17465
3.30282
4.86493
5.16807
5.04066
5.19098
5.16154
5.16807
5.1674
4.40278
5.16154
5.16154
4.01112
6.30368
5.98886
5.16154
5.1674
5.16154
5.17459
4.3985
5.17459
3.44178
5.17459
5.16154
5.17459
5.17459
5.17459
5.20591
5.18154
5.24311
5.24767
5.18154
5.20591
5.20738
5.18154
7.07913
6.82424
5.3964
6.50307
6.7122
6.7122
8.45579
7.04242
7.76023
6.70104
6.84731
6.9844
7.6303
