7.38048
7.06786
5.88885
5.16111
9.17482
9.01441
12.4461
7.29056
9.37125
8.09819
8.20955
8.48563
8.6279
9.59047
6.33115
10.5438
8.40699
9.3334
8.54613
9.11178
7.84138
7.12909
7.16038
7.53288
9.36446
7.32213
8.55563
9.72299
7.11664
8.7081
7.36188
8.1807
9.4898
7.6974
9.77805
8.72362
8.18385
7.67986
8.0052
7.59099
9.37689
7.81192
8.15018
8.5655
8.11198
8.15912
8.46341
9.00744
8.23832
9.82718
8.53865
8.07681
8.18926
9.81695
8.45873
9.56036
9.63057
9.90351
8.48279
8.45601
9.12003
8.87793
9.83033
9.8785
8.1996
8.42117
9.78132
8.57022
8.71854
8.07195
8.32996
10.2535
8.43573
9.28193
7.5754
8.3652
9.95609
9.7584
9.8785
8.44785
9.91666
7.71057
8.12229
5.17228
9.82253
11.7371
6.63507
9.92369
11.1166
9.05093
7.51746
7.51696
7.61487
8.32324
8.20731
7.79014
9.29318
9.71078
9.71218
8.45255
