126.359
126.136
126.18
126.284
126.141
126.071
125.974
125.842
126.269
125.979
126.348
126.143
126.158
126.309
126.213
126.245
126.007
126.189
126.156
125.987
126.042
126.223
126.075
126.074
126.222
126.095
126.156
125.941
126.18
126.22
126.249
125.306
126.277
126.204
126.072
126.278
126.061
126.151
126.001
126.027
126.023
125.921
125.981
126.265
126.231
125.972
126.188
126.201
125.932
125.862
125.854
126.286
126.059
125.244
125.881
126.228
125.821
125.796
125.716
126.036
124.97
125.867
125.488
125.9
125.82
125.382
125.31
125.312
125.058
125.958
125.98
125.694
124.188
125.497
126.132
125.024
124.46
125.464
125.623
123.716
123.198
124.759
125.961
124.564
125.562
123.595
125.801
124.338
125.367
125.465
125.221
125.14
124.002
124.66
125.286
123.608
124.224
124.856
125.056
124.091
123.263
126.022
124.443
122.854
123.394
123.87
123.938
123.028
123.467
124.6
125.471
124.418
124.702
124.263
124.185
123.283
124.428
122.564
123.38
122.013
121.711
123.69
123.75
123.602
123.661
123.197
122.108
123.51
122.06
123.2
121.409
123.85
123.975
121.753
122.284
125.5
122.74
121.565
122.306
124.035
123.97
123.09
121.603
125.04
123.359
121.914
123.473
123.818
123
124.9
123.133
123.261
122.317
122.712
123.58
123.528
121.815
122.21
122.802
124.756
122.97
123.911
122.07
123.495
122.263
121.137
121.624
121.902
122.927
121.489
122.037
122.807
121.628
122.767
122.605
121.533
121.66
122.257
122.381
121.213
124.052
122.129
121.965
121.005
120.214
123.308
122.301
122.399
121.629
120.579
120.395
123.657
119.434
121.043
122.489
121.889
120.828
120.792
121.687
119.318
