0.0166576
0.0333153
0.0499695
0.0666514
0.0836058
 0.100447
 0.117298
 0.134394
 0.151785
 0.168966
 0.186237
 0.204007
 0.221813
 0.239454
 0.257349
 0.275751
 0.293917
 0.312081
 0.330652
 0.349394
 0.367935
 0.386583
 0.405592
 0.424456
 0.443346
   0.4623
 0.481348
 0.500354
 0.519364
 0.538317
 0.557219
 0.576303
 0.595103
 0.613772
 0.632568
 0.651379
 0.669738
 0.688035
 0.706624
  0.72482
 0.742663
 0.760616
 0.778696
 0.796219
  0.81358
 0.831163
 0.848556
 0.865565
 0.882541
 0.899697
  0.91653
 0.933249
 0.949973
 0.966747
 0.983368
