1.05313
0.851372
0.817458
0.808009
0.826949
0.791638
0.797822
0.765675
0.767895
0.771088
1.32664
1.4544
1.60883
1.69679
1.68242
1.77047
1.8222
1.83604
1.81928
1.75387
1.78282
1.85365
1.71716
1.83259
1.91861
1.84368
1.85791
1.8425
1.822
1.79828
1.84287
1.83483
1.8927
1.79515
1.8551
1.81903
1.83767
1.86485
1.85477
1.85838
1.85957
1.86682
1.87514
1.78872
1.81931
1.83614
1.87743
1.85041
1.86995
1.87793
1.84843
1.84809
1.89345
1.88798
1.84341
1.90946
1.85438
1.79373
1.89925
1.87305
1.83023
1.87939
1.91537
1.90723
1.83284
1.86935
1.92849
1.88738
1.86786
1.85395
1.86419
1.89819
1.84932
1.88319
1.84323
1.85669
1.84401
1.79732
1.8672
1.87041
1.80375
1.86139
1.87681
1.8361
1.81317
1.81947
1.8485
1.85777
1.87127
1.85843
1.81584
1.80626
1.80769
1.85365
1.83243
1.82249
1.82873
1.82486
1.80185
1.83279
1.86758
1.79027
1.74169
1.75429
1.77672
1.75429
1.79137
1.77537
1.76106
1.79608
1.77915
1.80537
1.79916
1.75997
1.78966
1.79116
1.75178
1.73388
1.73347
1.75644
1.7734
1.77828
1.74302
1.73236
1.72115
1.79861
1.7629
1.78807
1.73796
1.80756
1.77317
1.71065
1.76851
1.69543
1.74502
1.77388
1.69183
1.73271
1.75417
1.72375
1.70037
1.6932
1.72697
1.71334
1.68722
1.7296
1.69171
1.69772
1.65902
1.67938
1.6588
1.66627
1.66922
1.67782
1.63653
1.64783
1.6166
1.64967
1.65096
1.61731
1.65001
1.64399
1.6192
1.58818
1.63228
1.5844
1.55179
1.55863
1.54193
1.54559
1.58447
1.51006
1.55898
1.54241
1.54908
1.53639
1.52377
1.55596
1.5421
1.51105
1.5975
2.99102
1.56337
1.47468
1.64245
1.52588
1.48391
1.49072
1.48763
1.45074
1.48803
1.41636
1.45557
1.48866
1.45856
1.49611
1.4656
1.42215
1.44141
1.4829
