4.49925
4.57423
4.80685
5.12373
7.43929
4.91716
4.76726
5.2226
5.55149
4.98158
5.90194
5.57923
4.9705
7.08732
5.28378
6.06181
5.78672
5.09052
5.37724
5.35144
5.2252
5.99481
7.42235
8.09411
6.66284
6.21859
5.87771
6.09777
7.7275
7.05198
6.7616
7.04658
7.58692
7.44192
9.02685
8.1715
7.04171
6.77371
5.5442
6.14474
6.58622
6.30211
8.32691
8.58013
8.20416
9.4019
7.38569
9.1802
9.26764
8.21912
7.27945
8.95739
8.20712
8.69773
7.84813
8.78665
7.14717
8.46988
8.96944
8.99874
8.17287
8.17916
8.45138
8.18416
9.54007
7.65961
8.8193
8.10893
8.51283
7.91469
9.39662
8.79028
8.80579
8.36338
8.96417
8.55794
8.42675
9.09779
9.10468
8.78793
8.85548
8.81929
8.25553
8.72217
9.16477
8.57795
9.53552
8.92012
8.54213
8.64528
8.85682
9.11735
9.20574
8.78169
8.83733
9.03731
8.76293
8.93248
9.29232
8.71519
9.35093
9.18229
9.20266
9.00618
8.92509
9.60189
10.0213
9.36737
9.31173
9.32504
9.62543
9.42107
9.18104
8.75108
9.58888
9.82981
9.04935
9.39854
9.37628
9.17972
8.81009
9.06521
8.94875
9.51177
8.83432
9.49095
9.62502
9.08032
9.39105
9.41661
9.14272
9.52948
9.23367
9.22537
9.52732
9.60788
9.31908
9.34344
9.21206
8.98619
9.48766
9.119
9.72043
9.6964
8.98832
8.89993
9.27607
9.61505
9.9921
9.57449
9.17331
9.5018
9.57401
8.88229
9.56906
9.36277
9.82662
9.57307
9.29095
9.09513
9.08941
9.49327
9.60748
9.49854
9.53368
9.34672
8.88646
9.27977
9.56987
9.34439
9.16401
9.25429
9.43336
9.86448
9.53982
9.35748
9.29567
9.33897
9.16875
9.63146
8.91639
8.22937
8.98471
9.29638
8.82137
9.09645
8.91692
9.07749
9.53772
9.53203
9.34166
8.94697
9.08197
9.53056
9.11618
9.26106
9.30651
9.21895
8.91053
9.27195
