5.0531
5.02278
5.0298
5.05319
5.03607
5.05523
5.05194
5.01408
5.0186
5.02666
5.02621
5.01122
5.05228
4.98313
5.03433
5.01899
4.9523
4.93593
4.99436
5.03643
5.02487
4.98248
4.98377
5.00412
5.04683
4.96116
4.98551
5.03427
5.05232
5.03924
4.99811
5.0114
5.03439
5.03786
5.02616
5.00741
4.95999
5.0084
4.95213
5.02553
4.95917
5.02973
5.01868
4.96678
5.00922
4.98344
4.97598
5.00113
5.03608
5.02074
4.97596
5.0359
4.96311
5.0205
4.99907
4.88795
4.98196
4.92873
4.94092
4.89334
4.90169
5.00089
4.85722
5.01694
4.95248
5.01171
4.90429
4.86485
4.90484
4.90928
4.92838
4.81799
4.94788
4.95134
4.92748
5.01654
4.80889
4.73748
4.85885
4.93563
4.92225
4.89948
4.94172
4.99675
4.94517
4.90287
4.93885
4.91655
5.01589
4.90159
4.88895
4.90946
4.9521
4.78577
4.80669
4.90435
4.86127
4.87337
4.90495
4.8884
4.92681
5.0293
4.88851
4.88068
4.9297
4.90738
4.8819
4.96914
4.85825
4.91485
4.77987
4.86996
4.95616
4.87621
4.78193
4.86913
4.85081
4.85998
4.91695
4.8982
4.89319
4.90718
4.82912
4.89169
4.92017
4.91371
4.88647
4.86278
4.8033
4.84554
4.89373
5.01137
4.89462
4.89737
4.93088
4.94497
4.82677
4.83669
4.92527
4.94334
4.86113
4.82676
4.79463
4.77411
4.83339
4.80254
4.77288
4.8015
4.86654
4.88009
4.88771
4.92691
4.82105
4.97069
4.80747
4.90966
4.75578
4.80328
4.93368
4.90925
4.91079
4.92001
4.75705
4.81564
4.84957
4.855
4.90059
4.91467
4.78617
4.86867
4.75274
4.80328
4.92394
4.79428
4.91447
4.90025
4.83299
4.78006
4.8768
4.819
4.81638
4.87431
4.80008
4.78558
4.79208
4.83425
4.87561
4.87584
4.81118
4.73712
4.81063
4.99205
4.81519
4.81779
4.76094
4.77891
4.88793
4.85335
4.88194
4.91871
