0.0294741
0.0485481
0.0427822
0.0412777
0.0390518
0.0308642
0.008264
0.00608855
0.00562639
0.00551329
0.00550609
0.00268247
0.0010995
0.000648445
0.000590687
0.000506353
0.000489502
0.000506801
0.000488588
0.00047675
0.000452139
0.000394745
0.00043379
0.000415573
0.000459202
0.000508718
0.000545039
0.000669867
0.00074368
0.0062348
0.00163114
0.00137412
0.00153633
0.0015786
0.00145902
0.00151991
0.00169599
0.00146124
0.0016032
0.00134558
0.00131284
0.00138234
0.00137137
0.00147738
0.00148237
0.00144233
0.00156799
0.00147596
0.00141188
0.00145085
0.0016683
0.00163774
0.00162953
0.00172559
0.00156455
0.00154819
0.00151125
0.00158324
0.00161482
0.00149382
0.00149978
0.00152403
0.00152433
0.0014367
0.00162551
0.00150293
0.00154743
0.00150375
0.00149006
0.00165077
0.00156066
0.00160954
0.00162607
0.0015691
0.0015593
0.00161469
0.00156662
0.00161364
0.0016547
0.00160219
0.00164888
0.00166676
0.00165574
0.00170465
0.00168627
0.00168017
0.00172662
0.00172791
0.00169362
0.0017509
0.00177165
0.00177615
0.00180231
0.00174189
0.00180304
0.0018125
0.00185328
0.00191337
0.00200848
0.00190842
0.00199021
0.00208683
0.00197301
0.00212042
0.00199652
0.00206203
0.00210577
0.00213566
0.00206349
0.00199273
0.0022011
0.00216532
0.00228539
0.00216075
0.0022936
0.00236045
0.00254855
0.00232865
0.00249177
0.00250158
0.00236559
0.00247839
0.00254745
0.00251181
0.00230974
0.00246006
0.00241937
0.00241949
0.00252378
0.0023959
0.00260025
0.00253024
0.00237406
0.00259907
0.00258772
0.0027576
0.00266503
0.00270947
0.00258423
0.00284815
0.00275634
0.00276941
0.00275994
0.00264896
0.00283028
0.00272339
0.00293991
0.00287885
0.00277719
0.00282114
0.00293589
0.0027829
0.00296757
0.00299053
0.00294249
0.00274946
0.00301961
0.00275282
0.00315999
0.00301692
0.00283527
0.002924
0.00309579
0.00326708
0.00309447
0.00305374
0.00300196
0.00316768
0.00339815
0.00322702
0.00307966
0.00340242
0.0033496
0.00334828
0.00342236
0.00335929
0.00326241
0.00334466
0.00343917
0.00336963
0.00344844
0.00348537
0.00349552
0.00338289
0.00336675
0.00337214
0.00346749
0.00355321
0.00352888
0.00347636
0.00361835
0.00364915
0.00362141
0.00361529
0.00374906
0.00358712
0.00366884
0.00367521
0.00362395
0.00365274
