3.40558
3.30709
3.31878
3.31745
3.34199
3.29618
3.34745
3.34189
3.32403
3.33693
3.30225
3.34784
3.35998
3.33275
3.36495
3.30695
3.33338
3.34005
3.34782
3.33968
3.35045
3.35106
3.38134
3.32842
3.3391
3.35287
3.34669
3.35802
3.33678
3.34429
3.33794
3.51707
3.32766
3.45742
3.47782
3.35552
3.40321
3.49241
3.50036
3.45215
3.5949
3.44761
3.4497
3.51358
3.53271
3.36877
3.58823
3.44793
3.41166
3.43379
3.64238
3.46774
3.41303
3.44569
3.47039
3.53711
3.48233
3.60082
3.47299
3.53493
3.68715
3.68891
3.83325
3.67206
4.07285
3.64513
3.5874
3.56275
3.65731
3.6243
3.41902
3.9075
3.55808
3.79583
3.69331
3.91822
3.67893
3.9094
3.69172
3.62098
3.78726
4.24088
3.89452
3.59114
3.93253
3.83801
3.7577
3.70456
3.70116
3.69907
3.85674
3.75986
3.9761
3.82687
3.94585
3.91612
3.85241
3.92693
3.91783
3.92687
3.81408
3.81189
3.86972
3.78767
3.81457
3.80736
3.79131
4.05074
4.06964
4.11293
4.16119
4.15543
4.09865
4.20513
4.05538
3.89736
3.95322
4.21517
4.20201
4.02869
3.94184
4.04636
4.21386
4.09037
4.24377
4.1987
3.9487
3.97425
4.06831
4.15145
3.94305
3.95852
3.99809
4.18186
4.18351
4.11967
4.11008
4.17704
4.17466
4.04887
4.25912
4.16115
4.24054
4.21309
4.19155
4.0804
4.14825
4.10445
4.33235
4.0669
4.30582
4.2809
4.105
4.24806
4.0683
4.19503
4.21658
4.28456
4.27399
4.1143
4.30755
4.21245
4.22118
4.33612
4.2299
4.21113
4.17733
4.28059
4.27237
4.23345
4.25449
4.23551
4.25188
4.31937
4.22532
4.16421
4.31492
4.19261
4.05538
4.18707
4.19512
4.23262
4.27237
4.22669
4.21778
4.26645
4.25407
4.25001
4.24426
4.2284
4.28109
4.30361
4.14707
4.21963
4.26373
4.28334
4.21727
4.24434
4.22978
4.25042
