70.9571
70.9468
70.9847
70.9384
70.9456
71.003
70.9336
70.8751
70.9934
70.9192
70.9259
71.0049
70.9479
70.9603
70.9942
70.9382
70.9756
70.9939
70.9831
70.9622
70.9811
70.9841
70.9581
70.9369
70.9842
70.9518
70.9051
70.977
70.9041
70.8977
70.969
70.9704
70.9691
70.959
70.9842
70.9205
71.0003
71.0261
70.9164
70.962
70.8688
70.9309
71.0054
70.8778
70.9489
70.9607
70.7604
70.8954
70.9223
70.9809
70.9862
70.9817
70.9103
70.9603
70.956
70.8193
70.9025
70.7955
70.929
70.9145
70.8248
70.9308
70.9129
70.9033
70.8281
70.5446
70.8362
70.9146
70.8918
70.9206
70.8868
70.6551
70.2767
70.8556
70.6282
70.848
70.7736
70.4619
70.776
70.3017
70.1652
69.3908
69.527
68.6151
70.749
69.9801
70.1018
70.6388
70.6412
69.9197
70.1793
70.4778
70.0665
70.2541
70.1073
69.6747
70.5179
69.792
69.7216
70.1635
69.9141
70.1478
69.7928
69.9549
70.0477
69.7759
70.8026
69.9647
70.4404
69.6225
70.2579
70.0707
69.8663
68.4923
69.816
70.4747
70.2452
69.9073
70.0579
69.5553
68.9434
70.2749
70.2033
70.2234
69.8903
69.7725
70.8734
70.1365
69.7144
70.3539
69.9721
69.5936
70.1226
70.0609
70.0096
70.0602
70.3152
69.5689
69.7096
69.7843
69.5675
69.0562
69.9543
69.6684
69.4317
70.0889
70.207
69.168
69.773
69.5806
68.9842
70.3772
69.8472
69.3475
68.8961
69.5772
69.3511
69.8274
70.2922
69.1917
69.8836
70.0354
69.4938
69.6974
70.0193
70.8252
70.1174
70.3083
70.1141
69.9343
69.8459
69.2959
69.4735
69.6035
70.3762
69.1209
69.7511
69.8041
70.1112
69.404
69.8405
69.9472
69.6779
69.2655
68.2337
70.515
68.9437
69.6752
69.7242
70.14
70.4788
69.0474
69.9961
70.3414
69.0172
70.2422
69.6619
69.3199
69.4451
69.9155
