16.3056
17.1554
16.9299
16.9114
16.8871
17.3793
17.2539
18.5215
18.1505
17.7434
17.5289
18.0748
18.5463
18.0032
18.4645
18.3201
17.8506
18.2515
18.4615
18.2108
18.4955
18.5235
18.462
18.4856
18.4394
18.462
18.5313
18.4931
18.5631
18.3576
18.5089
18.5433
18.5814
18.5313
18.5463
18.5463
18.5089
18.5365
18.5463
18.6088
18.6088
18.2877
18.5584
18.4935
18.5235
18.4955
18.5081
18.6088
18.5814
18.6088
18.3376
18.5317
18.6088
18.4955
18.6088
18.5463
18.5313
18.6088
18.5313
18.5276
18.4804
18.4429
18.3084
18.3376
18.6088
18.5276
18.3936
18.3376
18.3513
18.4048
18.1837
18.3725
18.2774
18.0628
18.2061
18.3159
18.1837
18.1837
18.3376
18.5584
18.1422
18.3084
18.1837
18.4615
18.4272
18.407
18.6088
18.3084
18.2996
18.1837
18.049
18.44
18.3084
18.1837
18.1837
18.1837
18.3376
18.5276
18.3376
18.3376
