742.065
811.31
801.968
860.779
827.606
809.268
841.781
826.406
824.235
805.657
814.994
754.144
811.514
768.575
763.009
767.317
752.362
734.748
733.386
733.791
735.42
676.076
704.508
701.736
702.076
707.63
693.192
712.568
678.404
674.934
679.454
687.209
671.112
680.677
698.752
670.065
672.844
672.627
679.516
690.533
654.377
678.615
656.446
669.51
673.215
676.656
672.38
664.007
665.262
671.799
655.665
671.687
666.97
676.29
696.663
693.87
693.759
693.125
699.164
714.502
717.709
700.593
707.902
692.589
695.045
687.097
669.486
669.702
680.465
671.967
655.444
676.824
661.759
647.131
638.651
633.072
632.967
626.312
617.266
608.165
610.349
601.863
588.266
600.821
597.291
583.777
598.318
588.574
573.576
572.12
563.5
553.491
551.267
563.386
543.526
556.249
545.83
529.848
523.793
511.862
528.136
508.906
527.897
515.856
508.744
501.632
493.249
500.712
494.902
493.85
504.896
482.623
477.498
490.902
477.02
480.891
469.728
474.693
466.561
475.289
458.329
459.618
454.371
454.515
459.705
450.774
444.529
454.006
446.111
446.293
459.292
460.519
456.611
446.984
469.69
459.068
440.708
436.524
432.029
436.419
428.47
442.714
459.606
431.745
445.949
439.44
427.213
439.319
433.596
419.23
404.019
417.069
415.266
391.213
404.035
406.476
405.666
403.94
400.679
400.912
399.362
402.478
399.932
382.851
393.208
378.431
374.717
383.456
370.645
357.496
382.242
371.213
378.246
377.68
372.642
374.649
360.53
379.163
352.354
364.547
361.602
358.003
361.259
358.312
348.509
342.696
355.198
357.108
352.243
346.24
339.926
342.709
347.48
345.666
330.196
345.698
332.794
336.291
343.482
333.756
