0.0788682
0.0766813
0.0888067
0.0855958
0.0795813
0.0758199
0.110069
0.126084
0.129815
0.123737
0.113902
0.125563
0.112984
0.118379
0.115797
0.120659
0.124143
0.118689
0.11901
0.124165
0.124471
0.0960547
0.0137633
0.0135818
0.0138187
0.0132441
0.013861
0.0131637
0.0130575
0.0131331
0.0123364
0.00460456
0.00199924
0.00210761
0.0019332
0.00200149
0.00201184
0.00202422
0.00189822
0.00170364
0.0012744
0.00148032
0.00139114
0.00138892
0.00133831
0.00135713
0.00131448
0.00143377
0.00138757
0.00137119
0.00153838
0.00159317
0.00165381
0.00160242
0.0016663
0.0016854
0.00177026
0.0015584
0.00177462
0.00182581
0.00185715
0.00186371
0.0018089
0.0018738
0.00189585
0.00189979
0.00198958
0.00200833
0.00208818
0.0020557
0.00209506
0.00208088
0.00217415
0.00225098
0.0022385
0.00212183
0.00217136
0.00217713
0.00221063
0.00217811
0.00231501
0.00220215
0.0024046
0.00238447
0.00244431
0.002368
0.0025672
0.00222796
0.00247419
0.00240054
0.00250373
0.0026359
0.00279432
0.00261601
0.00267548
0.00264337
0.00271967
0.00268804
0.00275743
0.00277993
0.00277844
0.00281637
0.00274703
0.00275728
0.00270977
0.00269544
0.00282551
0.00287145
0.00301493
0.00286432
0.00297951
0.0029086
0.00297194
0.00292387
0.00291092
0.00267538
0.00276541
0.0029961
0.0029801
0.00299392
0.00290982
0.00316326
0.00318031
0.00298007
0.00311269
0.00293236
0.00322953
0.00317342
0.00316615
0.00329386
0.00309794
0.00318295
0.00324187
0.00315356
0.00336442
0.00321191
0.00335035
0.00325878
0.00337751
0.0032439
0.00318842
0.00310461
0.00329599
0.00323338
0.00322663
0.00340027
0.00323012
0.00333716
0.00340788
0.00329671
0.00328473
0.0032624
0.00323499
0.00334586
0.00331581
0.00322598
0.00334062
0.00327144
0.00335319
0.00335025
0.00341258
0.00339674
0.00333196
0.00334561
0.00332118
0.00343353
0.00346779
0.00335728
0.00354447
0.0034241
0.00348348
0.00345916
0.00332768
0.00348773
0.00339494
0.00336262
0.00359419
0.00349516
0.00358974
0.00341653
0.00353722
0.00359418
0.00351219
0.00329814
0.00340701
0.00348515
0.00355545
0.00346794
0.00346349
0.00337663
0.00345949
0.00329843
0.00349422
0.00342502
0.00339796
0.00340436
0.00359324
0.00349491
0.00357235
0.00339787
