0.05843
0.0619253
0.0456329
0.0302252
0.0228601
0.0164215
0.0150257
0.0123644
0.00985067
0.0138382
0.00701652
0.00998461
0.00990003
0.0110506
0.00869911
0.00801472
0.00971895
0.0145499
0.0101787
0.0276808
0.0470965
0.0384091
0.0378228
0.0418593
0.0422354
0.0490428
0.0409525
0.03602
0.0354242
0.0575885
0.0420158
0.0388584
0.0395922
0.0454404
0.0526089
0.0430997
0.0497458
0.025971
0.0361497
0.0381594
0.0420282
0.0435403
0.0563948
0.0400857
0.0200949
0.0421461
0.0334846
0.0453507
0.0346225
0.0331099
0.0360566
0.0329997
0.0432947
0.056983
0.0390578
0.0374312
0.0425712
0.0387274
0.0390154
0.0325716
0.0410666
0.0358918
0.0534907
0.034589
0.047685
0.0493818
0.0381413
0.0436509
0.0311596
0.0317561
0.043033
0.0280414
0.0458946
0.0267891
0.0344481
0.0408728
0.0190905
0.0269466
0.0260745
0.0311471
0.03175
0.0283483
0.0169934
0.0383971
0.0269058
0.0238102
0.0293083
0.0314906
0.0315078
0.0273778
0.043727
0.0304709
0.0284212
0.0340805
0.0295852
0.0216914
0.0296024
0.0304165
0.0350757
0.0285842
