77.8835
78.2161
77.9697
78.1502
78.0103
78.0582
78.1341
78.1622
78.0039
78.0095
77.6838
77.83
77.9344
78.1869
77.7945
78.1431
78.1759
78.012
77.7695
78.2065
77.9882
77.9106
78.217
78.0298
78.0675
78.1228
77.9607
78.34
78.1715
78.0915
78.1491
77.9548
78.0618
78.1201
77.8433
78.0475
77.8128
77.9741
78.0604
77.9527
77.9616
78.2055
77.9317
78.1297
77.8271
77.8797
77.8935
78.1399
77.7872
77.8954
77.5874
77.8213
77.834
77.2958
77.829
78.26
77.3703
77.7599
77.6872
77.5984
77.4868
77.5479
77.7618
77.6516
77.5952
77.8306
77.7569
78.1295
77.9439
77.6021
78.0398
77.635
77.6357
77.9709
77.4404
77.6711
77.6771
77.8343
76.9298
76.9697
78.0556
76.838
77.6966
77.3789
76.8639
77.4593
77.4498
77.6506
77.2687
77.0532
75.9086
75.6175
77.4142
77.5749
76.7738
77.5531
76.6853
76.9431
76.9924
77.1651
77.5756
77.3092
77.7432
77.2214
77.2146
77.2119
77.1394
76.9726
77.4995
76.355
76.8387
76.5164
76.7608
77.197
77.0657
75.865
77.0585
76.2899
77.4754
77.0694
77.511
76.978
75.1345
77.0344
77.2976
77.5318
78.1698
77.0355
76.0571
76.7097
76.855
77.3024
76.9709
76.4198
76.5794
77.0531
77.478
77.0562
77.0048
77.5567
75.8348
76.6724
76.8948
75.7836
76.6752
77.6374
76.3077
77.2628
76.5864
76.9181
76.8362
76.7289
76.2651
77.5313
77.4072
77.3568
76.0546
76.491
76.2185
76.0901
76.1093
75.7986
76.5962
76.5287
77.5679
75.7493
77.0703
76.3087
77.3626
76.8137
76.8639
76.6741
75.5914
77.3798
76.4553
77.1665
76.4338
76.0825
76.1956
76.3425
77.8241
75.5238
76.716
77.1994
77.5368
76.9503
76.383
76.1073
77.4639
76.591
77.3468
76.495
76.3405
76.6546
77.4361
76.3801
77.6298
76.7094
76.9492
77.5738
