1.95765
0.872039
0.866826
0.892727
0.855838
0.812863
0.82032
0.781231
0.771509
0.769052
0.746109
0.74031
0.724335
0.674006
0.645753
0.656902
0.62664
0.609989
0.631402
0.636214
0.659968
0.642769
0.634168
0.655383
0.647313
0.622302
0.607784
0.617033
0.604668
0.589318
0.593965
0.610345
0.567024
0.580539
0.590692
0.572962
0.591118
0.590619
0.579348
0.572088
0.562424
0.567068
0.555458
0.558731
0.54303
0.539779
0.541406
0.541303
0.554965
0.542752
0.529434
0.552156
0.541726
0.518084
0.524743
0.519352
0.518754
0.523235
0.507627
0.520815
0.529913
0.509086
0.511228
0.511087
0.523717
0.510987
0.528085
0.521212
0.520629
0.510229
0.520401
0.523794
0.531558
0.518763
0.528831
0.527218
0.52908
0.511643
0.530513
0.52864
0.523627
0.531985
0.528672
0.517559
0.524512
0.524054
0.532531
0.530913
0.513517
0.518388
0.52898
0.519058
0.524649
0.52403
0.557925
0.540539
0.543784
0.538121
0.558985
0.552106
