9.83687
8.49895
9.18253
9.34827
8.99274
10.6058
10.3098
10.3765
8.80302
9.58814
10.056
9.36419
8.94415
11.2025
11.2517
11.249
10.0128
9.18085
10.547
8.39137
10.4925
10.602
11.2421
11.2998
10.612
8.79289
9.10624
10.6982
11.2998
10.5559
11.2702
8.72256
11.1694
10.9535
10.6566
11.2475
11.3846
11.1779
11.2515
11.1893
10.3322
11.4372
11.3309
10.2186
11.5687
11.0798
11.1381
10.181
11.3604
11.2714
10.6219
11.6897
11.1062
11.2274
11.5599
11.1148
11.3913
11.0967
11.3269
11.2843
10.6692
11.3082
11.4277
11.2769
11.3989
11.3643
11.5626
11.279
11.1513
11.3359
11.3779
11.3475
11.3597
11.4861
11.0222
11.3037
11.6134
11.3922
11.4004
11.5017
11.3157
11.5413
11.2863
11.4444
11.3844
11.5293
11.4382
11.2858
11.2038
11.5782
11.5241
11.4237
11.5824
11.4464
11.3996
11.6675
11.6012
11.5461
11.5648
11.7618
11.525
11.5836
11.5543
11.5471
11.6362
11.4225
11.5626
11.5417
11.4965
11.5251
11.6383
11.6973
11.5474
11.314
11.5675
11.7191
11.6445
11.6671
11.6227
11.4984
11.5657
11.351
11.4879
11.6882
11.6122
11.7465
11.5503
11.6447
11.8182
11.7732
11.7363
11.3924
11.8364
11.819
11.861
11.6289
11.816
11.9298
11.7521
11.7727
11.8198
11.8882
11.6665
11.6857
11.8183
11.8088
11.8481
11.9075
11.8307
11.5695
11.6186
11.8113
11.9277
11.7441
11.7731
11.8512
11.7358
11.691
11.7124
11.6121
11.6226
11.6243
11.5488
11.7856
11.6751
11.8624
11.657
11.7734
11.779
11.7103
11.7454
11.9932
11.8625
11.7858
11.777
11.7064
11.874
11.9075
11.9548
11.7905
11.921
11.7702
11.8507
11.8395
11.8873
11.8081
11.8926
11.7712
11.9075
11.9075
11.8534
11.8864
11.8311
11.86
11.9473
11.8311
11.9584
11.8245
11.6347
11.8405
