0.0641038
0.0403084
0.0439338
0.0423917
0.0442533
0.0468037
0.0453724
0.037978
0.0375769
0.0368956
0.036871
0.0356416
0.0342417
0.0340691
0.0344302
0.0333894
0.0321238
0.0329316
0.0323333
0.0326331
0.0318573
0.0347926
0.0337757
0.0350818
0.0338823
0.0347463
0.0351026
0.0355021
0.0342014
0.0358014
0.034924
0.0360493
0.0345168
0.035536
0.0338838
0.0338083
0.0352521
0.0339706
0.0333861
0.0345833
0.0330833
0.0347005
0.0323462
0.0333349
0.0344613
0.0321508
0.034316
0.0346445
0.0331256
0.0317833
0.0336412
0.0329795
0.03118
0.0338378
0.0335916
0.0338155
0.0326681
0.0321313
0.0332311
0.0329937
0.0336753
0.0320249
0.0335777
0.0340631
0.0325487
0.0327997
0.0341046
0.0336582
0.0321732
0.0322919
0.0324048
0.0329915
0.032487
0.0321419
0.0318207
0.0315602
0.0330162
0.0306403
0.0322827
0.0315981
0.0315761
0.0329714
0.0309624
0.0316019
0.0319194
0.0323566
0.031647
0.0308788
0.0311887
0.0314373
0.0318804
0.0320061
0.0316057
0.0325575
0.0310846
0.0306181
0.0321922
0.0318065
0.0315845
0.0305088
0.0314834
0.0311155
0.0307867
0.0306994
0.0315322
0.0318714
0.0314424
0.0324453
0.0307928
0.0308418
0.0311166
0.0321703
0.0322121
0.0319769
0.0316891
0.0303914
0.0320109
0.0312809
0.031731
0.0334139
0.030598
0.0323965
0.0315808
0.0311101
0.032143
0.0312645
0.0308677
0.0310571
0.0306515
0.0322902
0.030852
0.0308434
0.0304466
0.0300507
0.0304392
0.0317162
0.0307375
0.030545
0.0309728
0.0317656
0.0298546
0.0314207
0.0302952
0.0321356
0.0306207
0.0314266
0.0306807
0.0303122
0.0307293
0.029709
0.031129
0.0304987
0.0298059
0.0289545
0.0293619
0.0307654
0.0304436
0.0299938
0.0302307
0.0303735
0.0296255
0.0301963
0.0289854
0.0296777
0.0290259
0.0311817
0.0305435
0.0292278
0.0302611
0.0288721
0.0292372
0.0290627
0.029809
0.0277687
0.029723
0.0288583
0.0304541
0.0294427
0.0291606
0.0277084
0.0276082
0.028917
0.0288146
0.0280297
0.028786
0.0285979
0.0285598
0.0285279
0.0292675
0.0290483
0.0283374
0.0289905
0.0287231
0.0298888
0.027979
0.0284053
0.0284734
0.0277777
0.0277949
0.027835
