2.60797
2.46542
2.63651
2.62964
2.47016
2.47168
2.46088
2.45981
2.42201
2.62453
2.64473
2.62697
2.60715
2.47568
2.49792
2.40858
2.42399
2.6084
2.43519
2.48233
2.6285
2.45742
2.50054
2.62925
2.46716
2.42812
2.44217
2.47915
2.42875
2.43003
2.61795
2.63705
2.43042
2.41758
2.43149
2.34236
2.37004
2.38277
2.25357
2.36586
2.60682
2.19922
2.21736
2.45772
2.41929
2.36735
2.47059
2.17915
2.40365
2.33294
2.30706
2.15558
2.4198
2.3616
2.33951
2.28901
2.26374
2.21753
2.28044
2.4009
2.24706
2.39012
2.24923
2.44587
2.37647
2.41706
2.31676
2.28407
2.41392
2.24171
2.22133
2.25545
2.38369
2.08945
2.19184
2.29352
2.19393
2.21912
2.33162
2.35007
2.29541
2.27798
2.19893
2.39872
2.1087
2.34893
2.19145
2.28671
2.28113
2.36188
2.08571
2.48737
2.28028
2.40363
2.18343
2.35824
2.15403
2.33294
2.25541
2.19681
2.23363
2.13955
2.23879
2.27884
2.36737
2.27788
2.24402
2.25935
2.19416
2.12095
2.30949
2.47278
2.42294
2.36596
2.2209
2.20202
2.14419
2.20098
2.15003
2.20599
2.37708
2.14351
2.38996
2.25111
2.17848
2.3992
2.22431
2.17029
2.26109
2.30414
2.2113
2.22028
2.14968
2.2151
2.18209
2.21649
2.18762
2.21723
2.20229
2.14169
2.27814
2.36224
2.39187
2.21519
2.22328
2.23258
2.21146
2.39544
2.13259
2.21358
2.12345
2.29263
2.25208
2.22062
2.22532
2.15407
2.26433
2.18011
2.0689
2.22253
2.20305
2.12954
2.09922
2.19437
2.20188
2.17366
2.21754
2.37488
2.07249
2.24799
2.1917
2.19274
2.22414
2.07075
2.14967
2.18535
2.13528
2.13306
2.16647
2.09619
2.09458
2.13745
2.08365
2.15316
2.2878
2.22322
2.11058
2.22601
2.08207
2.4648
2.19723
2.16023
2.12458
2.18874
2.22219
2.18857
2.24154
2.07724
2.07729
2.2107
