6.99296
7.79968
9.05359
8.73089
8.19164
8.05792
8.29299
9.55001
10.1497
10.0009
7.37582
11.1544
7.28536
8.05606
8.78771
10.0985
10.1398
8.99604
8.11798
8.15952
9.52563
10.5699
9.05633
11.3708
10.3189
9.90633
10.016
8.77053
8.29246
11.8015
12.2926
11.1996
7.89211
9.39289
9.11113
10.2409
9.60337
10.0216
9.77526
9.79223
10.2952
8.60387
9.52141
12.1426
10.0114
9.80067
11.0678
9.52411
9.28291
9.24396
9.47946
9.46747
10.295
9.13106
10.9053
9.46099
10.8455
10.9509
10.9787
11.085
10.908
11.4466
10.9964
10.8153
10.9258
11.2934
10.8203
11.0069
13.6662
11.7346
12.2713
11.8633
11.4236
11.2115
11.2289
12.0794
12.7603
12.0124
12.4492
10.9517
10.9918
10.9837
11.2464
11.3496
11.4015
11.2863
12.0563
11.3362
11.4758
11.3811
10.9419
11.5295
11.2338
11.007
12.0427
11.0763
11.8981
10.9064
11.3784
11.142
