6.51533
6.81813
8.44013
6.87954
8.37493
8.40733
8.34826
8.32747
8.35783
8.39555
7.40371
8.36679
8.36719
7.21161
7.02844
8.39652
8.39351
7.19053
6.59931
7.04313
7.01661
6.80786
7.14756
6.97444
7.2004
8.36969
8.37018
7.24733
8.39482
6.96745
6.84312
7.06956
6.93816
6.92758
7.04636
6.91627
7.1897
6.41168
6.86632
6.8138
7.10124
6.86791
6.67786
7.17976
8.40125
6.96039
6.83772
7.06417
6.77489
7.39008
6.87117
6.78828
6.74881
6.98578
7.16236
6.65631
7.21492
7.35246
8.32467
7.1344
7.53861
7.10189
7.35296
7.25986
9.07646
6.96831
6.82843
7.6607
7.37264
7.21206
7.44042
7.32614
7.3958
7.30669
7.25669
6.75275
7.03795
7.25107
7.27413
7.39544
7.71274
6.94942
7.19419
7.07553
7.32788
7.32779
7.19789
7.31195
7.39945
7.42258
7.13141
7.46755
7.36983
8.25048
7.85811
8.01057
8.72591
8.01195
9.27972
7.99092
7.65649
8.02448
7.46893
7.47074
7.74143
7.36262
8.60435
7.4224
8.05012
7.7883
8.72506
7.51907
7.67609
7.4787
7.42951
7.29159
9.10271
9.4047
8.32842
7.17817
7.3451
7.17503
9.16072
7.47869
7.54936
9.26285
7.40516
7.76026
7.09238
8.37244
7.26201
7.57505
7.50815
7.17245
7.33175
7.42654
8.19292
8.61354
9.32051
8.78801
7.51068
7.55292
9.12672
8.8685
9.25743
8.02729
8.60571
8.02763
8.02087
9.12873
8.67884
8.76999
9.19338
8.9505
8.45488
9.174
8.19766
8.55013
8.29911
8.88484
8.4004
8.86158
8.33448
9.50608
8.38013
9.48737
9.1887
8.81055
8.79934
8.38959
8.41159
8.6654
8.85715
9.02504
9.0894
8.85759
8.9495
9.57405
8.81494
9.04064
8.62081
9.53487
9.26323
8.83386
8.97724
9.38971
8.86569
8.66985
8.84778
9.19108
9.57503
8.99083
9.59239
9.4633
9.45703
9.10962
9.60982
9.39507
9.60789
9.55691
