0.0178998
0.0358473
0.0538899
0.0720744
0.0904469
 0.109052
 0.127933
 0.147129
 0.166679
 0.186614
 0.206963
 0.227745
 0.248975
 0.270654
 0.292776
 0.315319
 0.338252
 0.361525
 0.385079
 0.408838
 0.432717
 0.456622
  0.48045
 0.504098
 0.527463
 0.550447
 0.572962
 0.594927
 0.616278
 0.636962
 0.656942
 0.676193
 0.694706
  0.71248
 0.729525
 0.745859
 0.761508
   0.7765
 0.790869
 0.804649
 0.817878
 0.830592
 0.842829
 0.854624
 0.866013
 0.877032
 0.887712
 0.898087
 0.908186
  0.91804
 0.927676
 0.937121
 0.946403
 0.955544
 0.964572
 0.973508
 0.982376
 0.991199
