0.0146717
0.0176079
0.0197691
0.0198481
0.0179396
0.0168142
0.0177703
0.017448
0.0186652
0.0174384
0.0149527
0.0127653
0.0104895
0.0107225
0.0116112
0.0115277
0.0118419
0.0115572
0.0122924
0.0117724
0.00960146
0.0106572
0.00947142
0.0100979
0.00999071
0.0099689
0.0090027
0.00905516
0.00935997
0.00774165
0.00787269
0.00740546
0.00728604
0.00724281
0.00738396
0.00735144
0.00705669
0.00750216
0.00750431
0.00736147
0.00766616
0.00727776
0.00735627
0.00710348
0.00694634
0.00750472
0.00743502
0.00691867
0.00748574
0.00772287
0.00729417
0.00741772
0.00744821
0.00760258
0.0076693
0.0072272
0.00768672
0.00758832
0.00747048
0.0074596
0.00791404
0.00743442
0.00726679
0.00762216
0.00779472
0.00772821
0.00780923
0.00752298
0.00724405
0.00762056
0.00735488
0.0075628
0.00757262
0.00760306
0.00753819
0.00760419
0.00723436
0.00724406
0.00792358
0.00769606
0.00754763
0.00743337
0.00773868
0.00755505
0.00721835
0.00770165
0.00716078
0.00762877
0.0075165
0.00774699
0.00755263
0.00753787
0.00754948
0.00767429
0.00761752
0.00740675
0.00774642
0.0075139
0.00764863
0.00781788
0.00762603
0.00800205
0.00790487
0.00791484
0.00792797
0.00793058
0.00773913
0.00778717
0.00743945
0.0078104
0.00783199
0.00767845
0.0074537
0.00778361
0.00760007
0.00808324
0.00791442
0.00776573
0.00774575
0.00784572
0.00780371
0.00751712
0.00791208
0.00766715
0.00804829
0.00776378
0.00778164
0.00768457
0.00782149
0.00795981
0.0078949
0.00803456
0.00784222
0.00773869
0.00798481
0.0078485
0.00785539
0.00798123
0.00742857
0.00753909
0.00818076
0.00810533
0.00807834
0.00758471
0.00778822
0.00802963
0.00764551
0.00813349
0.00822134
0.00839913
0.00802871
0.00803049
0.00802
0.00815053
0.0079731
0.0077227
0.0078892
0.00797808
0.00815549
0.00804333
0.00822097
0.00806134
0.00787753
0.00812946
0.00818526
0.00774045
0.00790424
0.00843642
0.00800806
0.00791686
0.00811639
0.00788421
0.00831892
0.00826205
0.00803437
0.00781405
0.00814245
0.00783258
0.00828953
0.00809321
0.00824955
0.00792555
0.00791512
0.00788376
0.00778403
0.00798277
0.0081858
0.00844494
0.00809738
0.00791528
0.00818637
0.00818337
0.00805209
0.00807982
0.00832582
0.00794643
0.00840282
0.00799019
0.00837813
0.00808756
