118.017
118.565
119.151
118.957
118.857
118.794
118.542
119.546
119.08
118.772
119.436
119.037
119.12
119.166
118.293
118.712
118.847
119.057
119.269
119.376
119.016
118.648
118.628
118.598
118.398
119.37
119.386
118.524
119.357
117.727
117.711
119.158
119.159
117.85
118.305
119.111
118.521
119.006
116.772
119.124
118.997
117.556
118.213
118.59
119.279
118.416
118.39
118.77
117.473
117.011
118.7
117.518
118.352
118.511
117.492
116.938
118.526
116.67
117.809
117.849
115.956
117.354
117.455
118.811
116.394
116.636
114.427
115.457
116.626
115.636
116.309
115.527
116.592
115.948
116.201
114.505
115.537
116.11
116.574
116.288
115.279
117.559
115.499
116.915
114.768
115.515
113.956
112.538
115.47
115.39
113.774
113.415
111.556
113.259
115.668
113.69
114.037
111.139
113.797
117.845
113.504
117.45
111.033
114.593
110.815
112.531
113.293
111.364
114.063
111.361
115.821
114.044
115.697
112.989
113.997
114.016
110.926
113.935
115.604
113.624
111.146
110.809
111.238
113.807
111.744
110.987
113.741
113.267
115.399
110.958
116.433
111.875
114.612
110.585
112.327
112.821
112.765
113.372
110.737
113.187
112.074
112.29
113.2
113.946
114.076
111.384
114.111
111.551
112.832
115.232
112.27
111.697
112.039
112.748
108.951
112.063
110.96
111.909
108.671
112.082
110.637
114.006
116.974
111.742
113.354
112.044
109.097
111.261
114.611
110.322
108.803
110.147
108.341
112.728
110.978
107.735
109.318
118.114
110.729
111.071
113.13
109.63
111.46
110.298
112.735
111.364
111.672
111.225
111.64
109.365
110.559
111.378
111.776
108.912
112.115
109.865
108.922
107.446
108.732
108.668
