0.0154304
0.0314075
0.0464556
 0.062831
0.0779005
0.0943988
 0.109883
 0.126349
 0.142449
  0.15893
 0.175662
 0.192325
 0.209624
 0.226655
 0.244444
 0.262001
 0.280202
 0.298418
 0.316938
 0.335911
 0.354678
 0.374366
 0.393456
 0.413547
 0.433253
 0.453309
 0.473761
  0.49371
 0.514371
   0.5347
  0.55492
 0.575602
 0.595582
 0.615792
 0.636008
 0.655455
 0.675356
 0.694643
 0.713553
 0.732775
 0.750889
 0.769453
 0.787314
  0.80485
 0.822577
 0.839215
  0.85661
 0.872674
 0.889576
 0.905319
 0.921712
 0.937286
 0.953262
 0.968768
  0.98446
