210.192
141.767
143.443
152.256
162.863
164.56
179.215
173.857
175.107
186.027
165.527
165.827
173.814
181.948
177.799
188.828
180.133
189.941
194.76
181.981
184.286
192.462
187.702
183.537
189.338
184.978
185.816
181.753
178.234
182.44
177.031
182.531
179.307
179.539
184.517
183.718
178.358
178.265
184.216
179.407
182.855
175.812
173.686
175.315
166.077
169.168
168.464
157.644
163.85
159.647
151.91
158.549
150.584
150.951
141.977
136.483
129.614
124.974
126.382
117.974
116.952
117.769
119.313
114.166
111.115
113.089
123.308
110.07
103.867
106.905
112.494
109.331
111.894
103.174
111.025
115.413
107.186
111.988
110.424
111.068
105.625
99.0658
106.716
106.25
103.367
105.779
103.192
101.201
99.2854
105.47
100.289
104.047
101.485
101.389
96.5796
98.75
99.5989
98.953
96.4768
82.6248
72.0112
73.9528
83.5897
86.0412
81.5534
86.676
88.3278
84.9882
84.6314
90.6037
82.8122
83.3359
84.6542
84.735
83.7579
86.1191
85.8557
86.0016
87.8509
86.8596
88.3403
84.8793
83.7365
86.8618
84.7189
84.6171
87.1452
88.0494
87.9219
86.6085
86.0303
84.6236
83.1388
84.3931
87.686
85.881
83.6951
84.4157
85.8743
86.4536
83.4577
84.7547
85.0687
85.918
86.6394
85.448
85.139
83.3791
88.3465
81.8998
85.2844
85.0026
82.5281
85.1642
85.2892
86.3351
83.3502
83.562
82.5259
83.717
84.0658
86.5612
85.1649
86.8395
86.1833
86.1283
82.5248
83.9131
82.1608
82.2186
82.225
83.9042
82.1798
82.1837
79.3795
80.7787
81.6755
79.4952
80.6731
80.9663
81.9752
82.4028
81.8668
80.3886
80.6505
80.9199
80.8062
84.1589
82.7695
80.687
79.325
82.8706
80.2784
81.2801
80.7999
77.6019
80.5237
80.2692
73.4927
78.5096
