133.243
133.233
133.245
133.254
132.988
133.228
133.237
133.241
133.095
133.245
133.288
133.247
133.222
133.232
133.326
133.218
133.239
133.056
133.076
133.24
133.262
133.251
132.994
133.227
133.051
133.236
133.271
133.177
132.875
133.199
133.252
133.103
133.083
132.899
132.936
133.175
132.979
132.905
132.967
133.242
133.19
133.114
133.202
132.635
133.253
133.366
133.24
133.249
132.768
133.221
133.229
132.573
132.92
132.949
133.252
132.957
132.321
132.626
132.864
132.882
132.419
131.335
132.894
133.221
132.692
132.319
132.656
131.39
132.913
132.424
132.001
132.298
131.384
131.123
130.741
132.806
132.257
131.114
131.741
131.909
131.159
130.849
130.723
129.886
129.629
129.098
131.158
129.655
130.577
130.157
128.326
126.002
128.681
130.269
128.481
129.634
127.555
128.321
131.642
128.538
131.141
130.672
131.822
131.598
130.062
131.256
130.929
131.832
132.003
132.95
131.529
131.064
131.597
131.098
132.031
130.636
130.536
128.986
130.097
129.372
129.581
130.863
129.446
130.854
129.412
129.348
131.627
130.579
128.845
132.162
128.178
128.42
126.861
128.647
128.553
130.011
129.692
129.462
129.62
127.865
130.311
129.385
131.128
129.584
127.553
128.257
127.748
128.994
129.537
129.655
131.329
128.376
128.49
130.068
129.883
129.1
128.318
126.918
128.732
129.824
129.706
126.358
130.638
128.832
128.386
129.576
130.042
128.802
127.94
128.95
126.615
130.402
126.82
129.757
132.313
126.995
128.541
129.937
129.889
130.451
130.734
126.672
128.883
127.685
128.841
132.454
127.726
129.025
127.191
127.536
130.693
129.742
127.226
130.721
127.689
126.606
127.01
127.646
128.432
128.652
