0.0175022
0.0359684
0.0528866
0.0713002
0.0888958
 0.106434
  0.12476
 0.141962
  0.16027
 0.177867
 0.195682
 0.213726
 0.231258
 0.249547
 0.267008
 0.285199
 0.302953
 0.320721
 0.339037
 0.356342
 0.374836
 0.392342
 0.410301
 0.428569
 0.445821
 0.464482
 0.481778
 0.499965
  0.51804
  0.53542
 0.554077
 0.571257
 0.589669
 0.607451
 0.625125
 0.643569
  0.66084
  0.67929
 0.696878
  0.71478
 0.732948
 0.750417
 0.768707
 0.786321
 0.804152
 0.822272
 0.839653
 0.857963
  0.87545
 0.893306
 0.911383
 0.928564
 0.947098
 0.964117
 0.982427
