1.11986
1.13265
1.15716
1.25983
1.31656
1.30559
1.33067
1.26895
1.22607
1.15342
1.05544
0.895856
0.700851
0.473541
0.378627
0.36045
0.40886
0.448194
0.441815
0.480895
0.498593
0.518961
0.472373
0.498023
0.489187
0.519825
0.553397
0.571749
0.580298
0.593288
0.600016
0.626844
0.688351
0.653207
0.686321
0.702723
0.690273
0.72144
0.699299
0.74135
0.697634
0.720944
0.728445
0.735597
0.719409
0.736133
0.745619
0.725687
0.725573
0.731627
0.712663
0.726297
0.737952
0.705063
0.734214
0.725275
0.705476
0.667759
0.676234
0.727656
0.692726
0.698087
0.674414
0.682869
0.708818
0.686011
0.685055
0.70134
0.696503
0.652788
0.678898
0.653227
0.673381
0.657663
0.688855
0.635536
0.650426
0.6602
0.669607
0.602788
0.650028
0.629116
0.634501
0.650606
0.629847
0.636433
0.631915
0.655359
0.632125
0.608295
0.635822
0.637147
0.643664
0.648935
0.639598
0.6097
0.614583
0.642979
0.621833
0.630335
0.622639
0.619291
0.60288
0.608758
0.591123
0.599086
0.600118
0.612875
0.598071
0.621868
0.606491
0.593658
0.593859
0.613007
0.614769
0.602344
0.584396
0.616247
0.616952
0.587977
0.588397
0.584097
0.599355
0.571457
0.586023
0.596451
0.605272
0.601981
0.589688
0.599856
0.61003
0.566924
0.587379
0.602615
0.572205
0.585946
0.606413
0.588009
0.584434
0.604952
0.605718
0.612262
0.592985
0.592888
0.588202
0.569229
0.596318
0.594402
0.612488
0.606353
0.609534
0.594885
0.602278
0.594885
0.597706
0.59063
0.616643
0.600102
0.601634
0.605477
0.591053
0.598853
0.59111
0.604665
0.590528
0.589524
0.606436
0.622012
0.600866
0.601799
0.633434
0.616925
0.612002
0.604673
0.611425
0.600579
0.581105
0.6247
0.604407
0.607914
0.627523
0.577218
0.60862
0.63078
0.63724
0.608764
0.611499
0.597443
0.624636
0.627552
0.627159
0.616238
0.605727
0.618462
0.62815
0.641578
0.637492
0.637622
0.621812
0.623647
