12.4336
12.5588
12.437
12.7471
12.7117
12.7054
12.6021
12.6082
12.7406
12.5421
12.4975
12.5331
12.9563
12.4723
12.3576
12.8965
12.7542
12.6359
12.8012
12.4716
12.4964
12.6298
12.5465
12.6463
12.691
12.4496
12.453
12.6875
12.3909
12.4941
12.7302
12.4559
12.6338
12.663
12.7978
12.5384
12.6108
12.4806
12.3064
12.0468
12.4502
12.6178
12.4346
12.4864
12.378
12.0626
11.5971
12.4164
12.5046
12.3394
12.1723
12.0427
12.6374
12.7321
12.2716
12.2647
12.5039
12.1289
12.4963
12.3829
12.2216
12.1199
12.598
12.1505
12.5187
12.3369
12.2229
12.484
12.0908
12.1401
12.1653
12.2014
12.3414
11.9261
12.1777
12.0455
12.2644
12.3295
12.3888
12.0147
12.0058
12.2055
12.3301
12.1889
12.2764
12.284
12.2093
12.0275
12.4385
11.9039
12.3804
12.4323
12.3579
12.179
12.0518
12.1941
12.2928
12.1573
12.3586
12.3947
12.3612
12.5026
12.0238
12.5045
12.3711
12.537
12.251
12.2485
12.3762
12.2636
12.334
12.2463
12.1934
12.629
12.258
12.3338
12.3263
12.0844
12.4405
12.2962
12.3264
12.2164
12.1349
12.2535
12.404
12.3371
12.4244
12.5257
12.3327
12.2457
12.1251
12.2601
12.1601
11.9717
12.0487
12.5232
12.2362
12.3929
11.8111
12.013
12.115
12.4109
12.3958
12.3746
12.0391
12.0997
12.5249
12.004
12.3073
12.0841
12.0977
11.9511
12.0575
12.1248
12.018
12.4238
12.0923
12.094
12.1063
11.9567
12.1673
12.1089
12.5364
11.9297
11.9821
12.1141
12.2705
12.3091
12.4714
12.21
11.965
12.1139
12.4599
12.3307
12.0264
11.8919
11.9492
12.1656
11.6779
11.8494
12.3676
12.2773
12.0189
11.87
12.0277
12.3637
11.5938
12.5956
12.286
12.2048
11.9426
11.7972
12.259
12.2823
12.0226
12.0126
12.1376
12.2276
12.1343
12.3583
