0.00881591
0.00992062
0.00934771
0.00898994
0.00921248
0.00955099
0.00924359
0.00559827
0.0050753
0.00594539
0.00304626
0.0023213
0.00404389
0.00368563
0.00435627
0.00389261
0.00368684
0.00408393
0.00398657
0.00360664
0.0036637
0.00360338
0.0032387
0.00352017
0.00322818
0.00317778
0.00355443
0.00345416
0.00328299
0.00307713
0.00322749
0.00319044
0.00296083
0.00330421
0.00314653
0.00270431
0.00264054
0.00300109
0.00309502
0.00272943
0.00295557
0.00282378
0.00280691
0.00280037
0.0026759
0.00277611
0.00264564
0.00281234
0.00255879
0.00268349
0.00272931
0.00270479
0.00251412
0.00256687
0.00264209
0.0026203
0.00258103
0.00265011
0.00259612
0.00275162
0.00272119
0.00256417
0.0025642
0.00283077
0.00295817
0.00267222
0.00278736
0.00266768
0.00269553
0.00272149
0.00277264
0.00276276
0.00274667
0.00292619
0.00283393
0.00280837
0.00278726
0.00274881
0.00291094
0.00290835
0.0029026
0.00287966
0.00276292
0.00293793
0.00291276
0.00283817
0.00301624
0.00294556
0.00296368
0.00291504
0.00279939
0.00297005
0.00301544
0.00288565
0.0029188
0.00299896
0.00301422
0.00292447
0.00296576
0.00306056
0.00290864
0.00290282
0.00308487
0.00290795
0.00299284
0.00286128
0.00303393
0.00300296
0.00272309
0.0028225
0.00263714
0.00244968
0.0024578
0.00247846
0.00250289
0.0023942
0.00232157
0.00257705
0.00237449
0.00246795
0.00253966
0.00236438
0.00247921
0.00251871
0.00236977
0.00235766
0.00233496
0.00238607
0.00240628
0.00247433
0.00237552
0.00249132
0.00243087
0.00241804
0.00244867
0.00240782
0.00226679
0.00238205
0.00238387
0.00229227
0.00223396
0.00223861
0.00242359
0.00233026
0.00229699
0.0021816
0.00226459
0.00230325
0.00244399
0.00224393
0.00237709
0.00230592
0.00234471
0.00232306
0.0022909
0.00239832
0.00236114
0.00219514
0.00225454
0.00237361
0.00246036
0.00239362
0.0022948
0.00225564
0.0023238
0.00228528
0.00236806
0.00229175
0.00232881
0.0024478
0.00235342
0.00237467
0.0023259
0.00229758
0.00224773
0.00232935
0.00232965
0.00226559
0.00240536
0.00232026
0.00234225
0.00237401
0.00223395
0.00246756
0.00238114
0.00239996
0.00240366
0.0023618
0.00232224
0.00234769
0.00229858
0.00227567
0.0023961
0.0023929
0.00241454
0.00236172
0.00234204
0.00228812
0.00223071
0.00233221
