0.426252
0.437391
0.491659
0.447709
0.40796
0.177291
0.112892
0.113555
0.109196
0.120414
0.146789
0.138297
0.165372
0.171607
0.196324
0.199965
0.157196
0.182912
0.189668
0.129073
0.142989
0.119839
0.136161
0.116068
0.132576
0.105609
0.118503
0.113032
0.113343
0.0960407
0.096593
0.0916567
0.10506
0.0987496
0.100965
0.0937555
0.0958892
0.0941708
0.0929064
0.0957118
0.0968465
0.0954722
0.0987808
0.0983636
0.0989924
0.0947236
0.0932806
0.0906333
0.0952472
0.0999217
0.0907337
0.0973978
0.0940211
0.09717
0.0987927
0.0991604
0.104506
0.104401
0.104812
0.0997585
0.10617
0.102923
0.108132
0.10715
0.110781
0.118831
0.111155
0.169089
0.137363
0.111831
0.114728
0.111573
0.118394
0.117838
0.120034
0.121511
0.12268
0.13047
0.125611
0.127654
0.128198
0.129053
0.134817
0.135296
0.127787
0.134738
0.136331
0.133533
0.139267
0.137912
0.140584
0.140665
0.144419
0.141836
0.14569
0.144114
0.147784
0.15238
0.142918
0.144948
0.145526
0.151196
0.15238
0.157753
0.152826
0.151757
0.150802
0.150598
0.151745
0.150212
0.163332
0.15003
0.159008
0.157429
0.148103
0.155551
0.15495
0.16353
0.155575
0.157167
0.160381
0.165337
0.16834
0.159835
0.161578
0.155563
0.164287
0.154619
0.16267
0.171872
0.158285
0.154593
0.159464
0.157078
0.159745
0.159756
0.154612
0.153536
0.163897
0.160884
0.161201
0.150354
0.157176
0.154825
0.173553
0.161158
0.161561
0.16195
0.160836
0.162223
0.158541
0.158001
0.165011
0.168789
0.166587
0.162874
0.171759
0.165769
0.17262
0.16574
0.174759
0.168951
0.172234
0.169729
0.170093
0.173448
0.166558
0.167326
0.162867
0.164705
0.164707
0.16539
0.162876
0.178422
0.173949
0.172122
0.17079
0.173533
0.178716
0.169976
0.163882
0.166728
0.167272
0.167763
0.161293
0.170615
0.169095
0.177361
0.168278
0.168762
0.162794
0.162951
0.170021
0.165806
0.169474
0.165955
0.159367
0.160221
0.154381
0.158615
