36.7244
36.6511
36.755
36.6956
36.6455
36.7104
36.7335
36.7154
36.6573
36.6524
36.7094
36.6577
36.7927
36.837
36.622
36.688
36.6876
36.7231
36.7379
36.7787
36.6997
36.61
36.6142
36.6627
36.6017
36.5946
36.7149
36.6626
36.6284
36.7134
36.6641
36.6533
36.7529
36.6766
36.7492
36.7008
36.6409
36.6983
36.6807
36.6534
36.6884
36.6481
36.6634
36.7264
36.4068
36.7346
36.6504
36.673
36.6187
36.5115
36.6503
36.5208
36.7828
36.6203
36.7378
36.5541
36.6199
36.5599
36.5689
36.6664
36.6319
36.7288
36.7035
36.6651
36.6108
36.5535
36.5943
36.5441
36.6701
36.4933
36.5039
36.4079
36.3484
36.6831
36.4999
36.5759
36.4769
36.173
36.1671
36.3937
36.4868
36.3537
36.3218
36.268
36.481
36.5272
35.9613
36.5215
36.382
36.1846
36.3008
36.3804
36.3248
36.1025
36.1322
36.0809
36.3263
36.4715
35.9343
36.2047
36.1092
36.3137
35.9846
36.5042
36.0552
35.9269
36.1608
36.2095
36.6624
35.9689
36.0211
36.4397
36.2142
36.4676
36.4325
35.9016
36.3908
36.2253
36.084
36.3199
36.4165
36.5753
36.4327
36.3218
36.1585
36.3364
36.1528
36.2305
36.4139
36.0184
36.0918
36.2913
36.1152
36.0995
36.1894
36.2096
35.959
36.1676
36.0891
36.3644
36.0161
35.9509
36.1342
36.1967
35.6738
35.8142
35.7949
36.3413
36.2993
35.9979
35.8212
36.1368
36.1149
35.5953
36.2555
36.0595
35.7665
36.3135
36.5509
35.988
36.4694
36.0792
36.1919
36.3307
35.6725
36.2954
36.4563
36.3493
36.3891
36.0672
35.9715
36.1467
36.0638
36.0478
36.2633
36.2794
36.2666
35.6501
36.4129
36.2988
36.0849
35.5783
36.2967
35.3183
36.2792
36.0998
36.0019
36.5077
36.5424
35.3862
35.6169
36.6736
36.3115
36.4887
36.2636
36.3042
36.1141
36.019
35.5811
35.8769
