2560.35
443.012
14.3592
1.04124
0.23552
0.0549394
0.0365931
0.0357373
0.0315876
0.0364811
0.0359529
0.0383843
0.0390756
0.0368222
0.0407534
0.0382778
0.0394141
0.0376389
0.0390569
0.0363555
0.0424967
0.0418141
0.0413092
0.0390918
0.0402256
0.0423224
0.0420032
0.0469093
0.0452687
0.0443279
0.0494982
0.0487264
0.0485426
0.0457682
0.0476254
0.0475947
0.0480439
0.0480638
0.0459223
0.0482942
0.0527697
0.0512784
0.0566708
0.0510557
0.0524598
0.0502658
0.0520686
0.049056
0.0480631
0.0494723
0.045844
0.0493887
0.0479834
0.0480999
0.0513102
0.0496498
0.0489911
0.0552454
0.0544493
0.05488
0.0578119
0.0560522
0.0573213
0.0566096
0.0583197
0.0573842
0.056966
0.060617
0.0612436
0.0656596
0.0680526
0.0695944
0.068924
0.0725036
0.0730751
0.0718959
0.0759994
0.0776621
0.081617
0.0846568
0.0843389
0.0859999
0.0901345
0.0932346
0.0965911
0.100804
0.101759
0.103072
0.106039
0.10844
0.109556
0.110428
0.117864
0.116948
0.118655
0.124956
0.124082
0.12717
0.130902
0.132858
