87.0333
75.6952
79.7904
76.6938
78.1247
80.8376
79.2311
77.9951
78.1192
78.3565
79.3798
84.9754
83.41
87.6963
82.9921
84.9391
84.8884
83.3894
81.2711
82.9812
82.6966
81.2206
81.2442
83.1868
82.266
82.9384
82.139
82.7466
83.1978
81.1566
84.7548
80.8211
81.9859
79.9335
80.6117
67.3457
63.0142
52.6203
44.0223
37.5457
35.1855
30.3499
34.3975
34.0757
31.3195
32.6427
34.4559
34.0523
33.789
33.6876
31.7355
34.1359
34.3832
34.5311
36.4362
36.5617
34.6344
35.3221
35.9568
35.968
35.3057
35.7086
34.1357
34.5822
35.2927
32.3
26.5695
26.677
26.6622
28.8647
29.6417
29.873
28.8768
30.2902
31.1913
30.6727
31.7718
30.5739
30.9109
31.9255
32.6051
31.6775
31.8535
32.275
30.4921
31.5452
33.0039
33.1264
31.964
32.5623
31.9745
31.8785
33.2722
33.881
33.8492
35.3314
32.6015
33.2833
32.218
33.8674
32.5016
34.3151
33.0426
34.2093
35.2498
33.7428
33.3775
32.6113
33.1081
32.6839
32.6354
32.8028
33.4073
32.7157
33.7771
33.9426
32.7138
33.7868
34.8885
34.2779
33.8487
33.3296
34.3843
33.3834
34.3595
33.3937
35.1567
33.2238
33.2548
33.7882
33.7923
33.9124
32.3122
32.6556
33.5661
32.5055
32.0116
32.4004
32.9463
32.7815
33.9205
32.7076
33.2635
32.295
33.0723
32.3098
31.4686
33.372
32.4974
32.429
32.756
32.0171
34.0091
32.5591
31.4039
33.4798
31.8615
33.6785
30.9073
31.6342
33.0084
32.7357
31.4975
32.888
33.3312
31.7555
32.157
30.0278
30.9646
32.393
32.5544
31.654
30.8219
29.9705
31.5206
30.6066
31.8399
31.2664
31.9603
32.6963
32.2399
31.1414
29.9044
31.517
30.2254
31.2782
30.5978
30.3401
32.5329
30.4987
30.8746
30.5961
31.7029
29.4164
30.5271
31.3889
30.8033
29.7083
29.6308
30.8855
