91.9303
91.5318
92.0004
91.5321
92.0399
91.933
92.1563
91.6679
92.1831
92.0314
91.872
91.8131
92.108
92.1395
91.9692
91.1564
92.2117
92.1007
91.8782
92.1354
92.338
91.7854
91.8402
91.973
91.8933
92.0853
92.0431
92.0273
92.2123
91.9696
91.6662
91.9404
92.2018
91.7599
92.1834
91.8437
91.9991
92.0874
90.9002
91.6729
91.6228
91.6281
91.6835
91.994
91.4931
91.8138
91.5973
91.3998
91.7823
91.7153
91.2858
91.6584
92.0644
91.1388
91.323
91.618
91.6341
91.9743
90.5398
91.5863
90.8865
91.2443
90.7965
90.8196
91.5402
89.7963
90.3547
88.8385
90.9066
91.0898
90.6962
90.1118
89.6349
91.8199
91.3258
91.3312
90.8525
90.1929
90.369
90.5305
90.6691
91.0891
90.4781
90.5987
90.5299
90.5448
90.3101
90.571
89.6244
91.128
89.9716
91.1645
90.9578
90.0069
91.1605
90.2454
90.9178
88.9769
90.1822
90.4469
91.0767
90.297
89.1171
90.051
90.1416
89.3921
89.8335
90.0894
89.1194
90.1979
89.6037
90.6711
90.6441
89.1295
90.2765
90.0814
88.5224
90.5854
89.9923
89.8318
89.8689
89.5506
89.8853
90.3262
91.4778
90.3616
90.6344
89.1477
89.6909
88.3395
90.1799
89.0224
89.5807
87.9707
89.6365
90.6033
88.1903
89.0054
90.4271
89.45
89.3492
89.2945
88.8927
88.8572
89.8831
88.7379
89.0021
88.3924
90.4319
90.0916
89.4087
88.4603
89.099
88.9136
88.7817
88.9639
89.026
90.7502
88.82
90.0842
87.0886
87.2264
87.9033
88.5654
87.0548
89.749
89.0882
89.0155
87.8975
88.2533
90.2505
89.8757
88.7597
88.3265
88.8468
87.7698
88.2711
88.4349
88.4749
88.7384
89.8283
88.5054
88.8289
88.8242
88.3971
88.5298
87.8454
87.1533
89.2684
89.2713
89.0112
88.0841
89.2855
88.927
89.1665
88.9968
88.6754
88.756
88.0405
88.3908
