1.66841
0.812653
0.245577
0.26429
0.250459
0.255876
0.259496
0.238994
0.239982
0.24742
0.23326
0.242508
0.244239
0.242329
0.242214
0.258207
0.237923
0.233003
0.25061
0.243184
0.237831
0.242366
0.249782
0.239091
0.252171
0.250326
0.267512
0.260592
0.267375
0.270127
0.263305
0.265641
0.273382
0.268598
0.269666
0.26456
0.276155
0.268375
0.267135
0.270706
0.271077
0.278554
0.278281
0.264628
0.266988
0.266658
0.275881
0.272633
0.275954
0.266233
0.276578
0.273214
0.285404
0.282881
0.27827
0.277276
0.281519
0.285764
0.287726
0.283755
0.287935
0.293083
0.282427
0.288378
0.277323
0.277645
0.283661
0.277433
0.2806
0.279619
0.276652
0.284025
0.28208
0.283967
0.274403
0.275998
0.275889
0.277383
0.274745
0.273441
0.281977
0.270447
0.273977
0.275953
0.277952
0.277968
0.275502
0.273461
0.276355
0.275314
0.270648
0.267143
0.261619
0.264635
0.268975
0.262388
0.26408
0.257122
0.2549
0.249928
