523.722
576.336
611.025
675.336
642.925
623.923
592.345
603.95
579.034
578.713
576.226
566.773
583.206
578.045
548.895
551.019
554.952
546.147
544.942
535.614
550.059
549.882
543.335
538.347
537.835
537.073
533.685
536.391
528.643
540.394
561.255
567.286
587.321
592.092
598.553
628.069
645.016
656.675
662.436
646.684
657.634
632.956
639.847
621.1
642.017
619.207
620.178
609.438
608.398
615.243
599.774
607.531
593.093
595.233
598.006
581.783
576.468
574.208
578.347
573.685
579.735
559.959
558.554
564.334
553.913
529.138
549.436
547.458
551.934
529.721
538.527
528.79
521.014
527.666
516.108
511.235
493.433
493.819
502.516
500.969
494.37
477.149
479.017
475.367
470.259
474.065
470.12
467.45
463.08
451.818
450.795
446.055
441.435
444.31
431.991
442.84
426.303
431.205
427.57
432.099
416.92
415.974
407.167
413.93
416.872
410.707
416.218
407.778
396.955
399.102
395.243
385.726
398.323
386.405
388.139
379.697
378.555
381.055
378.706
381.297
371.895
374.942
366.966
368.581
362.781
356.227
356.991
352.372
353.354
359.918
350.243
349.152
351.325
365.447
356.069
358.144
358.252
362.578
342.988
353.527
344.312
342.383
341.659
346.944
331.988
325.233
349.269
332.825
327.906
320.853
334.869
335.4
324.421
323.783
329.301
314.702
321.692
315.299
314.009
313.895
306.947
314.074
311.36
300.804
300.339
303.638
298.317
304.786
299.832
289.173
299.818
298.361
296.655
287.462
282.399
288.517
287.345
285.498
280.377
282.954
286.959
280.204
290.025
279.537
274.852
277.876
278.337
271.385
272.578
271.398
269.269
264.303
262.834
266.726
270.858
264.502
256.419
266.4
261.009
263.259
