100.755
99.6761
100.712
100.927
100.188
99.9089
100.041
100.905
100.275
99.7994
100.905
100.063
101.072
100.267
100.491
101.347
101.076
100.555
100.848
100.508
100.001
101.06
100.782
101.14
100.801
100.942
100.111
100.612
100.688
100.521
100.263
99.9362
100.495
101.221
100.814
99.9879
100.427
100.436
99.8997
100.78
100.784
99.4032
99.2393
100.802
99.4748
99.8299
99.8684
99.6795
100.815
100.732
100.383
100.824
100.116
100.236
99.5763
99.7628
98.789
100.221
99.717
98.9988
98.8645
99.1767
99.3947
99.7607
98.9991
99.6548
100.281
99.1097
98.2744
100.16
100.433
98.9613
99.5376
99.3509
98.9321
99.3432
98.4179
98.9178
99.2145
99.5036
100.156
99.1061
100.017
99.2821
98.8865
98.5185
98.1284
98.7987
98.55
99.1735
98.6831
99.4821
99.4419
98.9206
100.13
99.0192
98.1655
98.8481
98.9097
99.9599
98.1204
99.4648
97.448
98.3564
98.9552
98.5791
100.062
98.5955
97.8246
97.9859
98.1214
99.1146
97.3345
97.8411
99.7425
98.8698
98.1201
98.9552
100.583
99.1566
97.9645
97.3717
97.0016
97.9072
97.7921
99.2887
98.498
97.0716
97.9684
96.6834
96.9704
98.2748
98.5953
97.0371
97.5177
98.3767
97.536
99.2088
98.1819
96.2466
97.4979
96.9726
96.4318
98.2263
97.3229
98.2393
96.8181
97.1465
96.9877
97.5627
96.1563
96.0403
97.3959
97.474
97.543
98.5464
97.2326
96.9443
98.2318
97.1475
98.144
96.878
98.8241
96.2674
96.087
96.9592
97.7689
97.0011
97.1207
98.6648
97.3075
97.2541
97.9212
98.0986
98.3288
97.8555
95.8315
97.0484
99.0093
97.8275
96.6572
97.5463
96.7635
97.4453
97.0873
96.0926
97.4081
96.2346
97.9571
96.6808
97.5223
97.0936
97.3636
95.7571
94.4806
96.9674
97.6807
99.0853
96.488
97.0071
