1.56636
1.41519
1.39417
1.31338
1.25387
1.32773
1.30746
1.24542
1.26251
1.28315
1.26246
1.2276
1.23874
1.20972
1.22606
1.23576
1.19084
1.23222
1.20497
1.19142
1.23523
1.2082
1.2026
1.21163
1.21101
1.20216
1.21687
1.19017
1.25287
1.15498
1.18235
1.18543
1.16642
1.11606
1.21214
1.20775
1.21526
1.16509
1.20691
1.16979
1.22641
1.13951
1.18302
1.18234
1.20978
1.15782
1.17521
1.11407
1.14796
1.12727
1.15757
1.1113
1.09198
1.08865
1.0214
1.09462
0.978311
1.05357
1.03036
1.024
1.04472
0.950577
0.982123
0.982023
0.981474
1.03592
0.928006
0.938734
0.951717
0.972621
0.952423
0.959807
0.971035
0.950023
0.928687
0.909395
0.851574
0.896349
0.858238
0.879248
0.868733
0.822948
0.898043
0.844718
0.87444
0.870211
0.825002
0.846376
0.813941
0.837309
0.784786
0.765448
0.793105
0.812981
0.797432
0.817128
0.766594
0.820827
0.762323
0.774241
0.803193
0.802669
0.738146
0.784147
0.712657
0.761182
0.752702
0.747162
0.774075
0.760717
0.784563
0.725832
0.723799
0.726936
0.717522
0.727709
0.692686
0.713284
0.720494
0.722872
0.745777
0.685534
0.70891
0.69987
0.708418
0.671807
0.709142
0.709803
0.680982
0.667758
0.689286
0.72329
0.703273
0.676266
0.660098
0.689929
0.648233
0.659496
0.651081
0.674682
0.615065
0.622753
0.629142
0.620408
0.652584
0.643132
0.599277
0.6297
0.593261
0.633163
0.598479
0.599291
0.583397
0.617589
0.571112
0.578339
0.577345
0.591602
0.570549
0.558468
0.570511
0.525148
0.502692
0.527474
0.51467
0.540497
0.510877
0.534371
0.512636
0.50563
0.522166
0.504103
0.500304
0.513988
0.520202
0.474442
0.445575
0.475348
0.478835
0.480148
0.431374
0.506762
0.489386
0.48931
0.502149
0.465222
0.455463
0.479862
0.454591
0.474253
0.453509
0.449358
0.446487
0.465252
0.472868
0.431424
0.428802
0.423541
0.425436
0.442199
