4.96698
1.15085
0.598481
0.590143
0.557112
0.527893
0.527647
0.530081
0.493033
0.503651
0.491037
0.49291
0.493575
0.457327
0.478556
0.461805
0.455174
0.453918
0.465082
0.448267
0.447282
0.444672
0.446178
0.451911
0.450856
0.44808
0.436678
0.444729
0.423983
0.431353
0.450283
0.442409
0.428596
0.426723
0.445199
0.434741
0.437663
0.434051
0.432797
0.427941
0.445793
0.429778
0.440283
0.43844
0.435348
0.431669
0.457202
0.448429
0.442986
0.438446
0.448502
0.463487
0.855363
0.502111
0.484382
0.479266
0.465549
0.493161
0.476788
0.466868
0.478043
0.468604
0.478061
0.500017
0.499865
0.501277
0.494415
0.496547
0.49949
0.505355
0.509969
0.496109
0.492253
0.500249
0.499885
0.509037
0.507512
0.508454
0.504889
0.530561
0.513153
0.519947
0.489252
0.507269
0.511555
0.50038
0.503732
0.5054
0.505969
0.50545
0.53449
0.505598
0.510026
0.514317
0.518859
0.501704
0.486716
0.475826
0.48589
0.490268
