4.44806
4.46671
4.65307
4.47825
4.79133
4.80045
4.9391
4.79968
4.75528
4.62492
4.66684
4.51524
4.69681
4.50746
4.47743
4.6837
4.38516
4.40477
4.34187
4.43758
4.24423
4.38642
4.62578
4.4232
4.44093
4.45818
4.51971
4.55526
4.52824
4.67425
4.60224
4.4818
4.66052
4.88767
4.83902
4.85557
5.1285
5.13235
5.18348
5.09395
5.53913
5.52901
5.86077
6.00082
5.98562
6.11303
6.19582
6.38911
6.42147
6.45903
6.64755
6.77629
7.05656
7.1815
7.18532
7.40437
7.7886
7.95236
8.1334
8.2295
8.11117
8.55773
8.41292
8.66848
8.97629
9.06508
9.12853
9.02019
9.72771
9.90584
10.1599
10.1078
10.2639
10.2662
10.4235
10.3355
11.2121
10.6628
11.2009
11.2906
11.0546
11.4127
11.4629
11.6645
11.5549
11.9725
11.8369
11.8495
12.1106
12.4848
12.4233
12.3492
12.3871
12.2238
12.5982
12.4906
12.8926
12.7224
12.8058
12.6812
