1.03624
1.03657
1.03645
1.03557
1.03637
1.03295
1.03704
1.03658
1.03699
1.03609
1.03655
1.03727
1.03673
1.03697
1.037
1.03582
1.03518
1.03503
1.03638
1.03368
1.03626
1.03572
1.03294
1.03387
1.03359
1.03691
1.02905
1.03094
1.02624
1.035
1.02976
1.03003
1.03093
1.02906
1.03292
1.02864
1.03085
1.03323
1.02757
1.02819
1.03481
1.03609
1.03483
1.02578
1.02763
1.03131
1.03104
1.02317
1.02468
1.02769
1.02451
1.03488
1.02864
1.0243
1.02767
1.02874
1.02369
1.0255
1.02458
1.02701
1.02912
1.02138
1.02854
1.0202
1.02175
1.01718
1.03283
1.02294
1.02862
1.02008
1.0249
1.02186
1.0228
1.01434
1.02378
1.02188
1.02842
1.01218
1.01778
1.02031
1.01695
1.01926
1.0288
1.01733
1.0211
1.01987
1.0177
1.02373
1.02812
1.02416
1.0202
1.03233
1.02274
1.01902
1.02383
1.02867
1.0162
1.01626
1.03186
1.02135
1.0306
1.0315
1.02168
1.03174
1.02409
1.0281
1.03099
1.03399
1.01636
1.02586
1.02722
1.0255
1.02744
1.01736
1.0259
1.02652
1.02897
1.02996
1.02566
1.02422
1.0322
1.02249
1.03253
1.02833
1.02136
1.02358
1.02008
1.03253
1.02552
1.02419
1.02043
1.03131
1.0262
1.01956
1.01792
1.02694
1.02128
1.02529
1.02117
1.01813
1.0195
1.01431
1.01586
1.0151
1.01684
1.0171
1.02089
1.0195
1.02903
1.02913
1.02128
1.02724
1.02196
1.00854
1.01735
1.02761
1.01437
1.02711
1.01772
1.01834
1.01399
1.02238
1.02079
1.02814
1.03267
1.0118
1.01658
1.01345
1.01984
1.01076
1.01052
1.02645
1.0132
1.02223
1.02477
1.02162
1.01974
1.01507
1.0129
1.01662
1.02215
1.03199
1.02716
1.02124
1.02854
1.01792
1.02539
1.02401
1.01441
1.01571
1.03035
1.03929
1.03175
1.03228
1.02057
1.01953
1.01392
1.02946
1.00702
1.01729
