0.2665
0.180989
0.193003
0.196569
0.177057
0.17227
0.178526
0.183462
0.173832
0.173058
0.169743
0.166612
0.147585
0.0930674
0.0952362
0.09615
0.0970965
0.110996
0.1153
0.10873
0.111716
0.10771
0.108995
0.105502
0.105711
0.105026
0.106973
0.106924
0.102518
0.10397
0.106446
0.10471
0.102256
0.107344
0.104975
0.1029
0.0978381
0.0982829
0.0994472
0.0997781
0.0960149
0.0962974
0.094206
0.0967937
0.0960206
0.0953901
0.0938235
0.0949339
0.0942302
0.0939245
0.0903727
0.088409
0.0892113
0.0885735
0.0880245
0.0892093
0.0898947
0.0890111
0.08879
0.0897218
0.088098
0.089078
0.0884908
0.0857602
0.0826709
0.085082
0.0848129
0.082746
0.0830893
0.0824337
0.0808111
0.0799183
0.0797586
0.0811865
0.0797176
0.0797222
0.0101149
0.00470929
0.00619077
0.00647006
0.00653522
0.00639507
0.00651273
0.00652502
0.00648698
0.00647141
0.00662023
0.00594768
0.00638504
0.00651183
0.00604234
0.0059269
0.00618029
0.00648163
0.00620845
0.00625324
0.00602221
0.00612371
0.00617787
0.0062471
0.00613592
0.00627957
0.00607956
0.00584173
0.00603662
0.00609476
0.00614503
0.00627219
0.0059641
0.00612989
0.00538611
0.00609123
0.00586367
0.00596083
0.0057959
0.00579716
0.0056058
0.00569169
0.0055711
0.0058155
0.00602497
0.00541637
0.00554026
0.00552173
0.00542723
0.00545488
0.00530602
0.00560954
0.00572435
0.00544754
0.00544887
0.00541045
0.00527709
0.00576995
0.00560473
0.00562919
0.00567056
0.00560509
0.00524446
0.00508705
0.00534979
0.00542999
0.00576435
0.0057289
0.00564313
0.00533186
0.0052733
0.00589611
0.00528429
0.00525158
0.00500604
0.00536456
0.00537908
0.00527379
0.00507947
0.00523495
0.00509115
0.00513357
0.00539303
0.00525261
0.0048785
0.00480788
0.00526005
0.00490463
0.00477245
0.00491012
0.00492221
0.00470022
0.00476875
0.00469551
0.00439307
0.00469191
0.00476701
0.00500485
0.00467211
0.00456333
0.00477635
0.00453713
0.00455116
0.00472624
0.00465564
0.00448351
0.00460665
0.00456086
0.00441239
0.00454675
0.00447993
0.00422331
0.00444678
0.00451853
0.00435161
0.00449538
0.00436965
0.00428074
0.00433245
0.00433926
0.00431513
0.00425955
0.00438465
0.0041706
