126.17
125.989
126.213
126.213
126.163
126.436
126.194
126.346
126.318
126.327
126.426
126.333
126.252
126.187
126.342
126.323
126.089
126.073
126.228
126.329
126.031
126.337
126.32
126.353
126.334
126.348
126.041
126.089
126.44
126.138
126.332
126.087
126.081
126.284
126.239
126.354
126.323
126.453
126.041
126.178
126.023
126.275
126.205
125.682
125.954
126.317
125.997
126.048
125.823
125.494
126.276
125.528
126.016
125.927
125.403
124.8
124.73
126.316
125.114
124.132
124.054
125.22
125.367
125.043
124.101
123.839
124.772
124.185
124.681
124.396
124.758
124.219
125.058
123.123
123.1
123.148
124.224
124.836
125.423
124.025
122.719
122.464
121.071
122.787
124.591
122.811
123.003
123.452
124.387
121.256
123.261
123.037
120.043
122.623
120.965
120.882
122.357
125.966
122.289
122.994
123.089
122.614
123.18
123.121
119.748
122.145
124.603
123.653
120.971
121.211
122.835
121.382
122.036
120.971
123.465
122.771
120.919
119.949
119.476
120.725
118.051
121.639
123.743
120.358
120.58
122.645
120.339
122.805
123.439
121.998
123.725
123.024
122.305
123.831
123.034
124.584
121.23
122.662
124.864
122.569
123
123.268
119.702
122.767
123.467
124.535
123.843
124.393
122.488
122.819
122.571
118.903
122.07
120.006
124.01
121.18
122.298
122.833
123.127
122.582
125.024
118.054
119.789
121.286
118.674
120.315
123.443
121.229
118.849
122.238
122.525
121.563
124.172
122.105
121.085
122.628
120.607
123.116
122.6
121.974
120.523
122.655
123.16
121.268
125.095
122.929
121.496
122.067
123.857
124.158
119.466
120.489
122.402
121.241
122.308
119.48
120.43
119.257
121.485
121.312
