1.27263
1.24854
1.2696
1.22503
1.27258
1.41042
1.35868
1.25233
1.24606
1.30681
1.34776
1.25458
1.25885
1.27219
1.32575
1.27021
1.43906
1.40958
1.22562
1.30883
1.3603
1.30969
1.3511
1.33039
1.39267
1.35016
1.42108
1.31361
1.41294
1.43875
1.42444
1.41018
1.41264
1.36935
1.45746
1.35952
1.36087
1.4454
1.40708
1.41511
1.36538
1.441
1.46036
1.42416
1.36204
1.42108
1.4188
1.42416
1.41113
1.42431
1.46077
1.43406
1.45179
1.45188
1.42783
1.40723
1.41848
1.42815
1.44013
1.44457
1.44236
1.42381
1.41987
1.42553
1.40984
1.35999
1.42348
1.39797
1.41814
1.42551
1.42686
1.42072
1.409
1.42253
1.43986
1.42183
1.41764
1.45221
1.41366
1.43285
1.45094
1.44253
1.41998
1.44038
1.41489
1.45116
1.42421
1.42056
1.45031
1.44021
1.42557
1.44077
1.4158
1.4192
1.43988
1.41666
1.41152
1.41381
1.44831
1.42954
1.44752
1.43727
1.45108
1.44858
1.42884
1.42019
1.43535
1.42279
1.42926
1.42639
1.4318
1.4551
1.4475
1.43692
1.42689
1.42061
1.43718
1.42026
1.4444
1.43769
1.43077
1.43582
1.43311
1.43184
1.43363
1.43034
1.41843
1.44895
1.44146
1.43459
1.39185
1.42469
1.44025
1.43628
1.43484
1.41116
1.4211
1.42166
1.43851
1.43833
1.42983
1.4474
1.4127
1.43448
1.43237
1.43797
1.42094
1.4312
1.43358
1.43046
1.40325
1.42191
1.4085
1.44329
1.41588
1.41292
1.43354
1.42356
1.4329
1.44474
1.44447
1.44089
1.41758
1.42723
1.42377
1.44813
1.4096
1.43298
1.4369
1.44123
1.42769
1.4054
1.4165
1.41641
1.41723
1.40483
1.40853
1.4152
1.44312
1.45846
1.4451
1.44858
1.42998
1.44745
1.43806
1.42791
1.43524
1.45067
1.44436
1.40342
1.44164
1.43564
1.41584
1.43003
1.45005
1.43258
1.43729
1.44979
1.4215
1.43696
