19.8968
17.1348
18.4246
18.164
18.0244
18.4274
18.068
17.8784
17.9164
18.4622
17.8822
17.8096
18.0537
18.4521
18.2541
18.8588
17.4468
18.2735
18.3729
18.05
18.4462
17.5425
18.0585
17.4527
17.2871
16.9703
17.8858
17.8121
17.4446
17.657
17.9624
17.404
17.1265
16.3843
16.1111
17.1924
16.7001
15.9211
15.9476
15.3268
15.277
14.1799
14.2737
13.7822
14.0123
12.1354
12.8799
11.4486
12.0042
10.6778
10.5414
9.98242
9.84777
10.1257
9.43201
9.26374
9.57623
8.92016
9.15958
9.11687
9.37138
8.79137
8.78196
8.8234
8.56252
8.36361
8.68165
8.56128
8.71879
8.44285
8.48756
8.53189
8.53814
8.76186
8.42023
8.81124
8.39632
8.16728
8.06183
8.3946
8.32456
8.71788
8.08978
8.04905
8.41046
7.92299
7.71782
5.04966
6.65295
7.40108
7.78193
7.85979
7.40366
7.9771
7.95337
7.74025
8.09602
7.61228
7.7836
8.12494
7.93419
8.13259
8.19279
7.7742
8.33865
7.84593
8.01436
7.91187
8.18888
8.19816
8.0218
8.0393
8.03381
7.69189
7.95083
8.33387
7.7331
8.24155
7.89872
8.22335
7.97687
7.98628
8.22757
7.69834
8.09353
8.11942
7.88293
7.97853
8.04834
8.01717
7.57637
7.74238
7.62879
7.80733
7.67566
7.83232
7.71355
7.68516
7.59858
7.76564
7.65785
7.95566
7.55104
7.61977
7.43806
7.74494
7.86067
7.73096
7.5242
7.72448
7.64729
7.67693
7.4148
7.33092
7.61811
7.88317
7.55589
7.76746
7.3542
7.57038
7.6925
7.38266
7.24362
7.41834
7.47501
7.56487
7.33867
7.49398
7.61376
7.21608
7.18507
7.30475
7.38663
7.13471
7.10294
7.00095
7.30241
7.17536
7.04538
7.55361
7.32497
7.16324
7.18465
7.34232
7.23993
7.2533
6.99676
7.04173
6.98505
7.18334
7.05664
7.34004
7.48433
6.92589
6.88505
6.84434
7.2909
7.05195
7.05985
7.45119
