43.5123
43.4618
43.4112
43.4379
43.4371
43.4305
43.4788
43.4908
43.3853
43.5142
43.4564
43.3579
43.2898
43.319
43.4854
43.4465
43.4076
43.4915
43.4095
43.5455
43.4894
43.4444
43.5423
43.4301
43.4879
43.393
43.3361
43.3283
43.5275
43.374
43.4401
43.3399
43.4144
43.3595
43.4112
43.4234
43.2954
43.3258
43.199
43.4442
43.2984
43.3009
43.4815
43.4127
43.1105
43.2968
42.8791
43.3261
43.2732
43.0556
43.3224
43.3579
42.9754
42.6809
42.962
43.3507
42.7758
43.5297
43.0104
42.5542
42.8503
42.9092
42.8091
42.8645
43.0135
42.9475
42.4926
42.8651
42.64
42.9171
43.2853
42.5665
42.4389
42.0827
41.9982
42.0846
42.194
42.9707
42.1879
41.762
42.3493
42.9611
42.8566
42.4088
42.7491
41.4847
42.0885
42.8181
43.0909
42.7423
42.3447
42.1937
42.7349
43.1118
41.8131
40.3327
42.4314
41.5326
42.225
42.8224
40.9055
41.7193
41.9735
41.7055
42.215
41.8661
41.319
41.6394
41.4284
42.4196
41.7813
41.9665
41.4795
40.4464
41.6013
42.4832
42.0652
42.1053
41.8987
42.0996
42.5131
41.9258
42.2618
43.0406
42.4998
42.4985
42.8558
42.3594
42.2433
43.133
42.7627
42.738
42.6303
42.6736
42.0715
42.7434
42.2965
42.4972
42.2009
43.4548
41.6803
42.5364
43.1423
41.4738
42.1815
43.2152
42.0529
42.5179
41.4734
42.1893
41.8321
41.5817
42.5208
41.4062
41.7339
41.1279
41.9217
42.3283
42.5254
41.8075
42.6083
41.4198
41.3197
42.4134
41.4177
41.3865
42.2152
42.9924
40.7186
40.9767
41.9379
42.2526
42.1192
42.1649
42.0901
42.5009
42.0667
41.6652
41.2702
42.4393
41.8979
41.6488
41.8495
41.8587
41.4578
41.3975
41.8831
42.6944
42.4072
41.6939
42.5076
42.3368
42.1898
41.8749
41.8667
41.7022
42.9238
42.0304
41.9921
42.2366
