0.0138091
0.00934004
0.0105962
0.0107594
0.0109669
0.0109986
0.0112935
0.0113425
0.0109324
0.0106159
0.010888
0.0107696
0.0107485
0.0107147
0.00960365
0.00357687
0.00412842
0.00403723
0.00446966
0.00226443
0.00342192
0.0033352
0.00402551
0.00381315
0.00397409
0.00379454
0.00358544
0.00336578
0.00385413
0.00365365
0.00343503
0.0035378
0.00368816
0.00365032
0.0035473
0.00333003
0.00356966
0.00368742
0.00344926
0.00345363
0.00333974
0.00355602
0.00356638
0.00382777
0.00358255
0.00367856
0.00337849
0.00330082
0.00365405
0.00353466
0.0034781
0.003608
0.00342219
0.00347598
0.00349857
0.00350329
0.00366072
0.00349653
0.00366908
0.00366778
0.00367212
0.00363174
0.00346881
0.0035365
0.00360047
0.00348566
0.0034832
0.00352874
0.00363266
0.00351037
0.00356396
0.0036601
0.00351837
0.00352083
0.00324582
0.0035317
0.00321756
0.00312751
0.00321016
0.00324712
0.0032973
0.0033612
0.00314154
0.00316747
0.00314552
0.00307922
0.00326311
0.00315189
0.00295624
0.00300009
0.00308695
0.00314544
0.0031084
0.00313257
0.00320227
0.00303626
0.00335948
0.00311479
0.00306458
0.00316725
0.00319268
0.00330327
0.00310908
0.00312194
0.00307684
0.00330315
0.00318645
0.00314187
0.00318032
0.0031315
0.00307614
0.00322711
0.00324903
0.00314387
0.00302672
0.00326485
0.00298717
0.00312683
0.00317236
0.00311256
0.00309151
0.00296829
0.00309217
0.00303916
0.00295068
0.00317789
0.00301284
0.00316148
0.00315096
0.00310146
0.0029601
0.00298473
0.00309829
0.00296624
0.0030963
0.00317063
0.00302137
0.00305057
0.00315117
0.00298776
0.00304312
0.0029005
0.00309555
0.00310347
0.00305915
0.00317819
0.00308031
0.00303969
0.00297486
0.0029098
0.00308128
0.00307209
0.00310367
0.00307007
0.00303191
0.00301259
0.00317539
0.00304191
0.00302354
0.0029657
0.00299332
0.00316079
0.00298257
0.00306912
0.00307693
0.00309869
0.00290564
0.00305233
0.00306362
0.00304618
0.00300398
0.00288456
0.00311794
0.00310274
0.00298664
0.00313978
0.00309146
0.00311884
0.00306558
0.00303845
0.00300854
0.00293035
0.00310976
0.0029752
0.0029861
0.00306972
0.00312763
0.0031433
0.00299759
0.00307349
0.00300212
0.00309007
0.00297176
0.00315744
0.00294062
0.00301429
0.00309493
0.00299503
0.00295882
0.00308385
