1.00715
1.00551
1.00695
1.00775
1.00917
1.00585
1.00455
1.00685
1.00437
1.00707
1.00534
1.00965
1.00958
1.00584
1.0087
1.00384
1.00711
1.00605
1.00634
1.0057
1.00592
1.00492
1.00607
1.00508
1.00793
1.00588
1.00428
1.0089
1.00415
1.00632
1.00619
1.00487
1.00508
1.00521
1.00334
1.00341
1.00445
1.0047
1.00755
1.00431
1.00446
1.00363
1.00666
1.00595
1.00706
1.00576
1.00388
1.00647
1.00616
1.00379
1.00442
1.0048
1.00976
1.00905
1.01095
1.00738
1.00991
1.00767
1.00749
1.00999
1.00558
1.00922
1.00867
1.00701
1.01394
1.0095
1.01106
1.00733
1.00748
1.00794
1.00701
1.01087
1.00706
1.01069
1.00611
1.00755
1.00854
1.01071
1.00615
1.01393
1.0083
1.0121
1.01063
1.00987
1.00851
1.00685
1.01062
1.0121
1.01118
1.01478
1.01605
1.01521
1.01878
1.01438
1.01124
1.00992
1.01261
1.01269
1.00905
1.01234
1.01667
1.01036
1.01331
1.0128
1.01446
1.01474
1.01299
1.0113
1.00961
1.01259
1.0167
1.01197
1.00838
1.00925
1.01473
1.01411
1.0132
1.00929
1.00951
1.01515
1.00917
1.0132
1.01452
1.01533
1.01515
1.01026
1.01269
1.01284
1.00933
1.01403
1.01637
1.01288
1.01556
1.01425
1.01212
1.01389
1.01601
1.01119
1.00864
1.01086
1.00926
1.01862
1.01284
1.01434
1.01328
1.01387
1.01471
1.01326
1.01391
1.01419
1.01357
1.01078
1.01746
1.01376
1.01315
1.01419
1.01527
1.01232
1.01213
1.01261
1.01623
1.01563
1.01704
1.0115
1.01873
1.0155
1.01561
1.01467
1.01493
1.00756
1.00999
1.01493
1.01361
1.01501
1.01354
1.01249
1.01515
1.01862
1.01514
1.01677
1.01713
1.01624
1.01236
1.01357
1.01611
1.01514
1.01354
1.0125
1.01308
1.01416
1.0145
1.01519
1.01351
1.01574
1.01071
1.01247
1.01383
1.01736
1.0129
1.015
