0.0150224
0.0300922
0.0451222
 0.060164
0.0754213
0.0904404
 0.105839
 0.121041
 0.136398
 0.152017
 0.167319
 0.183256
 0.198742
 0.214764
 0.230691
 0.246653
 0.263047
 0.279032
 0.295755
 0.311965
  0.32882
 0.345372
 0.362232
 0.379126
 0.395995
 0.413151
   0.4301
 0.447388
 0.464464
 0.481764
 0.498962
 0.516204
  0.53347
 0.550636
 0.567882
 0.584985
 0.602111
 0.619171
 0.636084
 0.653109
 0.669746
 0.686708
 0.703056
 0.719887
 0.735985
  0.75258
 0.768511
  0.78476
 0.800614
 0.816451
 0.832274
 0.847728
 0.863477
 0.878678
 0.894242
 0.909351
 0.924647
 0.939764
 0.954835
 0.969949
 0.984948
