77.8581
78.0017
78.0567
77.9751
77.9959
77.6253
78.1379
77.8067
77.9962
77.9983
78.0009
77.7472
78.1066
77.7853
78.0176
78.0136
78.0634
78.0056
78.0393
78.2093
77.9348
77.9081
78.0719
77.958
77.9486
77.7887
78.0776
78.0702
77.7285
77.8915
77.8976
78.251
77.8202
77.9052
78.0578
77.786
77.737
78.0329
77.9572
78.0218
78.1384
78.1513
78.1122
77.795
77.5766
77.9231
77.9566
77.9614
77.9391
77.9643
77.7406
77.6804
77.7841
77.2406
77.6137
77.6791
77.4134
77.4609
77.3458
77.4471
77.0931
77.6413
77.8854
77.7175
76.584
77.5914
76.9792
76.8498
77.6025
77.0201
77.1949
77.5415
77.8174
77.6367
76.7689
78.0013
76.9491
77.01
77.6242
77.4323
77.4153
76.5954
77.2452
77.2555
77.879
76.1485
76.9941
77.451
77.0469
76.9855
77.6256
77.6906
76.4747
76.8557
77.5226
76.6168
77.8086
76.7653
76.6575
77.0505
77.487
76.4398
77.0791
75.9991
76.6766
77.0297
77.1007
77.0555
76.5933
76.3033
76.5108
74.8696
76.6815
77.29
76.7948
75.163
76.7491
77.0773
75.6535
76.234
76.1133
76.2829
76.2745
75.6675
75.7947
75.9615
74.9471
76.649
76.1359
77.3265
75.7001
76.4936
76.1037
75.6417
75.2495
76.542
76.1383
76.6678
76.7017
75.9214
75.5769
75.5451
76.3223
77.2716
76.3832
75.2589
76.1505
75.6858
75.6259
75.1299
74.3729
75.5773
75.6858
75.768
75.2176
75.9665
76.0718
75.9478
74.9115
75.6388
74.8481
76.2941
74.5022
75.6309
75.7759
75.8735
76.0078
75.0437
74.761
75.5639
75.647
75.2812
75.6424
76.1493
75.134
75.6522
74.7493
74.654
75.6364
75.0012
74.2321
76.6258
74.8871
75.1894
76.1041
75.3787
76.3765
75.5025
75.3919
75.531
76.8139
76.2712
76.5637
74.8356
75.4813
76.0233
76.7453
76.1024
75.3456
75.4621
