6.51078
7.59355
5.51825
6.00747
7.21238
5.62057
5.33564
5.79811
6.15966
6.8586
5.98526
6.35577
7.10086
8.46986
6.02844
5.63809
6.43499
7.28355
9.5011
8.65856
7.18395
5.78708
5.69344
7.05385
5.69824
7.68885
11.3114
5.78057
5.72062
5.79182
10.2017
6.13265
8.20465
5.90788
5.79872
5.63478
6.29334
7.68629
5.60978
6.07814
5.63288
5.61899
8.49267
7.52792
5.82865
5.63304
7.28188
5.60719
5.63017
5.63051
5.63429
5.73933
5.63529
5.63496
5.62751
5.611
7.32406
5.63508
5.60986
6.29937
9.86304
5.61647
6.01727
8.94986
6.31093
7.14486
5.63123
7.39806
6.48453
7.32907
7.33437
7.28188
7.32385
10.6764
8.98758
6.85801
7.28188
7.97579
7.28499
8.08489
8.0208
10.676
7.95286
7.31391
8.13798
7.94368
10.6807
7.62205
8.14228
7.62205
8.13789
8.13789
8.14802
7.91989
8.23276
8.27041
8.1379
3.15558
4.77677
5.60407
