2.1596
2.05247
1.99385
1.98631
2.09209
2.23346
3.14948
3.12863
3.04456
2.88902
2.77175
2.60596
2.47106
2.51603
2.4015
2.45261
2.41852
2.49026
2.43416
2.50615
2.46169
2.57804
2.5304
2.40306
2.38211
2.45156
2.41921
2.38634
2.35812
2.3295
2.35084
2.32066
2.23916
2.24525
2.27492
2.2023
2.27981
2.27509
2.30114
2.29885
2.5159
2.54525
2.58843
2.54085
2.55751
2.48372
2.40963
2.42811
2.4748
2.39467
2.42669
2.37918
2.32392
2.28378
2.31219
2.23606
2.30694
2.22124
2.21617
2.24051
2.2214
2.23178
2.23812
2.20757
2.16787
2.16644
2.11469
2.15545
2.12887
2.15437
2.14789
2.06431
2.07058
2.01773
2.05852
2.08039
2.06732
2.04488
2.03985
1.9872
1.99487
2.01167
1.97322
1.96547
1.97628
1.92393
1.99608
2.03092
1.98136
1.89492
1.90574
1.9701
1.90948
1.90606
1.90452
1.85115
1.86768
1.82432
1.83017
1.81496
1.80795
1.85145
1.81014
1.81169
1.75638
1.74853
1.7922
1.74032
1.7863
1.72812
1.76481
1.73355
1.72071
1.69579
1.69895
1.67069
1.69529
1.68622
1.68061
1.65128
1.63969
1.63532
1.61451
1.63618
1.6126
1.6366
1.59485
1.5839
1.62727
1.60485
1.60452
1.57233
1.55723
1.58304
1.60223
1.59657
1.54488
1.52578
1.54599
1.50858
1.49093
1.53815
1.54794
1.50326
1.49063
1.51193
1.50472
1.46007
1.50342
1.46842
1.4265
1.48083
1.47028
1.43978
1.41174
1.47594
1.4749
1.41436
1.44
1.43124
1.40974
1.4621
1.40188
1.39303
1.42061
1.33862
1.36068
1.37291
1.40012
1.37179
1.34842
1.36151
1.34153
1.35529
1.37027
1.37404
1.36114
1.35824
1.36808
1.28811
1.38177
1.3341
1.33907
1.35687
1.3209
1.3335
1.34401
1.33071
1.3335
1.31097
1.30546
1.33711
1.32129
1.30643
1.31333
1.32379
1.34088
1.31852
1.29493
1.29234
