0.0187405
0.0374579
0.0562288
0.0749862
0.0937638
 0.112589
 0.131418
 0.150287
 0.169163
 0.188108
 0.207046
 0.225953
 0.245028
 0.263963
 0.282891
 0.302071
 0.320902
 0.339866
 0.359086
 0.377732
 0.396783
 0.415943
 0.434396
 0.453591
 0.472589
 0.490931
 0.510296
 0.529063
  0.54744
 0.566943
 0.585466
 0.604039
  0.62358
 0.641911
 0.660785
 0.680231
 0.698463
 0.717642
 0.736873
 0.755115
 0.774498
 0.793455
 0.811793
 0.831211
 0.849926
 0.868404
 0.887687
 0.906273
  0.92488
 0.943919
 0.962532
 0.981216
