10.07
12.3776
12.4165
11.0492
12.0916
12.4806
12.3342
12.3227
13.1147
12.2999
13.0835
12.3387
13.0833
12.3636
12.2461
11.7979
12.9132
11.6914
13.0594
13.0184
13.1158
13.0737
11.7428
11.9246
13.0349
11.8261
12.3457
11.4571
11.7461
11.8293
11.7326
11.9915
11.9201
12.0963
11.9455
12.1363
9.89624
13.1152
11.113
9.70781
9.17419
9.82361
12.0006
9.85598
9.67005
10.5387
9.94251
11.2719
13.1533
9.0026
12.1134
10.0321
10.7553
9.882
9.86839
9.86718
10.427
9.49921
9.41421
10.1221
9.65183
9.37251
9.75427
9.81683
9.36175
9.74493
9.84496
9.89947
10.1959
9.79454
11.022
9.87273
9.80009
10.0658
9.90225
10.1169
10.1676
9.79382
9.97016
9.82714
10.4037
10.0758
10.0932
10.7393
9.87898
10.5429
9.41379
9.8966
9.57375
9.9206
9.92483
9.7937
10.2657
9.70303
9.91142
10.7369
9.68557
9.67057
10.1357
10.6937
9.76859
10.2279
10.1937
9.39269
9.23611
10.6436
9.66778
9.82227
10.1465
10.4818
9.62901
9.99956
10.545
10.0717
10.1592
10.0723
10.0692
9.61416
10.0264
9.15753
9.5687
10.3332
9.54658
9.71621
10.6387
10.1483
10.1123
10.2549
10.7472
9.85465
10.0917
9.3657
9.52786
10.371
9.54807
12.2395
9.68667
9.40015
9.43713
10.169
9.35319
9.89311
9.51922
9.22219
9.37433
10.1524
10.2801
9.53877
10.8041
9.4656
10.0225
10.3515
9.25866
9.69109
9.00077
9.7552
9.35764
9.22709
9.81298
8.82937
9.61383
9.11375
9.67082
9.74421
9.32875
9.6598
10.2979
9.01285
11.6265
9.66757
10.7972
9.29645
9.28593
9.28679
9.31007
9.48944
9.26636
8.78739
9.94615
9.21974
9.25253
9.49881
9.56975
9.66164
9.40611
9.60152
10.2112
9.01743
10.0078
9.8404
9.32074
9.66912
9.51411
10.9265
10.5989
9.86858
10.0042
8.95501
9.41071
9.00374
