1376.67
1754.8
1532.17
1528.51
1526.88
1485.7
1476.23
1501.02
1469.58
1543.66
1508.33
1447.92
1481.97
1483.59
1447.45
1424.56
1410.27
1456.44
1440.66
1419.16
1416.68
1367.17
1446.85
1423.04
1467.25
1465.77
1443.42
1442.67
1442.74
1470.92
1521.28
1474.86
1526.03
1548.95
1531.03
1549.82
1538.42
1553.2
1554.2
1601.98
1613.48
1649.12
1665.11
1675.17
1710.56
1709.09
1695.05
1702.04
1688.34
1675.68
1687.97
1668.27
1628.9
1640.78
1617.95
1626.55
1596.05
1577.43
1577.93
1534.25
1536.34
1517.6
1522.01
1495.78
1473.53
1473.87
1465.52
1440.63
1421.44
1426.19
1426.2
1403.15
1393.54
1407.1
1390.31
1385.96
1410.32
1345.84
1299.25
1303.45
1322.52
1295.46
1304.95
1267.43
1266.5
1257.33
1241.93
1229.19
1234.39
1218.94
1218.59
1194.24
1224.32
1179.74
1159.51
1178.57
1158.21
1149.02
1156.42
1152.53
1116.49
1106.06
1125.8
1090.74
1085.8
1113.99
1087.15
1071.57
1059.77
1052.48
1066.84
1047.22
1042.9
1010.79
1010.01
1022.11
997.288
987.123
1000.85
1001.21
975.575
959.939
986.035
965.473
963.464
964.648
965.229
938.757
921.975
928.413
936.075
927.864
914.521
919.456
899.274
898.584
898.879
888.341
872.564
872.979
868.898
861.013
881.594
856.604
851.721
853.439
860.858
841.615
829.703
815.985
813.726
835.413
806.793
799.556
794.856
817.259
810.022
798.054
791.607
785.745
766.747
792.188
764.008
772.618
754.113
770.278
750.71
749.521
753.94
747.142
737.016
736.664
729.996
729.286
740.018
715.031
727.068
724.085
699.354
705.703
708.445
700.737
677.727
678.609
688.934
693.655
700.114
680.458
683.09
676.453
681.867
680.243
659.171
659.074
675.775
655.885
648.965
652.595
650.194
655.093
