119.693
118.575
119.227
119.665
119.604
119.16
119.566
119.178
119.567
119.45
119.006
118.859
119.206
119.327
120.029
118.882
118.958
119.387
119.114
119.521
119.486
119.011
118.956
119.37
119.579
119.569
119.381
119.767
118.976
118.714
119.44
119.334
119.167
118.57
119.37
120.148
118.892
117.879
118.791
118.132
117.954
118.781
119.613
118.725
118.148
117.967
118.82
117.386
118.397
118.411
117.289
118.302
118.492
117.267
117.437
116.369
116.985
117.083
118.393
117.338
116.978
118.038
118.647
117.735
116.873
116.962
116.824
116.755
119.474
117.677
117.471
117.783
116.61
117.097
116.885
116.073
116.954
116.776
117.429
118.948
116.907
118.391
116.604
116.254
114.726
115.927
114.753
114.805
115.129
115.036
116.103
116.467
115.99
114.542
117.542
115.303
115.535
114.267
114.846
115.482
116.828
114.662
113.155
114.217
115.024
114.823
116.962
113.802
115.465
114.859
118.205
112.67
112.801
114.185
115.219
113.801
113.431
116.735
114.635
111.934
115.214
112.604
113.17
111.132
112.11
113.217
116.987
113.512
113.137
113.65
113.601
113.928
116.289
113.101
110.771
111.574
112.479
111.721
113.235
111.347
112.428
115.169
112.362
113.124
113.444
113.425
110.562
113.567
112.035
110.56
115.357
113.585
111.702
112.072
110.069
113.452
112.621
110.232
114.03
113.026
110.054
114.137
111.73
110.048
111.055
113.579
110.599
111.12
111.836
110.961
111.672
111.043
108.849
112.017
111.298
113.655
112.564
111.205
110.614
110.771
116.12
110.227
112.616
111.479
110.482
114.073
111.206
112.907
111.379
109.944
109.45
110.736
109.981
111.62
111.369
114.359
110.742
114.198
110.568
113.354
