0.0177601
0.0115652
0.0123651
0.0117078
0.0120003
0.0126642
0.0123487
0.0123462
0.0126522
0.0094522
0.00328791
0.0052849
0.00519123
0.00463804
0.00200287
0.00271425
0.00335435
0.00238962
0.00292764
0.002305
0.00209104
0.0017636
0.00207414
0.00193031
0.00224309
0.00231586
0.00189502
0.00208071
0.00207104
0.00199562
0.00191843
0.00174445
0.00195916
0.00191914
0.00182326
0.00171355
0.00167572
0.00178804
0.00179033
0.00172292
0.00184046
0.00182663
0.00191143
0.00231397
0.00218193
0.00242185
0.00243606
0.00242252
0.0022042
0.00213602
0.00227108
0.00215123
0.00211106
0.00216669
0.00210909
0.00206992
0.0020031
0.0020534
0.00227015
0.00225624
0.00220816
0.00232614
0.00225875
0.00209826
0.00223616
0.00208328
0.00235988
0.00221615
0.00225194
0.0023401
0.00221525
0.00229882
0.00234209
0.0021783
0.00233611
0.00239205
0.00240467
0.00231052
0.00237252
0.00246256
0.00254194
0.00241884
0.00238602
0.00250736
0.00255317
0.00255172
0.00253822
0.00251734
0.00262853
0.00272604
0.00258774
0.00259328
0.00279157
0.0027132
0.0027306
0.00264015
0.00265147
0.00272597
0.00285037
0.00266198
0.00278812
0.00281288
0.00269912
0.0028443
0.0027138
0.00285013
0.00303507
0.00287978
0.00281227
0.00293897
0.00299802
0.00300461
0.00294612
0.00298185
0.00282335
0.00302372
0.00307746
0.00290376
0.00295594
0.0030469
0.00296383
0.00310617
0.00302393
0.00319851
0.00317955
0.00316401
0.00329176
0.00321259
0.00318653
0.00326991
0.00318697
0.00326042
0.00326208
0.00311636
0.00318461
0.00342486
0.00328724
0.00342731
0.00334777
0.00336589
0.00333237
0.00343397
0.00345034
0.00345533
0.00341925
0.00334323
0.0034896
0.00343785
0.00349907
0.00344591
0.00343277
0.00342571
0.00344313
0.00334763
0.00357003
0.00363393
0.00354762
0.00350022
0.00356954
0.00361515
0.00345939
0.00354099
0.0035504
0.0034513
0.00349116
0.00344963
0.00345963
0.00361359
0.00353657
0.00358109
0.00349263
0.00364461
0.00356995
0.00345983
0.00353241
0.00357963
0.00370153
0.00372819
0.00361175
0.00367018
0.00368998
0.00341864
0.00353364
0.00371119
0.00345359
0.00362101
0.00366923
0.00376326
0.0035707
0.00365973
0.0035947
0.00396869
0.0035907
0.00366779
0.00374649
0.00367452
0.00371274
0.00375852
0.00362112
0.00360388
