17.4989
17.9662
17.0622
14.7873
17.1018
18.0744
15.0779
17.2452
14.7915
15.8174
16.9033
16.8099
16.8897
16.8966
17.439
16.9733
16.8352
17.0456
18.7176
17.4342
16.2894
18.6514
17.8473
17.7105
17.9827
17.5516
17.6077
17.6657
17.0569
17.3456
17.7653
17.2569
17.9314
17.219
17.9226
17.6188
16.8334
17.7934
18.2003
17.9638
17.4986
18.7025
17.2161
17.7401
17.5079
17.7548
18.1507
17.432
18.0379
17.1582
18.0731
17.685
17.2237
18.2423
17.2271
18.0997
17.2344
17.0335
18.3792
17.884
17.1125
17.5769
17.9903
16.9375
17.8188
17.5452
18.0874
18.036
17.5637
17.2288
17.4201
17.6509
18.0543
16.5396
17.7727
17.7614
16.7567
16.7088
17.2619
16.7704
16.6168
17.0474
17.0652
17.0043
16.3653
16.661
16.4343
16.9565
16.3581
16.5225
16.7187
16.8761
17.1235
16.6915
17.051
16.7498
16.927
16.7382
18.5705
14.8059
