0.0186797
 0.037397
0.0561675
0.0749766
0.0937923
 0.112588
 0.131361
 0.150129
 0.168914
 0.187728
 0.206566
 0.225414
 0.244263
 0.263121
 0.282003
 0.300928
 0.319895
 0.338888
 0.357873
 0.376818
 0.395707
 0.414545
  0.43336
 0.452181
 0.471031
 0.489912
 0.508812
 0.527711
 0.546598
 0.565472
 0.584346
  0.60324
 0.622164
  0.64112
 0.660096
 0.679075
 0.698049
 0.717022
 0.736011
 0.755032
 0.774082
 0.793141
 0.812169
 0.831132
 0.850015
 0.868829
 0.887601
 0.906362
 0.925126
 0.943884
  0.96262
 0.981323
