0.139368
0.125613
0.134265
0.128312
0.12567
0.124454
0.124541
0.122865
0.125448
0.17006
0.167352
0.18545
0.182067
0.187087
0.183026
0.0581082
0.0114468
0.0115821
0.0114642
0.0112703
0.0112977
0.0112597
0.0113384
0.011405
0.0116218
0.0109186
0.0105982
0.00734372
0.00344489
0.00289784
0.00317151
0.00365432
0.00440397
0.00483738
0.00515473
0.00516536
0.0050195
0.00532658
0.00518473
0.00521616
0.004975
0.00496919
0.00492267
0.00495609
0.00512704
0.00504131
0.0048655
0.00490712
0.00472808
0.00460873
0.00478281
0.00480134
0.00462126
0.0043994
0.004329
0.00422267
0.00433743
0.00403025
0.00425509
0.00424098
0.00416266
0.00421031
0.00441913
0.00419947
0.00388332
0.00422551
0.00419608
0.00410142
0.00409137
0.00431154
0.00397806
0.00405203
0.00402052
0.00404339
0.00416866
0.00396547
0.00412888
0.00396875
0.00397522
0.00399152
0.00390642
0.00398757
0.00400836
0.00393676
0.00404986
0.00396097
0.00418365
0.00404823
0.00383605
0.00394829
0.00399126
0.00391575
0.00371825
0.00390569
0.00378748
0.0039607
0.00366921
0.00375453
0.00379743
0.0038139
0.00410666
0.00384575
0.00385644
0.00385203
0.00382708
0.00397907
0.00367869
0.00376308
0.00384402
0.00384997
0.00392845
0.00376894
0.00372563
0.00386876
0.0037861
0.00377955
0.0036806
0.00383384
0.0037784
0.00380837
0.00374731
0.00380057
0.00367169
0.00356456
0.00381258
0.00362762
0.00375458
0.00353391
0.00360661
0.00365378
0.00368525
0.00365635
0.00365622
0.00369846
0.00360316
0.00368487
0.00348288
0.00363241
0.00361285
0.00368476
0.00372839
0.00363312
0.00360453
0.00363807
0.00357166
0.00363242
0.00363868
0.00358767
0.00349821
0.00354009
0.00349265
0.00359794
0.00359049
0.00365823
0.00345632
0.00368262
0.0034413
0.003395
0.00348194
0.00326084
0.0035617
0.00345509
0.00353001
0.0034096
0.00341747
0.00336519
0.00333956
0.00345599
0.00339672
0.00340855
0.00346197
0.00333091
0.00334905
0.00344039
0.00330643
0.0033669
0.00327227
0.00329148
0.00321024
0.00337172
0.00312302
0.00327545
0.00323475
0.00307774
0.00331988
0.00312804
0.00344454
0.00325388
0.00309475
0.00316205
0.00305668
0.00327044
0.00296153
0.00226367
0.00304626
0.00302638
0.00307628
0.00319132
0.00319088
0.00318097
