19.1088
19.5727
18.8791
19.2793
19.4305
18.7207
19.2587
19.1415
18.7776
19.4061
19.3883
18.8703
17.9325
18.631
17.9672
18.2949
19.0162
19.0022
17.8661
18.6469
20.3545
19.3122
18.7822
18.1106
19.9446
19.0387
19.9188
19.1489
19.7868
19.0787
19.376
18.8501
19.3104
18.6702
18.5477
19.8978
19.3997
18.5734
18.097
19.7978
19.2208
19.1384
18.1401
17.9563
18.4015
18.0146
19.3938
18.6412
18.819
19.3887
18.611
19.7344
17.8775
19.3106
18.2672
18.6707
18.0755
18.1454
18.1603
18.9861
18.6266
18.0956
18.2173
18.0698
18.1279
18.5731
18.4147
18.5046
18.2748
18.9342
18.2262
18.0245
18.4014
18.0105
18.056
18.5571
18.7529
18.0941
19.976
19.1163
19.3752
18.6821
19.4417
18.2884
19.2883
19.478
18.7848
18.8639
18.8665
19.8931
19.9662
19.3136
19.0997
19.3769
18.9554
19.7658
19.1831
19.3294
19.7235
19.7914
