0.0136335
0.0122137
0.0126665
0.0120889
0.0118142
0.0118079
0.0115593
0.0112494
0.0119664
0.0116652
0.0122552
0.0118949
0.00420464
0.00366701
0.00424866
0.00418859
0.00290848
0.00269345
0.00260664
0.00183534
0.00204295
0.00202333
0.00204698
0.00229374
0.00234894
0.00193472
0.00228101
0.00275423
0.00235043
0.00215597
0.00251733
0.00241811
0.0023188
0.0022157
0.00214973
0.0023969
0.00207589
0.00231062
0.00213527
0.00209181
0.00218194
0.00215167
0.00249132
0.00239595
0.00239463
0.00247935
0.00242256
0.0024482
0.00199588
0.00225898
0.00218607
0.00229369
0.0023678
0.00222608
0.00247522
0.00240254
0.00257188
0.00237913
0.00242261
0.00228695
0.00221837
0.00225651
0.00232817
0.0021904
0.00243183
0.00240421
0.00234316
0.00242002
0.00238099
0.0024527
0.00239101
0.00244052
0.00250569
0.00246418
0.00251979
0.00260324
0.00251303
0.00274831
0.00266166
0.00278052
0.00273066
0.00280415
0.00266389
0.00262697
0.0026326
0.00303285
0.00292302
0.00270161
0.00291765
0.00295459
0.00297664
0.00291552
0.00284667
0.00288478
0.00307512
0.00294462
0.00316302
0.00292297
0.002955
0.00285921
0.00292931
0.00302545
0.0031478
0.00310923
0.00310238
0.00308771
0.00322387
0.00299555
0.00301522
0.00308483
0.00304072
0.00308199
0.00312658
0.00309116
0.00301446
0.0029668
0.0030403
0.00299131
0.00298931
0.00315085
0.00321636
0.00302143
0.0029667
0.00319846
0.0031509
0.00322271
0.0031875
0.00312705
0.00326985
0.00314836
0.00327737
0.00324717
0.00328522
0.00315698
0.00321764
0.00313916
0.00329991
0.00325188
0.00324982
0.00322408
0.00321317
0.00328875
0.00334874
0.00324535
0.00315681
0.00339827
0.0033565
0.00344713
0.00318855
0.00337415
0.0034274
0.0033311
0.00348251
0.00344956
0.00337436
0.00329498
0.00346071
0.00348164
0.00331431
0.00336593
0.0035384
0.00345047
0.00342919
0.00341694
0.00349206
0.00345263
0.00342302
0.00347225
0.00371269
0.00346019
0.00336989
0.00356498
0.00343393
0.00360115
0.00358712
0.00354843
0.0036744
0.00355544
0.00374117
0.00364935
0.00366165
0.00357267
0.00372645
0.00351111
0.00350853
0.00355849
0.00359164
0.00355576
0.00360581
0.00355039
0.00362959
0.00349811
0.00360065
0.00359379
0.00363558
0.00361015
0.00367205
0.00359715
0.00373314
0.00365983
