1.31694
1.3642
1.32108
1.30712
1.27646
1.28317
1.20154
1.28324
1.24193
1.24247
1.25604
1.38074
1.38706
1.36514
1.37428
1.25548
1.28415
1.35254
1.27842
1.43538
1.36175
1.38032
1.306
1.37073
1.38681
1.26301
1.38651
1.42639
1.37626
1.39491
1.42365
1.38144
1.41279
1.36576
1.4104
1.33172
1.43081
1.40053
1.37965
1.42267
1.37634
1.43887
1.32189
1.35288
1.4076
1.42905
1.41015
1.42425
1.43628
1.40996
1.44095
1.36939
1.46976
1.362
1.37846
1.40914
1.42608
1.44333
1.37706
1.39766
1.45863
1.32458
1.4071
1.4256
1.40102
1.39653
1.42118
1.38523
1.44403
1.46842
1.41006
1.39503
1.43556
1.45384
1.38494
1.43936
1.41096
1.43038
1.40494
1.41649
1.42973
1.43161
1.43063
1.43269
1.44827
1.41104
1.43527
1.43232
1.43232
1.4326
1.44385
1.46512
1.4341
1.41808
1.43193
1.43261
1.4232
1.42494
1.4539
1.43498
1.41884
1.45564
1.36012
1.45058
1.41694
1.43566
1.40761
1.43377
1.43687
1.43316
1.44749
1.42208
1.42482
1.44271
1.4311
1.43468
1.4513
1.45222
1.44439
1.4719
1.4053
1.42741
1.43406
1.44174
1.43968
1.4313
1.44112
1.45088
1.39124
1.41493
1.43401
1.44633
1.43903
1.40943
1.43229
1.47067
1.41586
1.42892
1.43686
1.43726
1.44165
1.41871
1.4638
1.45235
1.42758
1.4292
1.41339
1.4354
1.42975
1.43283
1.44039
1.4253
1.42669
1.43879
1.38684
1.44146
1.40735
1.41442
1.43515
1.46325
1.42583
1.4434
1.47733
1.43276
1.42523
1.44462
1.42331
1.43906
1.43487
1.475
1.47417
1.40249
1.45128
1.42713
1.45635
1.41727
1.38818
1.44579
1.401
1.40012
1.44778
1.44553
1.4194
1.40731
1.41967
1.39857
1.42761
1.45736
1.39769
1.39524
1.40256
1.44369
1.45359
1.445
1.44258
1.42798
1.41687
1.43376
1.4086
1.40413
