126.628
126.228
126.292
126.579
126.611
126.654
126.349
126.607
126.532
126.546
126.619
126.382
126.312
126.541
126.607
126.425
126.584
126.476
126.615
126.263
126.186
126.651
126.4
126.368
126.383
126.254
126.645
126.609
126.165
126.425
126.599
126.748
126.472
126.649
126.684
126.16
125.895
126.617
126.397
126.334
126.36
126.598
126.473
126.195
126.352
126.536
126.114
125.689
126.431
126.379
126.345
126.343
125.717
126.111
126.599
126.179
126.291
125.792
126.13
125.721
125.601
125.854
126.81
126.157
126.167
126.069
126.36
124.205
126.379
126.044
125.556
125.664
125.325
126.356
124.414
125.455
125.652
126.06
125.456
125.748
124.944
124.71
125.774
124.012
125.344
126.147
124.433
124.038
124.806
125.916
124.259
125.244
122.944
124.575
125.533
125.231
124.643
123.554
123.011
123.517
125.11
123.141
124.043
125.531
126.541
125.184
121.697
122.822
125.05
122.875
122.977
122.171
122.502
121.8
122.012
125.318
124.01
124.872
123.329
122.692
123.073
124.687
123.341
122.867
124.98
123.027
123.934
121.692
123.145
124.272
123.429
123.115
126.257
123.549
122.859
124.889
123.929
123.768
123.23
125.517
123.301
124.423
121.718
123.727
123.833
122.027
122.613
122.948
123.119
123.626
120.777
122.746
122.952
123.04
122.698
122.67
123.186
122.076
124.847
122.186
121.409
124.196
124.021
122.921
122.184
125.546
124.762
123.92
121.629
124.318
124.177
120.754
121.509
122.936
120.968
121.018
121.383
122.39
121.741
121.894
121.334
122.737
121.144
122.03
124.544
122.603
121.968
122.612
121.801
121.823
120.445
122.014
122.786
121.924
121.79
120.521
121.285
122.56
120.708
120.569
