1.00183
1.00097
1.00053
1.00041
1.00133
1.00045
1.00251
1.00643
1.00086
1.00091
1.00213
1.00117
1.00089
1.00045
1.00077
1.00149
1.00129
1.00074
1.00683
1.00114
1.00151
1.00362
1.00268
1.00523
1.00419
1.00095
1.00177
1.00348
1.00198
1.00217
1.00232
1.00389
1.00538
1.00159
1.00551
1.00092
1.00191
1.00117
1.00735
1.0052
1.00507
1.00393
1.00616
1.00474
1.00366
1.0059
1.00303
1.00454
1.00755
1.00719
1.00424
1.00594
1.00365
1.00663
1.005
1.00624
1.00379
1.00508
1.00903
1.00927
1.0337
1.00913
1.00997
1.0095
1.00957
1.00706
1.00557
1.00618
1.0086
1.00917
1.00976
1.00648
1.00404
1.00411
1.00445
1.00801
1.00706
1.00973
1.03353
1.00989
1.0137
1.00773
1.01018
1.02328
1.01021
1.01103
1.01313
1.00748
1.01004
1.00603
1.0125
1.00959
1.01105
1.01546
1.01588
1.0145
1.01301
1.01488
1.02836
1.00822
1.01461
1.03372
1.01002
1.00844
1.01029
1.02315
1.01264
1.01391
1.02234
1.01323
1.01352
1.02282
1.01253
1.01096
1.02049
1.03294
1.02925
1.01449
1.01013
1.01437
1.00949
1.01534
1.01423
1.0128
1.01347
1.01417
1.02829
1.01335
1.00962
1.01572
1.0123
1.01187
1.01431
1.02231
1.02284
1.01326
1.01075
1.02294
1.02987
1.01414
1.01306
1.01391
1.00898
1.02808
1.01514
1.015
1.02235
1.01422
1.01397
1.01483
1.01372
1.02612
1.02646
1.02563
1.01844
1.0138
1.01193
1.02145
1.02656
1.01313
1.03392
1.01606
1.0282
1.01367
1.0132
1.01649
1.01381
1.0194
1.0144
1.01714
1.01242
1.01431
1.01242
1.03321
1.03334
1.03294
1.01404
1.01292
1.01744
1.03336
1.02836
1.01911
1.02612
1.01899
1.03521
1.02815
1.02068
1.02015
1.02061
1.01448
1.01709
1.01918
1.01506
1.03472
1.02293
1.02773
1.02838
1.03854
1.03722
1.02876
