0.0497334
0.0224617
0.0286678
0.0280983
0.0282981
0.0276091
0.0272593
0.0273634
0.0292289
0.0325714
0.0314054
0.0312882
0.0326651
0.0331555
0.0328671
0.0356246
0.036499
0.0366315
0.0365382
0.0388546
0.0358046
0.0362955
0.0366059
0.0360913
0.0364928
0.0356903
0.0368836
0.0384095
0.038119
0.0366146
0.0371444
0.0394382
0.0369978
0.0384683
0.0383303
0.039941
0.0382654
0.037516
0.0378195
0.0395389
0.0384141
0.0407118
0.0401392
0.0395213
0.0402037
0.0390275
0.0406196
0.040583
0.0398043
0.0413128
0.0419007
0.0422527
0.041035
0.0433961
0.0429566
0.0436818
0.0448982
0.0457533
0.0478038
0.0467656
0.0492133
0.048277
0.0483355
0.048292
0.0501143
0.0508887
0.0524866
0.054538
0.0574121
0.0574573
0.0590615
0.0628951
0.0643037
0.0650103
0.0688816
0.066553
0.0701436
0.0714267
0.0725633
0.0761844
0.078083
0.0811135
0.0827389
0.0880054
0.0909389
0.092835
0.0957755
0.0984851
0.102898
0.102335
0.108286
0.108184
0.112389
0.112863
0.118268
0.119371
0.124629
0.124624
0.12869
0.132163
