15.6135
18.5333
14.7085
13.0914
14.6646
17.1745
16.1673
14.9952
13.0398
12.8728
16.3866
14.0856
13.5405
16.4059
15.9425
14.8527
14.3423
13.8244
15.1196
15.5214
14.8792
16.9695
15.8358
15.7719
15.6609
15.5037
15.6088
16.1805
16.1332
16.3249
17.4464
17.4675
17.4182
15.7278
16.1178
16.0542
16.2232
16.4576
16.9885
16.4975
16.2215
15.967
15.9497
15.8524
16.259
15.7436
16.286
16.1134
15.7696
15.8025
15.8441
15.904
15.4226
16.6812
15.7608
16.115
16.0243
15.2478
16.0317
15.5658
15.6496
15.653
15.3893
15.9809
16.1398
16.6512
15.4991
15.3082
15.3231
17.2197
15.8652
14.884
15.9642
15.3113
15.6709
15.8961
15.7995
15.9267
16.0006
15.6544
15.6565
16.1899
15.2157
15.536
15.1481
15.8604
15.0993
15.1599
15.1401
15.4202
15.9395
15.097
14.8468
15.4434
15.0301
14.7848
15.4043
15.7781
15.9586
15.0077
