0.0623518
0.0287224
0.00848459
0.00817993
0.00449967
0.0034866
0.00355525
0.00341102
0.00325653
0.00327189
0.00336745
0.00320022
0.00333948
0.00316044
0.003368
0.00325052
0.00333762
0.00327742
0.00311224
0.00332771
0.00333668
0.00333017
0.00321211
0.00340093
0.00323354
0.00344071
0.00339157
0.00340871
0.00326931
0.00349211
0.00340623
0.0032746
0.00338725
0.00352345
0.00332433
0.00345386
0.00351779
0.00357353
0.00355092
0.00357679
0.00353322
0.00340009
0.00354227
0.00345388
0.00356346
0.00353724
0.00352685
0.00352911
0.00345554
0.00354632
0.00346488
0.00330714
0.00333112
0.00313345
0.0029934
0.00280307
0.00278663
0.00268725
0.00262242
0.00246477
0.00245034
0.00238779
0.00229216
0.00224044
0.00217965
0.00217199
0.00208971
0.00200638
0.00194645
0.00194709
0.00191428
0.00194307
0.00197343
0.00189049
0.00186162
0.00186495
0.00186004
0.00188438
0.00185509
0.0018089
0.00184628
0.00174315
0.00188447
0.00176693
0.00172865
0.00175973
0.00167674
0.00162511
0.00164475
0.00165265
0.0015862
0.00158734
0.00161946
0.00158459
0.00157041
0.00155985
0.00358866
0.00151168
0.00359659
0.00755259
