16.5788
16.6084
16.6405
16.6351
16.6369
16.6326
16.6053
16.5779
16.6128
16.6134
16.5963
16.6297
16.5496
16.6293
16.5378
16.6221
16.5916
16.5943
16.6322
16.6346
16.6414
16.6049
16.5807
16.6538
16.6339
16.581
16.6182
16.5191
16.5005
16.6206
16.5098
16.4605
16.597
16.5085
16.6149
16.5573
16.5297
16.5218
16.4629
16.5153
16.5469
16.562
16.5131
16.56
16.637
16.5425
16.4945
16.607
16.466
16.6066
16.394
16.4481
16.3937
16.4027
16.5228
16.3845
16.4984
16.5621
16.333
16.5912
16.4089
16.2277
16.5865
16.155
16.3696
16.1557
16.4607
16.4386
16.5651
16.3705
16.433
16.4055
16.423
16.5561
16.445
16.4532
16.5512
16.4773
16.4202
16.2965
16.4741
16.2859
16.6016
16.4426
16.5222
16.3103
16.5328
16.5602
16.2956
16.1901
16.3204
16.2639
16.375
16.2318
16.5534
16.3655
16.4795
16.3186
16.3812
16.3083
16.4079
16.3251
16.5352
16.4232
16.327
16.4095
16.2943
16.4021
16.4757
16.4539
16.3999
16.3389
16.2939
16.2793
16.4814
16.3738
16.433
16.4236
16.47
16.5032
16.5908
16.296
16.3904
16.1865
16.1832
16.3468
16.2736
16.4535
16.389
16.4439
16.2602
16.4757
16.3848
16.2572
16.3361
16.2516
16.2891
16.4526
16.3547
16.3972
16.4445
16.4102
16.257
16.5457
16.168
16.4111
16.3766
16.1374
16.1028
16.0075
16.2543
16.1471
16.5596
16.1808
16.4597
16.2672
16.2895
16.3557
16.3095
16.3916
16.3227
16.2806
16.3536
16.3594
16.4931
16.3836
16.3158
16.3552
16.4462
16.0966
16.4614
16.2737
16.2861
16.5013
16.5984
16.3218
16.2839
16.3853
16.0329
16.5948
16.3221
16.228
16.3447
16.1519
16.3272
16.4379
16.3654
16.4273
16.2593
16.3644
16.2611
16.4026
16.4477
16.4052
16.3827
16.4744
16.4686
16.2127
16.2853
16.2837
