0.304846
0.338909
0.344424
0.326346
0.313086
0.3263
0.321778
0.337157
0.330666
0.326284
0.3216
0.305952
0.292022
0.290587
0.297625
0.276867
0.280233
0.280703
0.279027
0.279793
0.281554
0.285313
0.283763
0.277509
0.27978
0.280954
0.279097
0.26956
0.277276
0.269573
0.277077
0.28178
0.280338
0.282081
0.283276
0.285812
0.296428
0.288057
0.292391
0.292587
0.29025
0.290806
0.289127
0.293257
0.291462
0.297838
0.296145
0.307337
0.29567
0.290466
0.302544
0.294197
0.298678
0.30172
0.291728
0.309101
0.29849
0.30924
0.318217
0.315438
0.306637
0.313004
0.315327
0.303985
0.307304
0.308243
0.312032
0.306039
0.310632
0.310367
0.319179
0.313915
0.30778
0.32434
0.31665
0.317068
0.322799
0.311831
0.320873
0.327834
0.321684
0.324554
0.319746
0.328834
0.311996
0.330086
0.331181
0.327833
0.330389
0.341892
0.331904
0.337945
0.330437
0.331121
0.332399
0.326889
0.333894
0.324379
0.336278
0.323991
