12.9406
12.4198
13.1024
13.6547
11.6401
12.5459
10.7966
12.2401
11.4652
12.6187
13.2461
12.066
11.4853
11.9601
13.1853
10.1629
11.7899
12.5174
14.7898
12.4894
13.7338
14.1889
13.4652
12.4079
13.5638
12.63
13.4705
13.0597
13.619
12.6055
14.5833
13.7225
13.8815
12.9171
12.748
14.1655
13.0459
12.3954
15.3219
13.6065
13.9929
12.767
12.951
14.4639
13.7311
14.4944
12.9318
13.4157
13.5546
12.1329
13.0772
13.2944
13.9794
14.017
13.0452
13.5378
13.3275
13.2967
12.6232
14.6816
13.1225
12.695
13.9004
13.5117
13.2402
12.6355
13.5442
13.6606
13.2167
13.5299
12.8559
12.8492
13.1176
13.802
15.0937
13.4956
13.329
12.4262
12.8554
12.7326
12.1241
13.5188
12.8708
13.079
12.483
13.6281
13.6845
13.0878
13.219
12.5944
12.813
12.5414
12.8088
12.6602
12.478
12.362
14.7417
13.2536
13.4424
13.239
