17.1458
19.3501
19.0001
17.6828
18.8794
18.9184
18.1677
17.0439
19.6217
18.4002
18.748
19.7146
18.7946
19.9908
17.8152
17.5965
18.1228
19.0757
17.9746
18.1715
19.1766
19.0814
18.779
19.4061
18.6798
18.6255
18.1926
19.0098
19.3447
18.0961
19.2457
18.7758
17.973
18.6173
18.9402
19.1669
18.598
18.0005
18.1236
18.1277
19.3682
18.6388
19.6524
18.7072
20.0338
18.8122
18.3634
18.3435
19.0714
18.0316
18.949
19.3064
19.3265
18.3811
19.0469
19.1815
19.3973
18.871
18.9364
18.5736
18.6027
18.6102
18.4016
18.892
19.6092
19.0458
17.7724
18.4963
18.7552
18.2191
19.1436
18.4842
18.724
18.9725
19.2377
18.5453
18.719
18.5527
18.5267
18.8377
18.2395
18.785
19.5474
18.7024
18.4261
18.8393
18.7171
18.2187
18.6314
18.6934
18.4009
19.2531
19.4652
18.7989
18.7051
19.2914
18.7163
18.909
19.0006
18.4619
