1002.5
1190.81
1164.31
1229.03
1213.74
1193.93
1224.14
1172.29
1184.65
1146.32
1142.41
1102.61
1102.46
1127.64
1158.82
1165.1
1185.96
1181.05
1211.29
1170.82
1116.5
1150.37
1144.36
1111.21
1102.01
1117.72
1122.17
1138.19
1075.81
1092.63
1083.26
1061.31
1078.7
1079.99
1090.94
1066.88
1051.72
1087.28
1064.7
1066.45
1061.27
1049.41
1062.65
1047.67
1070.02
1052.55
1026.73
1031.35
1052.03
1012.44
1002.11
1004.83
1012.39
1043.65
1019.33
1022.23
985.257
991.139
1002.72
1002.72
1000.06
1014.04
978.163
986.02
1003.79
1014.67
992.662
1020.68
1021.92
977.851
1010.89
1039.57
997.481
1006.99
980.149
987.256
978.955
965.49
954.902
969.7
958.429
924.72
915.273
910.223
915.591
898.389
920.882
906.3
892.819
888.964
892.165
877.879
878.741
885.012
879.455
840.033
872.765
838.106
839.692
865.727
865.347
828.635
830.722
835.744
839.832
815.637
817.141
798.35
807.273
807.365
808.231
802.337
781.24
787.592
785.842
771.854
770.505
758.641
740.776
760.744
751.343
737.383
749.878
743.845
729.616
705.215
724.769
735.417
712.757
711.144
684.984
701.56
687.301
708.638
668.981
698.53
684.875
673.34
673.38
652.828
655.37
659.228
665.377
651.62
669.206
633.772
652.44
644.383
640.944
633.845
651.091
626.113
634.018
614.375
615.048
629.499
607.28
615.313
613.616
614.273
595.285
600.64
603.068
609.157
586.781
606.776
589.591
609.279
594.85
588.884
581.986
578.192
582.456
577.049
576.66
581.241
576.669
558.482
576.216
561.034
552.513
559.97
546.263
554.28
560.123
549.15
547.639
532.391
532.983
536.848
541.932
543.147
522.195
521.883
536.275
529.85
531.08
518.277
501.183
506.773
