0.0149706
0.0299772
0.0450471
0.0601939
0.0754156
0.0906995
 0.106029
 0.121395
 0.136798
 0.152254
 0.167783
  0.18341
  0.19915
  0.21501
 0.230988
 0.247083
 0.263294
 0.279632
 0.296115
  0.31276
 0.329574
 0.346544
 0.363636
 0.380797
 0.397975
 0.415131
 0.432253
 0.449354
 0.466456
 0.483577
 0.500722
 0.517873
 0.535009
  0.55211
 0.569173
 0.586207
 0.603226
 0.620235
 0.637222
 0.654153
 0.670985
 0.687684
  0.70423
 0.720631
  0.73691
 0.753091
 0.769192
 0.785209
 0.801128
 0.816929
   0.8326
 0.848145
  0.86358
 0.878931
 0.894224
 0.909477
 0.924691
 0.939861
 0.954976
 0.970029
  0.98503
