0.33945
0.378343
0.368876
0.341144
0.349164
0.349796
0.344947
0.351446
0.35259
0.353698
0.359029
0.241644
0.205015
0.200226
0.197348
0.198369
0.19512
0.191176
0.196618
0.188894
0.197993
0.238985
0.237457
0.23974
0.229909
0.224344
0.232146
0.222321
0.226744
0.222839
0.252006
0.205667
0.0314419
0.0277083
0.0217432
0.0196108
0.0206345
0.0211213
0.0215912
0.0206561
0.0214183
0.0206642
0.0170503
0.0156186
0.0134492
0.0138393
0.0150993
0.0163876
0.016543
0.0171811
0.0172819
0.0169471
0.0169823
0.0170049
0.018585
0.0174428
0.0187303
0.0186482
0.01789
0.0184189
0.0179653
0.0184496
0.0185025
0.0186484
0.0183435
0.0178251
0.0179834
0.0180577
0.0174079
0.0184618
0.0178667
0.0174845
0.0183189
0.0180568
0.0183117
0.017155
0.0188509
0.0181376
0.0180692
0.0182479
0.0180558
0.0185528
0.0183359
0.018735
0.018259
0.0190275
0.0188657
0.0187087
0.0180854
0.0185153
0.0179862
0.0182853
0.0187971
0.0184131
0.0182385
0.0183052
0.0185839
0.0183284
0.0181545
0.0178731
0.017875
0.0191204
0.0186963
0.018503
0.017612
0.0185072
0.0190013
0.0193261
0.0186533
0.018678
0.0186057
0.0185113
0.0182986
0.0182018
0.0181842
0.0181191
0.0185066
0.0184301
0.0178
0.01853
0.0185002
0.0174769
0.018241
0.0179895
0.0181771
0.0172409
0.0182246
0.0184502
0.0183426
0.0186144
0.0174985
0.0186998
0.0182784
0.0178031
0.0178694
0.0179171
0.0184113
0.0189243
0.018276
0.0178677
0.0181254
0.0176431
0.01822
0.0179806
0.0177547
0.0174974
0.0168944
0.0171606
0.0173508
0.0174053
0.0173421
0.0179873
0.0177018
0.0169173
0.0171836
0.0170282
0.0166136
0.0170188
0.0170925
0.0168412
0.0167896
0.0166592
0.0166775
0.0170484
0.0171237
0.0167568
0.0176221
0.0167291
0.0163957
0.0165478
0.0171183
0.0164975
0.0169146
0.0165052
0.0164598
0.0170508
0.0169857
0.0164315
0.0157979
0.0168556
0.0162185
0.0162431
0.0164505
0.0157648
0.0166825
0.0163945
0.0166812
0.016424
0.0161203
0.0157558
0.0157508
0.0154199
0.0155662
0.0132192
0.0133163
0.0146299
0.0148489
0.0132488
0.0148307
0.0141848
