16.6963
15.1516
16.7801
16.6074
16.9628
16.6906
16.7025
16.6566
18.1193
17.5652
17.8941
18.1568
16.2116
16.4887
15.4647
17.5801
17.3882
16.9547
17.6754
17.0157
16.7003
17.4701
17.0325
17.8044
17.5091
17.8531
17.1771
17.2865
18.1053
17.9183
18.3974
18.1317
17.6763
18.5519
17.8882
18.0901
17.518
17.45
18.571
17.5781
17.8202
17.9295
17.7756
17.712
18.1321
17.8223
18.5572
17.6522
17.673
18.1429
18.1218
18.0499
17.5965
17.3683
18.1348
18.3134
17.9296
17.5365
18.0414
17.7167
17.5181
17.4563
17.6344
17.3951
18.1199
17.0751
17.6595
17.3908
17.6866
17.5375
17.1339
18.0664
17.259
17.3476
16.6138
17.49
17.8866
16.8965
17.4006
17.0551
17.1564
17.2078
17.2832
16.8535
17.3379
17.0371
17.7049
17.033
16.819
17.1297
16.8023
17.3459
17.4621
16.8218
17.1839
17.1244
16.6111
17.3051
16.5185
17.3035
