0.0205026
0.0171553
0.0191401
0.0197797
0.0191332
0.0187457
0.0186619
0.0189496
0.0186635
0.0186269
0.0189573
0.0186215
0.0192488
0.0183753
0.018671
0.0188521
0.0185586
0.0187478
0.0190119
0.0192628
0.0184347
0.0189063
0.0183383
0.0182359
0.0178236
0.0190643
0.0182713
0.0185319
0.0176609
0.0179556
0.0174614
0.0177075
0.0158307
0.0125963
0.0138068
0.0129048
0.0133698
0.0134264
0.0131813
0.0139591
0.0133198
0.0140022
0.0131419
0.0132781
0.0134606
0.0122231
0.012877
0.0126452
0.0126983
0.0119965
0.0122439
0.0119917
0.0104207
0.0113221
0.0112951
0.0114025
0.0109287
0.0107488
0.0108278
0.011355
0.00974615
0.0116136
0.0109441
0.0105304
0.0104398
0.0109963
0.0106302
0.0106793
0.0104376
0.0102302
0.0109376
0.0108749
0.0102043
0.0101694
0.0102065
0.00973926
0.0104313
0.00985172
0.010093
0.0099988
0.0095465
0.00936036
0.0104306
0.00988526
0.00964644
0.0101206
0.00889622
0.00967109
0.0094694
0.00956553
0.0090304
0.00915589
0.0092747
0.00999578
0.00943285
0.00918674
0.00937793
0.0096514
0.00923817
0.00873283
0.00873561
0.00850416
0.00935963
0.00936238
0.00951065
0.00948305
0.00865498
0.00873042
0.00902676
0.00839629
0.00895442
0.00911161
0.00885453
0.00844159
0.00841355
0.00854096
0.00863992
0.00869008
0.00864899
0.00842304
0.00856827
0.00924201
0.00859084
0.00830085
0.00863207
0.0081396
0.00831677
0.00826876
0.00806747
0.0083044
0.00823074
0.00810145
0.00800265
0.00830437
0.00833575
0.00825005
0.0081568
0.00790588
0.00818488
0.00774473
0.00850109
0.00821229
0.00823546
0.00769526
0.00769365
0.00809352
0.00763335
0.00851257
0.00723651
0.00739275
0.00790885
0.00759436
0.00800209
0.0075487
0.00788886
0.00766667
0.00783242
0.00764686
0.0079586
0.00801313
0.00746203
0.00791249
0.00794298
0.00790637
0.0072082
0.00747321
0.00726035
0.00780446
0.00704156
0.00759256
0.00709693
0.00748463
0.00725248
0.00723557
0.00710189
0.007508
0.00751266
0.00764997
0.00726934
0.00718012
0.00703329
0.00745793
0.00724417
0.00722324
0.00713465
0.00720008
0.0071719
0.00695768
0.00682855
0.00730234
0.00711217
0.00702717
0.00695245
0.00681254
0.00697973
0.00706759
0.00655219
0.00695095
0.0070024
0.00695554
