1.71998
1.77348
1.79535
1.95736
1.67114
1.6278
1.76209
1.77773
1.80175
1.78582
1.79686
1.97499
1.79092
1.76265
1.7308
1.8083
1.75635
1.76238
1.6865
1.62954
1.81271
1.98048
1.68068
1.641
1.66073
1.77197
1.76959
1.71602
1.45543
1.80075
1.79747
1.77239
1.56073
1.37069
1.70742
1.57397
1.75683
1.77038
1.78799
1.38056
1.40805
1.27196
1.42928
1.77659
1.52962
1.38729
1.41037
1.32152
1.45113
1.47859
1.31003
1.50225
1.38389
1.41819
1.55586
1.18255
1.25857
1.3304
1.27984
1.22504
1.29803
1.24279
1.25963
1.19134
1.27728
1.32617
1.42827
1.33723
1.24847
1.23617
1.24679
1.26401
1.23672
1.17189
1.50072
1.2518
1.23627
1.19315
1.2357
1.15467
1.33483
1.28076
1.2991
1.18284
1.46823
1.39937
1.19151
1.22533
1.25186
1.28347
1.21791
1.2269
1.16317
1.22474
1.12724
1.18356
1.20977
1.39201
1.12352
1.20505
1.15999
1.17495
1.18721
1.143
1.17848
1.3817
1.14661
1.10075
1.18042
1.1585
1.21033
1.2267
1.15608
1.13642
1.14588
1.12014
1.18268
1.16795
1.17064
1.14721
1.1175
1.10971
1.15294
1.15383
1.25912
1.22529
1.29016
1.17791
1.14627
1.23715
1.15219
1.12179
1.15752
1.10651
1.17544
1.10691
1.13
1.18037
1.14903
1.2149
1.17137
1.18942
1.14374
1.22685
1.13403
1.19866
1.33941
1.18269
1.16001
1.16486
1.1714
1.28724
1.15588
1.20735
1.14369
1.19425
1.26519
1.14853
1.14882
1.14377
1.16482
1.1509
1.18462
1.16344
1.19253
1.14688
1.21283
1.20643
1.17882
1.16112
1.16401
1.13603
1.13553
1.17403
1.1425
1.1822
1.16046
1.12917
1.30606
1.16915
1.20628
1.13022
1.17682
1.14802
1.14506
1.1869
1.16129
1.14577
1.20157
1.14871
1.18236
1.1429
1.1504
1.16162
1.16673
1.16631
1.11343
1.12029
1.26109
1.13182
