0.235741
0.325396
0.329574
0.352782
0.355041
0.311795
0.244824
0.168108
0.165075
0.15291
0.150703
0.158214
0.163263
0.175973
0.17828
0.160917
0.167292
0.158273
0.171974
0.186752
0.182269
0.17782
0.163289
0.155413
0.156777
0.132931
0.149807
0.153245
0.157149
0.160665
0.146915
0.158064
0.159892
0.162801
0.14924
0.168012
0.144816
0.153429
0.167707
0.155827
0.150157
0.154647
0.152316
0.154333
0.142664
0.136051
0.141291
0.143054
0.133916
0.141303
0.138152
0.141761
0.139526
0.132209
0.138956
0.129114
0.132561
0.139627
0.134978
0.123621
0.116231
0.11849
0.123474
0.119608
0.115871
0.106718
0.110416
0.103099
0.117711
0.106728
0.109292
0.10692
0.113058
0.109581
0.103789
0.106483
0.11066
0.113673
0.115124
0.114343
0.118605
0.108538
0.114817
0.112924
0.111179
0.109262
0.108704
0.110291
0.115873
0.113968
0.110614
0.113734
0.115101
0.106727
0.11504
0.112899
0.113921
0.11377
0.112759
0.113212
0.113566
0.11235
0.113085
0.106584
0.107285
0.113389
0.114683
0.113531
0.116745
0.10766
0.113702
0.115681
0.115747
0.114353
0.111578
0.117496
0.118544
0.114563
0.121941
0.117156
0.11493
0.117924
0.11484
0.118098
0.111202
0.118316
0.117301
0.116623
0.119436
0.115181
0.110951
0.110291
0.118444
0.114283
0.110937
0.11875
0.110334
0.110994
0.115857
0.113959
0.110026
0.109715
0.109499
0.109976
0.110676
0.109483
0.107719
0.108987
0.107328
0.106036
0.111351
0.10775
0.102267
0.108356
0.108882
0.109925
0.109493
0.11017
0.105766
0.10192
0.107092
0.105749
0.10312
0.111898
0.105781
0.104565
0.104092
0.10493
0.102583
0.103543
0.100719
0.103382
0.0996216
0.100904
0.0993387
0.101725
0.100814
0.101809
0.100005
0.102923
0.101832
0.0965821
0.0993921
0.102658
0.0977837
0.100345
0.0986889
0.0947643
0.0974918
0.0967674
0.0960521
0.0940195
0.0937564
0.0965956
0.0944559
0.0937621
0.0927829
0.0993739
0.0986301
0.094119
