0.0168834
0.0342977
0.0522758
0.0703656
0.0881473
 0.105731
 0.123709
  0.14259
 0.162288
 0.182229
 0.201999
 0.221845
 0.242467
 0.264267
 0.286872
  0.30951
 0.331856
 0.354387
  0.37781
  0.40217
 0.426694
 0.450569
 0.473761
 0.496932
 0.520561
 0.544302
 0.567295
 0.589033
  0.60979
 0.630216
  0.65058
 0.670506
 0.689385
 0.706979
 0.723604
 0.739783
 0.755769
 0.771375
 0.786215
  0.80008
 0.813116
 0.825687
 0.838099
 0.850393
 0.862374
 0.873807
 0.884611
 0.894927
 0.905018
   0.9151
 0.925217
 0.935246
 0.945006
 0.954396
 0.963471
 0.972416
 0.981438
 0.990645
