0.130099
0.0726163
0.0742169
0.0735898
0.0696152
0.0721298
0.0725865
0.0705629
0.0718811
0.0435941
0.0120247
0.0117464
0.0117568
0.0115062
0.0116567
0.0118106
0.0117456
0.0118869
0.0077578
0.00613593
0.00751669
0.00635705
0.00566279
0.00359768
0.00402952
0.00467824
0.00515379
0.00513698
0.00469604
0.00521412
0.00520785
0.00474635
0.00523697
0.00471862
0.00518512
0.00524186
0.00507225
0.00503624
0.00514847
0.00495201
0.00502723
0.0049751
0.00498564
0.00519133
0.00525237
0.00517809
0.00526904
0.00493988
0.00499653
0.00485129
0.00479203
0.00508645
0.00514932
0.00481267
0.00485103
0.00503567
0.00480863
0.00473499
0.00475473
0.00498174
0.00493626
0.00479693
0.00451501
0.0045032
0.00461675
0.00476496
0.00452231
0.00492491
0.00461032
0.0047741
0.00458877
0.00458245
0.00491213
0.00455709
0.00492463
0.004627
0.00459168
0.00446139
0.00480666
0.00457962
0.00459513
0.00465978
0.00460475
0.00454123
0.00467004
0.00446515
0.00469595
0.00463205
0.00470979
0.0046338
0.00463967
0.00460938
0.00441151
0.00447288
0.00457138
0.00462325
0.0046086
0.00456486
0.00460462
0.00428474
0.00457167
0.00444296
0.00462594
0.00440818
0.00440789
0.00459697
0.00454782
0.00459094
0.00448495
0.00463164
0.0044916
0.00456831
0.00449559
0.00442242
0.00459429
0.00456837
0.00456013
0.00451653
0.00434157
0.00445693
0.0044816
0.0045089
0.00436473
0.00425033
0.00451226
0.00438543
0.00437977
0.00453184
0.00445866
0.00454402
0.00437987
0.0044362
0.00424837
0.00430975
0.00416483
0.00454924
0.0043465
0.00424711
0.00445677
0.0044328
0.00449065
0.00435667
0.0045021
0.00419212
0.00440049
0.00420476
0.00421751
0.00430698
0.00437163
0.00432505
0.00420299
0.00413282
0.00445178
0.00427266
0.00422605
0.00413348
0.00403514
0.00432063
0.00424094
0.00417923
0.00436982
0.00432528
0.0041961
0.00423604
0.00404795
0.00415398
0.00409217
0.00425108
0.00415926
0.00426331
0.00413213
0.00415983
0.00405237
0.00401636
0.00417232
0.00392782
0.00406807
0.00393406
0.00405717
0.00391137
0.00408662
0.00410704
0.00402877
0.00404587
0.00414859
0.00391858
0.00388057
0.00391575
0.00396171
0.00396007
0.00387481
0.00379775
0.00403384
0.00400361
0.00372806
0.0037691
0.00379274
0.00388209
0.00369414
0.00376584
