0.827618
0.685005
0.770284
0.811823
0.804096
0.830724
0.830869
0.824666
0.871822
0.882969
0.86337
0.892516
0.906035
0.896951
0.891048
0.893819
0.876673
0.867688
0.892572
0.879941
0.834049
0.869341
0.902482
0.892106
0.852921
0.88471
0.886123
0.867424
0.897539
0.871409
0.901645
0.876736
0.850537
0.874623
0.822093
0.816611
0.806739
0.790562
0.795613
0.740578
0.730639
0.715038
0.775748
0.737761
0.67919
0.620543
0.69787
0.702412
0.615679
0.632308
0.610787
0.625948
0.591458
0.557345
0.584018
0.524469
0.551882
0.553146
0.537386
0.523658
0.539804
0.527128
0.514987
0.507367
0.522555
0.518654
0.474943
0.528439
0.482488
0.454603
0.463642
0.451312
0.448045
0.46051
0.435927
0.428639
0.458197
0.45448
0.425936
0.438022
0.407194
0.42602
0.409328
0.400948
0.425049
0.411421
0.380365
0.402549
0.41965
0.394889
0.41086
0.405299
0.405396
0.398788
0.366066
0.392738
0.389811
0.380513
0.35824
0.363684
0.359192
0.336445
0.344413
0.38344
0.374605
0.347878
0.364116
0.368075
0.374544
0.361412
0.358182
0.35148
0.343126
0.348688
0.353579
0.361586
0.356174
0.341338
0.373172
0.348681
0.341274
0.366531
0.367644
0.34683
0.310565
0.356148
0.313903
0.31478
0.335181
0.341122
0.322132
0.325753
0.341895
0.316351
0.327265
0.344273
0.3221
0.329566
0.329829
0.332645
0.336732
0.337392
0.330455
0.337409
0.318068
0.352092
0.327438
0.322107
0.316934
0.307826
0.321856
0.321846
0.301585
0.301095
0.297688
0.321191
0.294595
0.317839
0.303429
0.30693
0.289201
0.290652
0.304429
0.302364
0.305634
0.271836
0.282945
0.281772
0.300802
0.2793
0.2897
0.288272
0.284617
0.295868
0.264565
0.267365
0.270858
0.274717
0.282675
0.25926
0.277803
0.262289
0.268307
0.263719
0.256518
0.283451
0.25912
0.280539
0.249395
0.24236
0.230198
0.257889
0.256217
0.254149
0.258948
0.243802
0.226642
0.239217
0.243739
0.224718
