3.28994
5.4697
6.13253
5.72581
16.3665
19.3387
8.3406
7.87301
9.82017
15.5899
28.0371
7.09913
10.1111
8.57953
25.1608
22.464
24.611
22.7446
33.2119
28.4167
27.969
32.4439
37.9671
34.7372
36.0208
34.6677
35.346
35.2847
38.2231
35.7145
39.9674
35.8296
38.1676
35.9634
38.5906
37.7111
38.5873
38.733
39.9569
38.733
38.733
36.8838
40.1371
38.733
38.6334
38.5873
38.5873
38.5873
41.3817
38.733
39.6518
38.733
38.733
38.5873
41.4239
38.5873
39.8885
38.5906
38.5873
38.5873
41.4239
38.6459
38.5873
39.5186
41.3817
38.5873
38.5873
41.4239
39.8885
41.3817
41.3817
39.9674
38.733
39.1974
38.5873
41.4239
38.7052
38.733
41.3817
39.9674
39.9674
38.733
41.3817
38.733
38.733
39.6968
38.733
39.5565
41.4239
41.4239
41.3817
41.3817
38.733
39.6968
38.733
41.4239
39.9674
41.4239
41.4239
38.733
