139.182
140.137
140.636
140.677
139.878
139.946
139.961
138.992
139.446
139.43
139.114
139.272
140.004
140.432
139.632
140.326
140.355
139.859
139.537
139.201
140.253
139.643
140.66
140.134
139.585
139.993
140.45
139.988
140.626
139.282
139.935
140.179
139.06
138.992
139.816
140.029
139.228
140.02
138.379
139.8
140.237
139.543
138.548
140.047
140.878
137.426
139.225
139.819
139.131
139.729
139.094
139.248
138.743
138.748
138.408
138.65
137.256
136.794
137.029
137.38
136.678
136.493
136.526
138.832
137.127
138.563
139.046
138.731
136.707
137.817
137.22
136.353
136.622
136.987
137.348
137.037
138.896
139.663
137.708
138.643
137.063
137.953
137.782
139.344
138.313
137.53
137.196
137.374
137.952
136.728
137.337
138.226
137.542
138.447
138.294
136.358
138.701
137.496
135.466
136.699
136.406
138.796
137.212
136.531
137.049
137.482
137.841
137.1
135.396
137.729
136.776
138.021
137.703
138.733
137.058
136.062
138.135
136.164
136.082
135.268
137.149
135.162
135.178
137.192
135.108
135.554
134.755
137.724
139.263
136.716
138.073
136.471
137.752
137.905
134.361
137.089
135.825
135.875
135.542
136.459
137.291
135.583
134.295
134.383
137.137
135.087
135.684
136.374
137.542
135.937
136.326
136.574
136.055
133.991
137.639
134.479
135.899
133.798
134.684
136.133
137.995
137.918
135.615
136.515
135.629
133.715
136.418
136.423
136.222
132.379
136.003
134.914
136.53
136.71
134.701
135.06
135.122
134.211
135.664
134.97
136.465
135.961
135.478
136.768
135.887
135.612
135.168
135.155
134.635
134.609
135.33
136.159
135.065
135.981
135.002
137.078
135.668
134.235
133.607
133.61
