3.33936
3.32369
3.33494
3.40578
3.31212
3.33412
3.32548
3.4499
3.28262
3.34011
3.36614
3.34562
3.41041
3.3405
3.33271
3.32186
3.34815
3.35713
3.34019
3.32476
3.36773
3.50937
3.34165
3.33242
3.32921
3.32811
3.40192
3.33334
3.34662
3.50726
3.39026
3.4382
3.34964
3.341
3.39961
3.33219
3.34315
3.60316
3.39417
3.44244
3.47343
3.38134
3.35393
3.44144
3.37855
3.4108
3.37534
3.53207
3.57107
3.48053
3.42933
3.46429
3.5883
3.45049
3.45017
3.42775
3.9924
3.62501
3.768
3.52325
3.59954
3.66968
3.59947
3.59983
3.61917
3.90174
3.57847
3.70015
3.51732
3.6921
3.53646
3.48479
3.79533
3.69087
3.68876
3.69059
3.98791
3.59828
3.77153
3.70261
3.8151
3.92771
3.79224
3.92817
3.63398
4.12889
3.87145
4.14275
3.90315
3.76832
3.70399
3.84209
3.81803
3.9016
3.78373
3.79461
3.68225
3.80961
3.97596
3.65467
4.01776
3.82922
4.09296
3.88576
3.76979
3.70354
3.92317
3.81291
3.94217
3.90246
3.95065
4.21961
4.02335
4.04256
4.11067
4.19261
3.97232
4.095
4.09456
3.93351
4.15649
4.06957
4.17565
4.19739
4.13991
4.09899
4.13554
4.15099
4.27971
3.97973
4.0751
4.01131
4.29235
4.1906
4.11311
4.26934
4.21895
4.22129
4.03057
4.21239
4.30017
4.27815
4.31614
4.19544
4.20216
4.0434
4.0446
4.07012
4.14573
4.01281
4.21711
4.20633
4.21248
4.05724
4.1769
4.24158
4.17254
4.25228
4.23343
4.22624
4.23672
4.29008
4.21309
4.18005
4.32973
4.16911
4.21114
4.17204
4.27457
4.08067
4.28055
4.25258
4.22126
4.20513
4.19222
4.17704
4.16089
4.10806
4.29684
4.23892
4.32296
4.23048
4.25421
4.16499
4.20665
4.27833
4.31572
4.06675
4.23735
4.3166
4.22931
4.22764
4.2006
4.08942
4.31477
4.22237
4.22972
4.20325
4.20926
4.18569
