0.822822
0.981557
0.836375
0.83416
0.847724
0.831678
0.880297
0.857259
0.859017
0.823803
0.855938
0.847373
0.843904
0.812448
0.798899
0.795092
0.757355
0.7372
0.743823
0.718252
0.718724
0.692204
0.702562
0.716513
0.694719
0.675779
0.676789
0.68191
0.658669
0.65289
0.667305
0.673456
0.6611
0.654586
0.661069
0.671323
0.662237
0.651816
0.645169
0.647817
0.622812
0.640758
0.625446
0.615558
0.613846
0.606931
0.598561
0.604955
0.606834
0.611599
0.609272
0.617819
0.625638
0.607999
0.61181
0.6217
0.628251
0.632735
0.647208
0.646206
0.642056
0.663387
0.661561
0.661205
0.667385
0.673032
0.652211
0.670602
0.686497
0.671397
0.671398
0.696493
0.666469
0.674555
0.693431
0.693547
0.67002
0.670152
0.670504
0.67258
0.657567
0.675572
0.664589
0.650211
0.653221
0.649
0.65659
0.652002
0.66885
0.653886
0.644489
0.663568
0.64878
0.648938
0.666233
0.641145
0.641484
0.650166
0.622054
0.635509
