1.00405
1.00424
1.00424
1.00378
1.00424
1.00427
1.00349
1.00427
1.00408
1.00425
1.00419
1.00384
1.0043
1.00441
1.00437
1.0042
1.00435
1.00436
1.00404
1.0042
1.00442
1.00404
1.00381
1.00378
1.00416
1.00422
1.00479
1.00362
1.00396
1.0057
1.00365
1.00442
1.00498
1.00457
1.00505
1.00435
1.00357
1.00398
1.00324
1.0043
1.00342
1.00518
1.00347
1.00332
1.00385
1.00275
1.00576
1.007
1.00473
1.00402
1.00548
1.00827
1.00409
1.00433
1.00362
1.00524
1.00504
1.00323
1.00428
1.00542
1.00426
1.00903
1.00443
1.00381
1.00455
1.00518
1.00491
1.00295
1.00541
1.00596
1.00959
1.00769
1.00498
1.0059
1.00563
1.00548
1.00598
1.00647
1.00767
1.00481
1.00568
1.0063
1.00986
1.0082
1.0049
1.0081
1.00863
1.0064
1.00552
1.00984
1.00638
1.00789
1.00808
1.00986
1.00586
1.00757
1.00729
1.00824
1.00608
1.00922
1.00811
1.00892
1.00835
1.00866
1.00808
1.00845
1.00935
1.01177
1.00784
1.01852
1.01115
1.01524
1.01067
1.00705
1.00693
1.01217
1.00928
1.01066
1.0104
1.00963
1.00851
1.00964
1.01112
1.01137
1.01004
1.0179
1.01182
1.0127
1.01123
1.01154
1.0092
1.0082
1.01523
1.01181
1.01792
1.01491
1.00715
1.00786
1.00905
1.01461
1.01512
1.01233
1.0089
1.01051
1.01193
1.0105
1.00766
1.01611
1.00884
1.00831
1.00884
1.01344
1.01807
1.01185
1.00799
1.01339
1.01119
1.00829
1.01107
1.01172
1.01357
1.01695
1.00756
1.01568
1.01505
1.00807
1.00962
1.01234
1.00779
1.01421
1.0104
1.01344
1.01665
1.01409
1.00838
1.01195
1.01539
1.01526
1.01568
1.01031
1.01127
1.01423
1.01224
1.01118
1.01443
1.01335
1.01086
1.01576
1.01585
1.01451
1.01641
1.01252
1.0105
1.01025
1.01167
1.01246
1.01443
1.00755
1.01802
1.01278
