434.556
489.186
442.76
429.991
421.109
436.097
440.953
455.045
441.879
434.32
451.2
428.156
431.471
424.521
407.349
394.903
414.052
404.598
407.367
412.216
409.332
409.575
400.128
400.372
394.468
405.539
403.379
405.163
395.302
399.541
392.113
406.441
390.919
397.73
394.411
392.211
395.744
383.314
390.654
405.062
403.276
407.189
405.198
421.87
438.402
436.349
460.4
468.534
468.108
476.575
470.718
464.169
464.141
454.048
456.053
458.595
466.992
452.328
456.162
443.276
430.244
423.4
423.807
424.558
417.452
416.057
412.116
400.576
407.388
402.673
400.782
392.57
389.407
391.623
385.855
393.493
387.489
378.369
376.562
371.911
74.8043
30.0439
29.3971
30.7122
31.4092
32.0675
31.8584
30.9446
30.8527
28.9659
29.1736
30.1032
29.4841
30.2115
30.5151
31.1887
30.8392
30.473
32.2541
29.6888
29.8503
30.2213
30.0626
30.3109
31.1146
30.4309
31.2194
30.0458
29.7416
29.8287
28.5017
29.3858
29.916
28.6916
30.0198
29.5999
28.8355
28.8068
30.3813
29.572
30.6626
29.4465
30.1842
30.5673
28.3002
29.3475
30.5359
30.1022
29.8964
30.6794
31.1145
29.6866
31.3064
28.6056
29.8458
30.2856
30.1436
30.75
31.0853
30.4798
29.3033
30.2268
30.2465
30.7528
29.965
30.6722
30.7976
29.8229
30.2304
28.9723
30.4359
29.1245
28.946
29.4414
30.4107
29.151
29.7076
29.9116
29.0179
29.417
29.8714
29.5648
30.0258
29.5938
29.2638
29.278
29.6725
29.2595
28.7016
30.3576
29.6981
29.7367
30.0958
28.6917
27.4183
28.54
29.0292
28.5396
27.3148
29.4009
28.1729
29.0641
28.9848
29.2573
29.1792
27.5297
28.0168
26.5427
27.1455
27.6975
28.4897
29.055
28.5532
26.8614
26.9848
28.2175
27.9115
28.1518
28.2835
27.9741
