19.0338
17.4711
17.3048
18.4308
18.6437
19.1605
18.4308
18.6788
19.588
18.452
18.3748
18.75
18.5372
18.784
18.5987
19.3849
18.7156
19.5193
17.9804
16.9594
18.8247
18.7275
17.0121
19.038
18.5013
18.645
19.1638
18.6077
18.9367
19.5954
18.1361
19.3946
16.8222
19.2753
18.0015
18.9121
16.5277
16.9777
18.6697
18.7308
19.3297
18.7173
18.2072
16.0331
18.1224
18.5183
18.3764
17.1958
18.1551
18.9447
18.9498
15.8596
18.5628
19.4753
18.8263
17.8793
18.5275
18.501
19.0428
18.9462
18.2347
19.1815
18.0392
19.3108
16.0669
17.1703
18.4837
16.237
14.8334
18.6664
16.4028
17.9614
18.3002
17.8564
18.7798
16.4976
17.6791
18.2054
14.4248
13.0895
16.82
16.1632
15.0133
17.5231
15.9042
13.672
14.9735
15.6815
16.1696
15.2424
19.0006
18.4515
17.4338
12.7906
12.8048
13.9834
17.8799
13.5119
16.3255
16.3373
15.3864
13.7702
14.2592
19.7435
15.8925
13.226
14.1885
16.8195
14.6374
15.5462
13.9923
17.8941
13.195
13.8841
14.7538
13.3597
13.6712
13.1868
13.6372
13.376
14.0665
14.2969
19.2971
13.6885
13.3139
13.6901
13.308
13.6426
15.2069
13.571
13.2232
14.1083
13.0036
15.6581
13.6377
13.7893
13.1872
13.1853
13.6893
13.2799
14.106
14.0643
13.778
13.5281
13.3212
15.923
15.7215
13.8304
13.1149
13.1391
13.6925
12.7693
13.6376
12.6025
13.0477
15.3578
13.747
13.1722
13.5658
13.3874
13.134
13.2044
13.509
13.2128
16.1082
16.716
13.5438
12.8701
13.1119
14.5672
12.8738
17.0106
16.0107
17.0937
18.2838
18.6043
13.7258
18.4997
15.4954
19.0729
18.9775
19.4857
15.2566
18.4354
19.0351
19.0239
19.0022
17.2916
17.1491
16.853
19.0987
19.4175
16.796
19.6665
18.9309
18.5563
18.6191
19.4479
19.6438
19.0218
