308.591
402.797
380.309
383.583
392.858
363.242
365.883
370.604
349.579
349.718
352.66
337.658
341.864
342.979
347.767
351.887
347.481
340.489
339.112
329.303
337.691
329.765
331.115
327.037
327.09
321.79
337.664
327.434
323.403
320.055
325.714
321.33
328.411
317.69
318.913
312.528
307.131
313.327
303.512
309.826
307.303
308.887
297.074
305.176
302.852
300.845
309.805
302.413
291.678
294.679
291.208
302.269
300.88
296.783
303.206
300.699
321.626
320.84
325.924
322.604
341.634
352.869
356.812
366.977
361.56
343.235
342.116
342.682
344.302
338.668
330.286
328.926
328.5
321.786
316.83
312.71
313.679
316.164
314.143
313.171
311.756
308.48
303.798
301.913
297.678
297.379
290.238
291.836
283.076
284.602
282.471
278.472
273.492
274.88
275.912
270.375
273.42
269.908
265.739
268.689
272.637
273.675
278.57
277.113
271.623
265.6
256.988
258.141
255.713
258.322
256.771
245.855
247.188
244.271
244.07
244.756
246.782
248.387
240.577
242.901
246.873
240.677
246.382
235.065
238.149
228.692
237.27
241.12
229.08
233.36
227.647
229.99
224.099
227.15
220.845
220.329
220.806
221.583
215.802
212.842
218.847
212.715
216.629
214.039
213.815
209.756
210.458
209.714
209.791
211.148
205.633
205.154
203.346
203.896
203.099
203.899
198.163
198.547
196.074
200.561
193.921
198.565
192.086
189.314
188.688
193.676
189.048
191.46
192.748
191.82
187.571
185.517
190.311
182.119
182.636
184.377
185.068
182.632
177.183
179.591
179.077
177.867
179.043
175.032
173.22
169.453
173.249
174.41
173.024
169.71
173.813
170.067
171.652
172.48
170.261
166.718
165.932
165.993
173.185
171.429
