174.407
119.179
118.689
114.576
122.373
129.82
139.528
142.004
144.143
144.196
142.888
140.857
138.299
137.015
140.619
141.381
142.72
142.08
141.806
140.858
143.037
138.342
143.307
145.442
141.096
143.883
138.291
132.55
148.225
142.738
135.793
138.627
140.808
137.53
136.256
136.846
136.112
133.988
133.825
134.639
135.363
140.711
123.398
128.634
133.605
129.881
124.782
127.169
128.532
122.818
126.463
123.865
120.44
110.319
109.247
108.496
98.6008
94.9158
95.1163
95.0829
90.1044
90.7903
90.8116
84.8523
89.4875
81.6555
83.3985
78.5395
82.4888
79.9408
82.914
78.2706
78.0124
81.5279
80.3495
80.2465
78.6322
77.2041
78.2089
78.9362
77.4745
79.6095
75.6923
78.2571
79.5469
73.4825
76.0455
77.3711
73.3798
73.2892
67.3795
56.5388
55.384
58.238
57.8103
62.3719
59.7992
61.4187
63.0479
62.3208
65.9756
66.3951
65.2233
66.0415
66.3397
63.4196
66.8026
66.2935
66.338
64.116
65.6377
65.9408
67.4724
67.5596
67.6963
68.1109
69.0132
68.2483
65.8939
65.6159
69.1919
66.2264
68.0108
66.6947
66.4233
68.0734
66.9412
67.1086
64.0575
65.6504
69.414
67.4321
67.3423
66.4204
66.1676
65.0626
66.3595
61.7215
65.5271
65.4072
62.6808
64.5557
67.364
68.5658
63.8676
61.8659
66.9656
66.6337
65.5629
65.0361
64.1517
62.7564
64.5841
65.3929
63.4614
62.047
63.4713
63.221
65.2737
66.2869
65.6594
64.0233
61.7142
62.78
63.2361
62.2834
61.9499
64.647
63.7854
64.2375
63.7741
60.1557
62.8954
63.6133
62.8906
60.8756
60.6102
59.6764
61.5368
61.9006
62.3292
61.0005
61.3076
59.9772
61.7383
61.9107
59.4414
61.4428
60.9856
62.333
61.7455
58.9112
58.3473
60.3094
61.7076
58.8394
62.1869
59.6909
58.0829
58.4938
