125.665
126.12
125.265
125.906
126.099
126.417
125.568
125.655
126.305
125.668
125.527
125.692
125.634
126.314
125.838
125.52
125.439
126.356
125.834
126.126
126.142
126.147
125.651
126.39
126.245
126.059
125.269
125.428
126.06
125.748
125.962
125.859
126.225
125.52
126.412
125.384
125.982
125.435
125.348
124.781
126.018
125.634
124.141
126.001
125.139
125.539
125.691
124.899
126.638
125.372
125.885
124.654
125.827
123.772
123.75
124.589
124.577
125.3
123.633
121.418
123.854
125.337
124.424
124.091
121.489
125.44
124.51
123.314
125.476
122.094
125.115
123.311
121.585
125.052
122.84
121.481
119.679
119.969
121.605
124.988
122.6
122.498
121.665
122.506
125.018
123.437
123.598
120.79
123.101
123.909
123.158
125.231
124.658
124.717
124.438
124.601
123.92
123.23
123.331
122.897
121.421
123.086
123.98
123.354
123.227
123.504
120.716
120.5
121.981
120.676
121.145
121.951
122.105
118.623
121.862
123.116
121.677
123.851
121.649
123.07
121.071
123.267
124.456
122.938
118.763
122.257
121.102
122.001
122.105
120.026
124.151
123.354
121.995
123.361
118.942
119.746
120.469
120.978
121.829
123.22
123.208
121.677
121.851
118.082
120.196
120.355
122.619
122.631
121.365
119.37
121.033
119.824
121.644
124.332
122.084
117.817
119.973
120.999
118.26
119.757
123.472
121.045
121.699
123.946
120.79
121.601
121.137
118.506
121.591
122.425
120.202
117.479
124.368
117.887
122.339
119.774
122.509
123.659
119.87
119.737
121.846
119.677
120.59
121.81
119.219
119.165
122.559
119.064
122.036
119.328
119.954
122.241
118.648
121.423
120.054
121.608
119.721
121.717
119.18
122.33
