0.221784
0.190089
0.187135
0.2124
0.212722
0.215531
0.211311
0.214331
0.207181
0.204415
0.196591
0.19908
0.175824
0.107428
0.0860955
0.0933746
0.0943253
0.0900544
0.0928279
0.105675
0.111058
0.107631
0.105429
0.110426
0.10009
0.104045
0.0945602
0.0922109
0.0883188
0.0794314
0.0745052
0.0721012
0.0693977
0.0732787
0.0660583
0.0667041
0.0656049
0.0708575
0.076435
0.0779427
0.0817627
0.0876366
0.0841376
0.0840307
0.0865904
0.0819938
0.0754483
0.0847506
0.0856852
0.0823307
0.086543
0.0841907
0.0863006
0.0872556
0.0847057
0.0863241
0.0853055
0.089203
0.087938
0.0909338
0.0858917
0.0871143
0.0874399
0.084315
0.0872854
0.0857718
0.0872502
0.0893025
0.0852402
0.0876183
0.0883981
0.0895189
0.0873496
0.0882903
0.0882171
0.0857003
0.0882782
0.0895164
0.0880294
0.0849064
0.0859689
0.0864347
0.0844478
0.0860673
0.0846739
0.084601
0.0903022
0.0839054
0.0864034
0.0853186
0.0828409
0.0865553
0.0871134
0.0833797
0.0873129
0.0821109
0.0843511
0.087236
0.0850213
0.0871736
0.0825179
0.086543
0.0899526
0.0870919
0.0849978
0.0869384
0.0858591
0.0885544
0.0864333
0.0896805
0.0842613
0.0915031
0.0880098
0.0907205
0.0865648
0.0844731
0.085038
0.0893791
0.0883889
0.0850008
0.0875875
0.0869101
0.0931694
0.0874856
0.0833895
0.0851322
0.0897288
0.0883365
0.0864084
0.0869414
0.0861805
0.0870118
0.087096
0.0852844
0.0844421
0.0869295
0.083294
0.0847664
0.0873297
0.089163
0.0919076
0.085882
0.085758
0.0865939
0.0871377
0.0848004
0.0865088
0.0870915
0.0888685
0.0849679
0.0886088
0.0886964
0.0825475
0.0862409
0.08906
0.0868527
0.0878277
0.0880682
0.0873045
0.0864692
0.0876751
0.0882327
0.0885396
0.0873101
0.0839614
0.0889822
0.09234
0.0879333
0.0880056
0.0892322
0.0841991
0.0876359
0.0866334
0.0881517
0.0876649
0.0869213
0.0842761
0.0851806
0.0859633
0.0872085
0.0894373
0.0887355
0.0833202
0.0886439
0.0885776
0.0896041
0.0868906
0.0853127
0.0849053
0.0830319
0.0888802
0.0885055
0.0894855
0.0895243
0.0868535
0.0907424
0.088732
0.0869855
0.0894345
0.0858444
