0.122919
0.0270184
0.0175622
0.0418076
0.0528123
0.0469524
0.0403042
0.0327156
0.0384883
0.0357183
0.0365345
0.0503075
0.0375264
0.0308558
0.048288
0.0363937
0.0279967
0.0259595
0.0361888
0.027984
0.0400758
0.0389417
0.0509759
0.0375434
0.0283373
0.0295402
0.0461754
0.0475222
0.0413008
0.0446667
0.0477556
0.0463678
0.0433722
0.0456145
0.0505471
0.0420798
0.0350109
0.0451695
0.0535346
0.0412095
0.0523503
0.0379677
0.0364657
0.0505306
0.0417316
0.0302128
0.0383861
0.0432122
0.0448001
0.0271949
0.0401699
0.0383808
0.0462808
0.0310618
0.0431967
0.0273923
0.0352219
0.0306013
0.0313419
0.0244933
0.0361708
0.0408456
0.0341563
0.028735
0.0313367
0.026394
0.031889
0.0260312
0.0226737
0.0274563
0.0304587
0.0227225
0.0355591
0.0323965
0.0403527
0.0339019
0.0294942
0.0285295
0.0297755
0.031531
0.0181985
0.0286947
0.0257095
0.0153039
0.0271266
0.0329663
0.0292695
0.0298353
0.0240399
0.0246478
0.0251211
0.0254703
0.0311942
0.0266831
0.0269767
0.0307343
0.0292813
0.031033
0.0262916
0.0319323
