0.0722252
0.00826866
0.00832375
0.00551064
0.00320032
0.00225014
0.00261579
0.00269614
0.00277356
0.0026893
0.00287883
0.0028998
0.00289678
0.00293765
0.00287754
0.00289536
0.00284752
0.00292736
0.00301869
0.00291419
0.00300442
0.00304874
0.00304201
0.00295469
0.00293233
0.00291719
0.00263211
0.00282324
0.00252802
0.00256602
0.00258165
0.00260174
0.00259993
0.00257344
0.00245143
0.00259654
0.00248016
0.00249827
0.00247051
0.00601537
0.00359081
0.00479248
0.00372361
0.00493628
0.00485282
0.00495861
0.010716
0.00265688
0.00822486
0.00508303
0.00618509
0.0095284
0.00586883
0.00946875
0.0117981
0.0106986
0.00801632
0.0139459
0.00706278
0.0116992
0.0072054
0.00928374
0.00921983
0.0143267
0.0131947
0.0118715
0.00693494
0.0195558
0.0165869
0.016809
0.0258955
0.0141826
0.0154004
0.0165294
0.0331827
0.0196005
0.020694
0.018269
0.0207325
0.023485
0.0209713
0.0375197
0.0399462
0.030631
0.030043
0.0271439
0.0441736
0.035726
0.0333833
0.0303915
0.0300462
0.0397056
0.0225851
0.0487367
0.0302716
0.031243
0.0489041
0.0492848
0.0424779
0.0408799
