3.1701
3.51233
3.18557
4.04245
4.94466
5.51484
5.34967
5.50673
4.37263
5.11898
4.52744
6.45848
4.65
4.409
5.09645
5.17465
4.42532
4.63706
3.86701
4.89116
4.70301
5.22714
5.16807
4.16463
5.16855
5.15465
5.16148
5.16154
3.85363
5.16154
5.22254
5.72451
5.15465
5.16807
4.42817
5.02939
6.92954
4.33325
4.73104
3.99176
5.15465
5.16154
4.96484
3.70117
4.77877
6.37265
5.16154
4.32017
5.16154
6.73847
5.17194
5.19463
5.16154
5.16154
4.66874
5.16154
5.41899
5.22177
5.16807
5.22462
5.16807
5.16807
5.16807
5.16807
5.16807
7.21205
5.16807
6.73847
5.19098
5.22843
5.22229
5.19098
5.203
6.78665
6.73847
7.12572
6.75023
6.75023
6.9614
7.55183
9.81369
6.75023
7.04042
9.8183
6.85248
6.75023
9.81369
7.02094
9.81369
9.91064
9.82253
9.91064
10.755
9.91555
9.91555
9.91555
10.6319
9.94065
9.93494
9.92038
