0.0187254
0.0374756
0.0561951
0.0749896
0.0937207
 0.112541
 0.131308
 0.150182
 0.169003
 0.187886
 0.206748
 0.225673
 0.244598
 0.263513
 0.282449
 0.301381
 0.320356
 0.339265
 0.358218
 0.377118
 0.396082
 0.414958
 0.433893
 0.452754
 0.471687
 0.490538
 0.509464
 0.528314
 0.547241
 0.566101
 0.585049
 0.603928
 0.622873
 0.641768
 0.660742
 0.679662
 0.698613
 0.717531
 0.736489
 0.755424
 0.774329
 0.793232
 0.812109
 0.831014
 0.849827
  0.86868
 0.887449
 0.906286
 0.925019
 0.943803
 0.962519
 0.981274
