1.04863
1.01804
1.13571
1.04368
1.02795
1.03858
1.07255
1.05116
1.053
1.03004
1.03782
1.03069
1.01396
1.02953
1.0759
1.07414
1.04358
1.07469
1.07482
1.07058
1.09483
1.0298
1.03752
1.03277
1.1171
1.06632
1.05201
1.03097
1.03322
1.05329
1.07922
1.04994
1.05428
1.05086
1.07101
1.23116
1.21692
1.14202
1.16981
1.06319
1.22275
1.10996
1.10399
1.22297
1.18468
1.21479
1.17791
1.17284
1.23488
1.2386
1.11016
1.17822
1.14567
1.11604
1.25516
1.12423
1.17488
1.23627
1.18109
1.16908
1.1555
1.18458
1.12586
1.15462
1.19685
1.23178
1.16457
1.12939
1.17384
1.19784
1.25539
1.18213
1.19891
1.16828
1.17916
1.22051
1.22803
1.19705
1.18817
1.13917
1.2333
1.1767
1.21608
1.1678
1.23982
1.14986
1.22296
1.17449
1.1874
1.19097
1.17523
1.28
1.21027
1.22803
1.17643
1.2255
1.21133
1.18332
1.28259
1.22309
1.18188
1.18497
1.21121
1.22445
1.21457
1.21244
1.20845
1.20322
1.17447
1.19831
1.19798
1.21269
1.20617
1.20171
1.20022
1.1864
1.17969
1.18786
1.20515
1.19833
1.18232
1.2304
1.18525
1.1714
1.16451
1.19008
1.18198
1.2195
1.19103
1.21006
1.21464
1.17692
1.16221
1.31126
1.25039
1.19326
1.25131
1.1907
1.2415
1.20839
1.19081
1.18346
1.27907
1.23509
1.20386
1.27813
1.24796
1.20186
1.27085
1.1789
1.24291
1.18262
1.25412
1.21435
1.28277
1.26816
1.25699
1.24465
1.21206
1.18093
1.28751
1.27731
1.23661
1.27246
1.19995
1.22391
1.22548
1.20306
1.24351
1.25527
1.20408
1.22581
1.26382
1.25988
1.24157
1.26186
1.24436
1.23278
1.19818
1.21362
1.25056
1.23615
1.26967
1.2793
1.14905
1.2948
1.23078
1.22148
1.18296
1.21414
1.25697
1.17666
1.19961
1.22616
1.21267
1.24235
1.2144
1.20392
1.22406
1.25272
