0.378445
0.0539123
0.0507431
0.0467389
0.0434703
0.0470494
0.0523308
0.0523313
0.0469324
0.0485576
0.0502296
0.0533076
0.0580886
0.0606532
0.0583751
0.0591536
0.0622721
0.0602388
0.0669027
0.0632891
0.0604258
0.0639277
0.0626064
0.0628804
0.0629686
0.0640816
0.0639987
0.0673799
0.0649585
0.067903
0.0679326
0.0655432
0.0694135
0.0701536
0.0684351
0.0682515
0.0692732
0.0662335
0.0696325
0.0750606
0.0722142
0.0723444
0.0765159
0.07481
0.0777434
0.0768488
0.0770333
0.0797626
0.0799157
0.081887
0.0815492
0.0830295
0.0848325
0.0904893
0.0898494
0.0912621
0.0923099
0.0909652
0.0980194
0.0956792
0.0965562
0.100005
0.10099
0.104624
0.104899
0.103585
0.108191
0.106511
0.113191
0.114512
0.108681
0.117203
0.120201
0.121328
0.12231
0.123764
0.126448
0.127584
0.130005
0.129345
0.131058
0.132208
0.133479
0.135797
0.136323
0.136876
0.140062
0.144623
0.144663
0.145927
0.14358
0.148356
0.151754
0.15374
0.155674
0.153473
0.155732
0.168291
0.163766
0.164153
