16.7651
18.6182
15.9931
19.7082
17.5762
16.6946
18.6627
19.684
17.5902
17.2591
16.4102
18.5125
17.5915
16.5755
16.1227
18.2188
17.9876
16.8655
17.7223
16.9373
17.8498
18.5185
18.3195
18.1221
18.3654
18.2404
19.3131
17.3752
18.3369
17.5358
17.9889
18.3636
18.454
18.0263
17.9988
19.4783
17.7599
18.3802
18.0281
19.4038
16.8748
18.1973
17.9501
19.036
19.2839
19.2651
19.0103
19.1078
18.2303
17.9817
18.4169
19.2403
18.57
18.1745
17.7693
18.3993
18.1013
18.7482
18.8533
19.1754
18.3946
18.5804
18.5433
18.8027
18.6968
18.7593
19.1027
18.7389
18.5558
18.3731
18.8851
19.7731
19.4524
18.2118
18.7765
19.0934
18.9283
18.4592
18.8177
18.5521
17.9247
18.6871
18.6231
17.9826
18.5509
18.4507
18.2998
18.5761
19.4842
18.6143
18.4099
19.1078
18.8405
18.5032
18.5156
19.0834
17.9876
18.6576
17.9984
18.9608
