36.6851
36.3477
36.7333
36.5424
36.7609
36.4527
36.797
36.7635
36.6077
36.7837
36.543
36.4874
36.4663
36.4855
36.5738
36.5946
36.6425
36.3298
36.7413
36.6325
36.5931
36.4523
36.5665
36.4126
36.6975
36.5733
36.5663
36.6903
36.6892
36.1898
36.3235
36.4661
36.5483
36.2274
36.388
36.6705
36.6621
36.9548
36.5888
36.196
36.6658
36.373
36.5559
36.673
36.7904
36.8238
36.5487
36.5531
36.4928
36.4804
35.9325
36.2228
36.1427
36.6861
35.8283
35.6717
36.7293
35.9743
36.0541
36.0455
36.1146
35.4644
36.115
36.155
35.7015
36.6293
36.1388
35.694
35.902
36.0275
36.2704
35.6623
36.0205
36.3248
35.8892
36.0886
35.3543
35.349
34.9382
35.7802
35.5094
35.3564
35.4652
34.9692
35.2979
34.7492
35.2784
36.0519
35.3323
35.517
34.839
35.3862
35.1165
34.8635
35.2637
34.1941
35.1246
35.0182
35.396
35.7269
34.7815
34.8149
34.3158
35.8569
35.2313
34.935
35.5791
36.0891
36.1316
35.9728
36.7279
35.1924
36.3359
35.5426
35.2102
34.3159
34.1601
35.8468
35.3093
35.2268
34.5943
34.6408
34.8956
34.9068
34.3014
36.4445
34.7841
35.3469
35.7367
34.3402
34.5882
35.3006
34.5216
33.9243
34.9277
34.2364
34.8427
35.8921
34.1745
33.9263
34.0812
35.2164
34.3932
34.3327
34.5665
34.1546
34.1365
36.0917
35.6634
33.8749
34.7773
35.6462
35.3853
35.4923
35.3411
35.496
36.448
35.0397
34.5338
34.5898
35.4809
34.8281
35.9104
33.3826
33.6823
36.6333
36.1077
34.9076
34.7245
35.482
34.8829
34.3121
34.7303
36.5675
35.5351
33.7551
35.8236
35.706
35.9365
36.6449
35.5605
34.624
36.8099
36.4205
36.2118
35.4979
34.8088
36.1792
35.562
36.4449
36.8836
35.6583
34.3018
34.7677
35.5139
36.8494
35.967
35.3116
36.044
36.0331
