12.273
11.1591
11.7004
11.0086
12.0937
12.2834
11.7357
11.4737
11.0581
11.9017
11.8262
11.199
11.219
11.9689
11.2344
11.8089
11.293
12.2749
12.2005
12.2052
11.9435
12.3684
12.3851
12.4014
12.1915
11.5637
11.7851
11.9526
12.2432
12.0412
12.3172
11.8726
12.2848
12.1907
11.9447
12.4705
11.9801
12.2262
12.2745
12.2844
12.1601
12.3011
12.3669
12.3367
12.3486
12.3414
12.3668
12.2082
12.2517
12.3718
12.382
12.4246
12.443
12.3412
12.1789
12.4376
12.3783
12.3064
12.3405
12.4213
12.1982
12.1664
12.308
12.3754
12.4833
12.4587
12.4604
12.3438
12.3632
12.428
12.3392
12.0893
12.3821
12.3887
12.4217
12.3282
12.3758
12.3797
12.4396
12.2891
12.5027
12.3554
12.3816
12.3745
12.3625
12.33
12.2983
12.3392
12.3126
12.4172
12.3322
12.3999
12.3864
12.3713
12.2594
12.3351
12.4076
12.3832
12.5031
12.3643
12.2865
12.3045
12.2878
12.2465
12.4182
12.0669
12.3697
12.3425
12.4361
12.3465
12.3025
12.4064
12.404
12.3628
12.3622
12.4485
12.4375
12.1291
12.4955
12.3014
12.3277
12.4619
12.3233
12.4806
12.4203
12.3897
12.4322
12.4842
12.3205
12.0929
12.1439
12.1927
12.2702
12.3633
12.3152
12.2654
12.3341
12.4013
12.3618
12.2217
12.3402
12.1802
12.2941
12.3784
12.4112
12.3257
12.1454
12.3194
12.3793
12.3005
12.1219
12.3437
12.3143
12.3956
12.3752
12.3899
12.2037
12.3457
12.3149
12.3204
12.4645
12.3503
12.2925
12.3011
12.4177
12.451
12.2698
12.383
12.4162
12.1662
11.7911
12.3468
12.0933
12.1683
12.3452
12.3477
11.9795
12.4246
12.3133
12.366
12.1321
12.422
12.0762
12.2501
12.329
12.3063
12.4409
12.1816
11.8363
12.4699
12.0296
12.4191
12.1806
12.3134
12.2007
12.3673
11.8987
12.2012
12.3655
11.8396
