0.0152474
0.0324692
0.0499466
0.0655154
0.0807245
0.0978883
 0.115794
 0.131923
 0.147358
 0.164629
 0.183048
 0.199884
 0.215737
   0.2332
 0.252084
 0.269646
 0.286012
 0.303657
 0.322814
 0.340983
 0.357858
   0.3756
 0.394754
 0.413292
  0.43057
   0.4483
 0.467188
 0.485798
 0.503288
 0.520882
 0.539328
 0.557745
 0.575215
 0.592527
  0.61043
 0.628486
  0.64575
 0.662621
 0.679883
 0.697503
 0.714493
  0.73081
 0.747306
 0.764426
 0.781219
    0.797
 0.812626
 0.829116
 0.845854
 0.861335
 0.876115
  0.89182
 0.908517
  0.92412
 0.938344
 0.953218
 0.969691
 0.985737
