10.0474
13.3833
13.4567
12.6325
14.1118
14.7828
12.0852
14.0839
12.4456
12.6191
10.3388
11.4258
14.7271
11.728
11.9435
11.2782
11.0583
11.5565
11.5868
11.6273
13.1281
10.7433
12.3773
13.3915
12.9447
10.6092
11.3252
14.6284
11.8881
12.6404
12.1732
12.7933
13.5944
12.8655
11.3101
11.3491
13.9466
14.5551
11.2946
10.9554
11.4546
13.2471
11.6645
11.248
14.5269
11.5708
11.7427
15.3105
12.6552
11.4935
11.8322
12.2213
15.5885
11.1877
15.555
11.0982
13.2822
12.585
12.2061
13.5562
10.745
12.5521
11.7144
11.3988
12.3216
13.326
11.1389
11.9498
11.1295
11.0699
12.2758
12.395
11.7676
11.1487
11.6488
11.2714
10.969
10.9306
13.2381
10.9958
11.259
12.2129
11.0813
13.5019
11.4929
11.583
12.8697
13.2668
11.6075
13.773
11.213
11.0592
11.2882
11.3678
11.1106
15.4638
10.7522
10.7062
10.7328
11.362
