0.377056
0.441637
0.442419
0.422773
0.371322
0.190316
0.135862
0.12363
0.113069
0.116831
0.117287
0.148274
0.261004
0.122825
0.124145
0.138681
0.183869
0.201552
0.103975
0.127709
0.112952
0.134205
0.127595
0.131404
0.136829
0.141336
0.141929
0.152605
0.141381
0.132286
0.14521
0.199928
0.170923
0.135856
0.131931
0.137467
0.122604
0.133367
0.129664
0.112556
0.119372
0.111685
0.11059
0.114041
0.0996661
0.107026
0.098091
0.106305
0.107805
0.103072
0.11081
0.0991919
0.106386
0.107863
0.104417
0.104754
0.102844
0.10918
0.109892
0.105754
0.106382
0.106283
0.106907
0.113374
0.111928
0.116522
0.114514
0.112377
0.11557
0.120496
0.116246
0.125482
0.120155
0.118203
0.121161
0.12254
0.127162
0.129718
0.135922
0.128996
0.132319
0.135806
0.137074
0.135277
0.13566
0.137212
0.1362
0.13911
0.148487
0.144684
0.148203
0.156783
0.137125
0.138875
0.135912
0.132247
0.141513
0.14693
0.148626
0.146436
0.151035
0.14852
0.157815
0.152563
0.154462
0.154796
0.157599
0.16365
0.1602
0.152087
0.157121
0.16118
0.160562
0.159475
0.159789
0.160666
0.160739
0.160172
0.167211
0.163674
0.163207
0.163227
0.167216
0.158756
0.16285
0.169346
0.164433
0.168883
0.16626
0.163444
0.168548
0.169644
0.161916
0.166944
0.164237
0.169758
0.161857
0.169674
0.169907
0.170827
0.159807
0.160154
0.164864
0.161859
0.156062
0.159334
0.166619
0.164027
0.164258
0.156138
0.155842
0.161422
0.163885
0.159546
0.165147
0.165737
0.165926
0.16227
0.165299
0.154943
0.164144
0.171115
0.160006
0.155397
0.165125
0.156831
0.162181
0.159894
0.165343
0.165011
0.17005
0.152601
0.162108
0.156562
0.157999
0.16705
0.165059
0.154956
0.16312
0.163207
0.165841
0.159556
0.162962
0.164655
0.171925
0.156506
0.158228
0.163542
0.157848
0.165271
0.155556
0.163396
0.166665
0.163116
0.157082
0.166654
0.160219
0.159916
0.170958
0.160005
