12.7026
9.31942
7.08216
8.04268
9.19262
11.401
12.5965
8.27652
6.17302
6.31393
6.16101
6.10527
6.59699
6.52844
6.43763
6.61278
6.32684
6.33699
6.11952
6.38971
6.27379
6.2383
5.96319
6.04765
5.95763
6.00635
5.8639
6.14673
5.96549
6.02702
6.01596
5.99198
5.9716
5.76791
5.91027
5.74925
5.93622
5.9135
5.8523
5.56325
5.54652
5.44711
5.52193
5.68557
5.63848
5.76942
5.41359
5.31487
5.44243
5.45843
5.29907
5.35583
5.17902
5.17548
5.1705
5.36649
5.25857
5.10746
5.19341
4.96742
5.0814
4.97467
5.20201
5.08427
5.05811
5.02385
4.77266
4.90279
4.83962
4.71914
4.87318
4.80777
4.67936
4.65746
4.7002
4.5662
4.64489
4.63902
4.65508
4.56572
4.48774
4.62617
4.48298
4.53914
4.4937
4.33875
4.38934
4.38075
4.25606
4.10101
4.26602
4.28069
4.15503
4.22829
4.11779
4.05244
4.15389
4.32538
4.04614
4.04059
3.96048
3.97503
3.964
3.92065
3.97761
3.82254
3.72462
3.78252
3.79871
3.80114
3.89502
3.73116
3.77275
3.68613
3.70659
3.63996
3.65555
3.60147
3.47113
3.55745
3.45387
3.52732
3.46795
3.47842
3.53632
3.36934
3.35495
3.49256
3.36493
3.40369
3.35712
3.37545
3.25255
3.2409
3.19828
3.21027
3.25596
3.2371
3.22257
3.09194
3.07116
3.12657
3.12533
3.17799
3.3145
3.54209
3.37799
3.26601
3.26904
3.20414
3.10784
3.17769
3.1955
3.1506
3.14113
3.27871
3.25079
3.03656
3.08475
3.06845
3.01143
3.03651
3.08645
3.06692
3.05522
3.09618
3.01906
3.02385
3.04586
2.94721
2.9604
2.97642
2.99467
2.98613
3.0464
3.0037
2.97688
2.90674
2.89714
2.87875
2.92834
2.87344
2.92767
3.03196
2.85693
2.90739
2.89825
2.93922
2.84637
2.86291
2.85089
2.80016
2.90721
2.84174
2.93155
2.84852
2.77711
2.82596
2.83683
2.80153
