0.531614
0.76616
1.13046
0.55115
0.898062
0.591122
0.529649
0.5196
0.939866
0.585236
1.03116
0.479092
0.656783
0.512912
0.46271
0.437606
0.362195
0.826984
0.586013
0.415921
0.700268
1.58487
0.410981
0.445038
0.466834
1.19715
0.965163
0.718712
0.432554
0.840617
0.635249
1.58639
0.729009
1.63339
1.49748
1.0663
2.7334
0.645122
1.15732
1.12252
2.17133
1.52393
1.84969
1.37296
1.23646
1.10255
1.67988
3.36082
1.13126
2.4988
0.917889
1.8535
0.963124
2.59372
2.47786
2.7146
2.78526
3.50365
3.61213
2.43
2.22057
2.12442
4.33348
2.67978
2.21778
3.54999
3.54359
3.12442
2.32533
1.63778
4.26316
2.03219
3.3491
2.46279
2.96576
3.90724
2.90757
2.98771
2.55842
3.37256
3.97373
2.58437
3.32404
4.24335
2.51155
2.8051
3.6116
2.53156
3.1364
2.47893
2.97952
2.82858
4.01448
3.20375
2.74189
3.6789
3.10667
3.66323
3.62468
3.69903
4.23442
4.17936
3.4442
3.98007
3.34954
2.98189
3.48369
4.26472
3.03473
4.16348
4.26472
3.6116
2.96865
3.35962
2.90762
3.26716
4.02644
3.27435
3.96114
3.29316
3.5143
3.56888
3.71604
2.90762
4.26472
4.26472
3.6987
3.26438
3.68838
2.90762
4.26472
2.90762
3.48958
4.1688
2.47893
3.57958
2.91956
4.01448
3.38641
3.14271
3.78137
4.05572
4.01448
3.81241
4.15043
3.32663
4.01448
4.01448
3.62146
3.70004
4.33019
4.01448
3.5644
4.22741
4.26472
4.33019
4.26472
4.26472
4.26472
4.26472
3.58722
4.26472
4.26472
4.26472
4.33019
4.33019
4.26472
4.28382
4.34843
4.33019
4.26472
4.26472
4.26472
4.26472
0.118872
0.118289
3.0869
4.10137
3.65696
4.26472
3.62087
3.56606
4.26472
4.26472
4.33019
4.26472
4.26472
4.26472
4.26472
4.26472
4.26472
4.26472
4.26472
4.26472
4.26472
4.26472
4.26472
4.26472
4.26472
4.26472
