113.667
146.034
156.99
150.895
158.851
153.483
152.436
151.229
154.435
150.716
145.31
146.374
146.402
148.331
149.624
145.7
142.408
147.275
144.848
144.025
138.165
143.42
142.066
140.878
141.979
146.769
146.868
148.254
149.425
152.524
158.733
167.355
173.767
180.482
177.128
179.337
175.348
171.865
173.002
177.445
179.026
170.259
173.373
170.027
165.424
165.792
164.176
160.81
163.153
162.056
157.691
155.191
150.677
150.392
152.982
152.779
147.571
148.247
147.345
142.004
144.534
142.85
140.137
138.347
140.497
139.02
135.792
131.694
135.55
133.292
131.802
134.542
129.531
128.921
126.94
127.549
126.343
123.815
120.533
124.963
123.217
121.699
120.648
116.835
120.193
120.625
117.402
119.853
118.594
116.846
113.49
115.451
114.021
112.838
114.58
111.62
113.632
113.789
111.575
107.789
112.205
107.552
111.799
109.421
106.715
107.073
106.498
109.855
105.281
101.461
103.206
102.713
100.88
99.874
102.035
97.8133
100.725
100.519
97.9671
97.0744
97.4653
98.0841
96.0057
94.5461
95.864
92.7681
95.3326
93.0457
93.584
91.3754
91.6269
91.77
90.9524
90.5307
88.6196
90.3099
89.5631
89.4755
90.6378
88.186
87.9184
86.646
87.0503
88.5488
86.1151
88.7709
87.3593
86.5719
88.5898
85.9091
83.7669
88.0083
85.6029
84.0839
86.1232
85.8523
85.5047
83.4007
80.3368
81.605
82.4288
82.9989
80.582
80.2355
80.7838
80.7991
80.8254
79.6444
79.3165
79.3623
78.4823
77.138
76.0271
78.3446
76.3118
77.9325
77.3957
77.7863
76.3865
61.1236
9.55642
9.01821
7.94805
9.35405
9.34586
8.83387
8.91379
9.43649
9.47432
9.00909
9.49975
9.3136
9.61012
9.34533
9.31646
9.60848
9.64801
9.24031
8.92584
9.08114
