0.00804802
0.0104869
0.0115441
0.0119495
0.0112925
0.0112559
0.0112979
0.0112036
0.011772
0.0113518
0.0101221
0.00611616
0.00438343
0.00283871
0.00438207
0.00503574
0.0049843
0.00478538
0.00509286
0.00476156
0.00454266
0.00449057
0.00427704
0.00436931
0.00442108
0.00407777
0.00435298
0.00452342
0.00471888
0.00454763
0.00438526
0.00417888
0.00472491
0.00433001
0.00428498
0.00415184
0.00448715
0.00407013
0.00409421
0.00428079
0.00428531
0.0042968
0.00470703
0.00438826
0.00432142
0.00406338
0.0042173
0.00384863
0.00431573
0.00405023
0.00416205
0.0043078
0.00426754
0.00434784
0.00413341
0.00412369
0.00392906
0.00449248
0.00428135
0.00408199
0.00435644
0.00420107
0.00421406
0.00438584
0.00410931
0.00431293
0.00426183
0.00420049
0.0043948
0.00411123
0.00426277
0.0042367
0.00425632
0.00434509
0.00444289
0.00448516
0.00431594
0.00432847
0.00397268
0.0043106
0.00448259
0.00435372
0.00438888
0.00427649
0.00428102
0.00422506
0.0043624
0.00402208
0.00426845
0.00433012
0.00421537
0.00395878
0.00412004
0.00399673
0.0041543
0.00426769
0.00402185
0.00412631
0.00409896
0.00421468
0.00413049
0.0041562
0.00406394
0.00429134
0.00404418
0.00419623
0.00398683
0.00411564
0.00380552
0.00420039
0.00412037
0.00391109
0.00410296
0.00407392
0.00408219
0.00404208
0.0041004
0.00410356
0.00409499
0.00408599
0.0041367
0.00395212
0.00384522
0.00407687
0.00400112
0.0039084
0.00393128
0.00389677
0.0038493
0.00419352
0.00383721
0.00392517
0.00383711
0.00395372
0.00385986
0.00401597
0.00396178
0.00378466
0.00393437
0.00377929
0.00390843
0.0039528
0.00386243
0.00383483
0.00374929
0.00367501
0.00375614
0.00370781
0.00390169
0.00385771
0.00369813
0.0038758
0.00395626
0.00374714
0.00379138
0.00359133
0.00385827
0.00369314
0.00377214
0.0037901
0.00355979
0.00374814
0.00378385
0.00371801
0.00340491
0.00355914
0.00375249
0.00350097
0.0033786
0.00369874
0.00358641
0.00357083
0.00357636
0.00359765
0.00346049
0.00352895
0.00376318
0.00351064
0.00359318
0.00336327
0.00362596
0.00327847
0.00338711
0.00356128
0.00344787
0.00338843
0.00344778
0.00341428
0.00337405
0.0033077
0.00334126
0.00340452
0.00334062
0.00339677
0.00322495
0.00343684
0.00338442
0.00338513
0.0034243
0.00343625
