17.1342
17.3493
17.6975
18.4469
16.5403
16.5021
17.612
17.8997
19.4881
16.6852
16.2982
18.479
18.8791
18.9655
18.551
16.7392
17.5394
18.5854
19.0142
19.8788
18.6495
20.0041
18.544
19.7531
19.1271
17.9884
18.8335
17.3164
19.2733
18.4244
18.4927
18.3118
18.4353
18.8695
19.1919
19.2603
19.5822
18.6551
17.9679
18.5929
18.4791
19.2731
18.8122
18.9365
19.438
18.7367
19.0827
19.1129
17.9284
19.6935
18.9541
18.6805
18.8742
17.9785
18.6436
19.0253
18.8762
18.8835
19.1811
19.0859
18.7218
18.9084
18.8896
19.2906
19.1393
19.04
19.3902
19.4712
18.7081
18.944
19.4986
18.9371
18.9157
19.0634
18.9528
19.2461
19.0878
18.6221
19.2455
18.8462
19.0315
19.1727
18.2814
18.7413
18.9548
18.3317
18.8486
18.6853
18.8213
19.1128
19.114
19.0972
18.9193
18.9876
19.16
18.6948
18.988
19.2379
18.7088
18.7535
