0.902987
1.29534
1.56681
1.44492
1.89172
2.91709
2.58021
2.69059
2.30386
2.34321
2.38115
2.38391
2.31681
2.28845
2.33704
2.36676
2.31636
2.40977
2.3846
2.32691
2.37654
2.38889
2.36691
2.41061
2.37126
2.40902
2.50509
2.48222
2.4803
2.445
2.41554
2.47623
2.48913
2.42745
2.47213
2.48968
2.3759
2.41237
2.40694
2.38631
2.33647
2.38077
2.35075
2.32837
1.39857
0.281208
0.268362
0.257421
0.200974
0.107978
0.0408504
0.03291
0.0355706
0.0313467
0.0285719
0.0257946
0.0257492
0.0257812
0.0251944
0.0248109
0.0246055
0.0238651
0.0242473
0.0235968
0.0247939
0.0243564
0.0240579
0.0248452
0.0594396
0.0321521
0.0240755
0.023488
0.023809
0.0235163
0.0232282
0.0252929
0.0244733
0.0235696
0.0253712
0.025484
0.028397
0.0285352
0.0286218
0.0285596
0.0297989
0.0290328
0.0304922
0.0328701
0.0325734
0.0343955
0.0351228
0.0337377
0.0362339
0.0342212
0.0340095
0.0359912
0.0362024
0.037117
0.0394883
0.0394611
0.0391947
0.0378791
0.0376422
0.0373096
0.0409701
0.0390371
0.0381209
0.0415203
0.0386342
0.0400767
0.0388254
0.037606
0.0377534
0.039477
0.0404794
0.038861
0.0386379
0.041119
0.0413905
0.04399
0.0407691
0.0407512
0.0412329
0.0436816
0.0432324
0.0435541
0.0420166
0.0410013
0.0450694
0.0425025
0.0455053
0.0456093
0.0477383
0.0475451
0.0455315
0.048019
0.0477728
0.0498249
0.048954
0.0505751
0.049142
0.0508913
0.0503004
0.049598
0.0511239
0.0527199
0.0520419
0.0513542
0.0505289
0.0515942
0.0529373
0.0513963
0.0565718
0.0548722
0.0540686
0.0521739
0.0567225
0.0541429
0.0551512
0.0573573
0.0566031
0.0544383
0.0548787
0.0561293
0.0553249
0.0586529
0.0566126
0.0563802
0.0581633
0.0577114
0.0620458
0.0570186
0.0609745
0.0584458
0.0570718
0.0621109
0.0602761
0.0611922
0.0623483
0.06289
0.0593178
0.0600289
0.063104
0.0583698
0.0639818
0.0680567
0.0644893
0.0644867
0.0638821
0.067512
0.0683279
0.0658892
0.0636459
0.0627454
0.0614071
0.0663486
0.0661867
0.063645
0.0671139
0.0644813
