16.885
16.4458
17.2132
16.3354
17.2028
16.1007
16.9601
14.0765
18.1163
16.5356
16.6604
15.7523
16.1522
15.0374
16.102
18.3216
16.761
15.683
17.9275
19.0816
18.0144
17.5663
17.9363
17.598
16.4309
17.6102
17.2224
18.0352
16.776
17.0443
17.0062
18.2021
18.7421
16.838
17.2481
18.767
17.731
17.9916
17.9445
17.7756
18.3012
17.68
17.4375
17.3487
17.649
17.9425
18.1274
16.967
17.212
17.196
17.8415
16.7112
17.6663
17.5086
17.682
16.9181
16.6535
16.9408
17.845
16.8752
18.8154
17.1271
17.2131
16.4934
17.5299
16.6031
17.4057
16.9842
17.5219
16.4469
16.3053
16.97
16.6208
16.9672
16.8109
17.2396
17.513
17.2441
17.9322
17.0422
16.2446
16.5543
17.1662
16.4406
17.054
16.4181
16.3405
16.2843
15.5248
15.8967
16.4475
16.4441
16.058
16.8046
17.4267
16.9908
17.7657
17.4766
17.1235
16.2967
