16.8251
17.4921
18.3474
17.7129
16.7406
18.07
19.0369
16.784
18.5435
17.0761
18.3519
15.6616
18.3459
18.055
15.8633
18.2402
18.7644
16.5389
17.5164
17.7108
18.2843
17.5617
17.7432
17.9513
18.2613
18.5967
18.6495
18.2602
18.9964
18.1807
18.6912
18.134
17.6708
18.489
17.9704
18.4236
18.9043
18.5216
19.0244
18.1834
17.942
18.0045
18.1928
18.393
18.2284
18.5676
18.1966
18.0218
18.5768
17.8267
18.0938
18.0553
18.4632
17.7721
18.0417
18.1453
18.4362
17.8156
17.9845
18.0812
17.8164
17.7534
17.4509
17.8671
18.0829
17.8814
18.3186
17.7609
17.5416
17.6602
16.9841
18.2904
17.3793
17.7331
18.4501
18.0094
18.0423
17.7905
18.1683
17.6226
17.9974
17.744
18.1583
17.9116
17.8176
17.8498
17.9472
17.6025
17.7322
17.9631
17.9036
18.2818
18.3219
17.9005
17.7819
17.6592
17.842
17.8374
17.5002
17.5446
