15.4993
13.6646
13.8848
15.3872
15.4177
13.8346
15.4608
13.8962
14.3388
14.175
15.4718
15.5471
13.7966
12.7782
13.5989
14.5862
14.1318
12.9629
15.431
14.0911
13.2678
13.8556
14.6412
15.5701
13.3939
14.119
13.9883
13.8861
14.2292
15.3395
15.041
15.5198
15.4614
14.002
14.5108
15.3944
12.9739
13.1949
13.8106
13.4325
13.0668
14.9484
13.3834
10.9072
12.9315
14.0139
13.9588
15.2824
13.9586
14.3975
13.4236
13.7432
12.717
12.9819
12.9408
11.5512
13.0073
13.8426
14.8198
15.4227
13.986
11.8632
9.59875
13.2079
10.6542
13.7118
15.0902
12.1532
10.9868
12.2027
11.1647
10.3505
10.7502
12.1459
10.7043
9.54821
11.0168
10.0697
13.7568
12.5626
14.0919
11.4973
11.0078
13.1617
14.1837
13.213
10.0085
12.0064
9.54507
11.4704
12.275
11.5376
10.8033
9.08451
9.14764
12.6935
14.1487
13.0408
11.2106
11.0829
11.369
13.6059
13.1893
11.6092
10.3098
10.956
13.1048
10.2557
9.13173
14.2966
11.0755
14.1684
13.1008
12.7707
10.4853
13.5036
10.8381
12.2369
13.6424
10.7183
11.3155
10.57
12.705
13.2967
9.19207
11.0918
10.1896
12.7996
8.85306
12.9168
11.8144
11.289
11.0341
12.872
11.5809
12.9035
9.26263
10.5284
12.0742
10.8337
12.8307
10.7859
12.8329
9.74953
11.4336
12.508
12.2568
10.9907
9.66685
9.59727
14.1049
13.4611
12.0968
13.1254
11.2679
9.45314
10.7231
9.55508
11.3903
11.4427
10.4302
13.6647
12.7949
10.7266
11.0076
10.7915
10.9425
11.096
10.1918
9.29014
9.83018
13.2244
10.7586
10.9047
10.2349
11.0217
10.9274
10.9504
9.19537
9.236
10.5938
10.0314
9.66621
10.2998
9.31216
10.9797
12.564
9.44403
10.6474
9.30433
9.37044
10.7896
10.8991
10.229
9.22968
9.49163
13.0064
9.73908
9.18218
9.2935
