0.993711
1.11829
1.19183
1.20127
1.21938
1.19574
1.18102
1.13351
1.10612
1.13382
1.09644
1.11979
1.09755
1.02747
0.965058
0.843441
0.489508
0.332237
0.39712
0.413726
0.411541
0.471966
0.484498
0.496211
0.547251
0.524314
0.592038
0.62194
0.597216
0.615454
0.596944
0.592949
0.617065
0.639266
0.607852
0.555929
0.609646
0.620178
0.63205
0.670018
0.638589
0.6783
0.704557
0.67399
0.661166
0.674267
0.661926
0.688951
0.687356
0.666746
0.670079
0.683024
0.699786
0.663113
0.66826
0.666501
0.671725
0.651901
0.702638
0.679302
0.646237
0.655666
0.690627
0.688077
0.668091
0.690059
0.677521
0.696328
0.653938
0.636344
0.663702
0.670788
0.652156
0.623301
0.637246
0.63868
0.624884
0.622858
0.611191
0.607734
0.636537
0.577609
0.569767
0.59211
0.573236
0.565975
0.570324
0.541204
0.554362
0.575321
0.565654
0.570903
0.554033
0.57529
0.566238
0.54362
0.559265
0.566278
0.550015
0.565272
0.567074
0.566247
0.573114
0.568869
0.540835
0.560329
0.556788
0.564432
0.565275
0.593056
0.567492
0.560881
0.577953
0.56953
0.559376
0.548742
0.544574
0.540959
0.563489
0.556283
0.533889
0.57079
0.556987
0.54815
0.573163
0.575559
0.55618
0.543068
0.576846
0.585795
0.579607
0.572165
0.55849
0.591327
0.584998
0.578922
0.564586
0.565587
0.553613
0.580547
0.570935
0.568001
0.578404
0.562705
0.580436
0.582489
0.579537
0.580003
0.571621
0.557388
0.588493
0.570011
0.573988
0.567356
0.553504
0.573703
0.578683
0.549326
0.564906
0.569497
0.570871
0.593378
0.571036
0.549896
0.572112
0.573808
0.593583
0.594494
0.595644
0.566703
0.581456
0.593862
0.567359
0.591889
0.576282
0.560146
0.564134
0.564028
0.577796
0.549976
0.584873
0.574553
0.570753
0.553052
0.576285
0.587625
0.545152
0.581482
0.562302
0.579083
0.580654
0.57392
0.590191
0.577466
0.582866
0.562272
0.593482
0.57222
0.590795
0.576808
