12.5167
12.2749
12.2541
12.2529
12.6207
12.5795
12.2721
12.6529
12.2516
12.4589
12.6057
12.1752
12.4062
12.5389
12.1532
12.2871
12.3675
12.5512
12.4516
12.2608
12.6721
12.707
12.2292
12.667
12.5511
12.2635
12.6141
12.2882
12.2428
12.2871
12.3961
12.6769
12.2618
12.0327
12.2115
12.6209
12.1852
12.1966
12.3136
11.9855
12.1165
12.5984
12.5931
12.3498
11.9714
11.9881
12.052
12.3269
12.4173
12.0642
11.9875
11.9349
12.0658
11.7804
12.3071
12.209
11.9348
12.1836
11.6155
12.237
12.0121
12.1508
12.1387
11.9441
11.9548
12.2235
12.1829
11.8736
11.8533
12.0522
11.7219
12.134
12.2279
12.3048
11.9182
12.0698
11.7321
12.1475
11.9691
11.9785
12.0972
12.0204
12.2348
11.9335
11.9902
12.1834
11.7134
12.069
12.1415
11.8732
11.795
12.2287
12.0002
12.0059
11.7378
11.8225
11.9294
11.975
12.2937
11.7295
11.6248
12.0631
11.8182
12.0729
11.7925
11.6701
11.5105
11.3237
11.8099
12.0256
12.0773
11.6095
11.8414
11.6615
11.5799
11.8835
11.8088
12.0873
11.9846
11.9856
11.9927
11.7471
11.2553
11.9275
11.6253
11.6516
11.7205
11.1865
10.922
11.4075
11.5745
11.1337
11.8171
12.0453
12.3254
11.681
11.6302
11.9222
11.5992
10.9943
11.4996
11.8331
11.7088
11.1572
11.5493
11.3427
11.4663
11.4076
11.8102
11.7454
12.0062
11.1198
11.9954
11.1801
11.9294
11.7426
11.7511
11.4288
11.6402
11.7758
11.7147
12.1447
12.0975
11.9947
11.8268
11.2041
11.4103
11.1341
11.4176
11.8526
11.1874
11.0096
11.8762
11.6175
10.9448
10.9973
11.8799
11.6141
11.5334
11.1067
11.8144
11.9156
11.4245
11.0806
11.3406
11.8668
11.8681
11.4203
12.2521
11.8557
12.0975
10.9675
12.0639
11.3721
11.1746
11.8842
10.9512
11.3482
11.4513
11.9535
