2.01497
2.01739
2.01396
2.0268
2.0282
2.02129
2.00591
1.97898
2.02914
1.99625
2.00479
2.02717
1.96666
1.99538
1.92606
2.02159
1.99093
1.9934
1.96806
1.94734
1.9877
2.03118
2.02036
1.97317
1.98402
1.97268
1.99628
1.94736
2.00827
2.00006
1.974
1.95393
1.91276
1.94503
1.97879
1.94612
1.94557
1.91179
1.92926
1.93872
1.98581
1.883
1.82115
1.93827
1.99824
1.99202
1.80921
1.91328
1.95072
1.90197
1.83159
1.80987
1.873
1.94297
2.03455
1.9424
1.97789
1.90002
1.95771
1.80855
1.78628
2.0105
1.78478
1.76535
1.77658
1.82449
1.88609
1.77613
1.81719
1.85234
1.79176
1.89269
1.77547
1.88085
1.94946
1.764
1.78306
1.79064
1.80074
1.74584
1.74719
1.79803
1.79229
1.76723
1.76359
1.73587
1.77939
1.81992
1.77012
1.79543
1.79131
1.7802
1.86416
1.82064
1.8256
1.80017
1.81286
1.80582
1.70694
1.77949
1.78334
1.75681
1.81867
1.79395
1.77294
1.73879
1.76384
1.79482
1.78047
1.81717
1.78232
1.81885
1.77008
1.76728
1.82213
1.7955
1.77704
1.76784
1.8173
1.78811
1.81842
1.78222
1.79612
1.73683
1.73586
1.67943
1.79963
1.72345
1.79491
1.79532
1.79559
1.73548
1.8145
1.82384
1.72233
1.80906
1.74227
1.80599
1.77951
1.77994
1.73696
1.75752
1.80841
1.80468
1.7965
1.77358
1.81659
1.78502
1.77862
1.78161
1.79009
1.77954
1.79935
1.77188
1.79961
1.7908
1.74918
1.78406
1.79862
1.77471
1.76804
1.72951
1.82225
1.78518
1.81358
1.81737
1.78383
1.76482
1.72958
1.75108
1.80828
1.78415
1.80561
1.72175
1.68993
1.7782
1.81772
1.64996
1.77644
1.74923
1.73575
1.79644
1.77667
1.79029
1.7544
1.81625
1.77629
1.76057
1.75493
1.76337
1.79725
1.75433
1.7869
1.79661
1.75358
1.80589
1.78868
1.75437
1.81078
1.7121
