111.77
89.1562
89.0697
84.3155
90.3185
78.7034
87.5089
87.6011
86.7165
85.6029
85.0366
83.6394
85.6529
87.1942
86.4208
89.7737
90.5181
89.8548
88.2938
89.8934
90.6078
87.3876
89.8901
85.0087
86.8719
88.7749
89.0504
85.6759
89.1731
87.678
84.1329
87.2952
87.157
85.7831
82.6908
82.8949
82.4637
84.5697
85.1002
85.329
85.2777
83.008
81.0272
82.9196
78.8255
79.3611
78.5605
78.8821
79.8316
73.8322
72.8391
72.6142
68.1713
63.3469
63.5317
60.7008
62.251
57.2452
56.6384
57.4856
57.4104
55.5031
54.2877
54.3933
52.9784
52.9602
54.1628
52.7118
52.4734
52.2276
50.6173
50.362
52.1583
50.7639
48.2346
50.9716
48.6687
51.3091
48.2937
47.5398
49.4259
49.5833
47.5767
49.8289
50.4793
47.865
50.3602
51.2946
52.3302
52.1078
48.4681
52.2662
49.9454
50.0662
49.6728
49.8692
51.7271
50.4945
49.9222
48.9685
49.1027
49.8858
50.1501
48.1105
49.5989
47.8295
49.9152
48.6805
48.8576
47.8428
48.2407
45.5734
46.3849
41.7034
39.9887
41.2762
43.7175
45.6575
44.6928
44.8686
44.5667
44.8218
45.8555
44.3813
43.1705
43.8683
43.269
41.438
41.8115
44.0395
44.0655
43.9256
42.8402
44.2443
43.2778
42.363
42.855
42.7734
43.2909
41.7529
40.2884
43.0766
41.7327
44.2488
44.5629
43.1871
41.7685
42.9362
43.4871
42.3385
42.6321
41.3765
40.9007
44.3955
43.5966
42.0763
42.0547
42.9528
42.5198
42.0718
41.4048
42.339
42.0172
41.5091
40.0085
41.7471
43.7257
41.789
41.1379
40.1324
40.2075
40.7258
41.7832
41.1002
40.5118
39.7418
39.1532
40.5027
41.5463
39.7371
40.2045
41.0548
39.5444
40.4072
39.0555
39.8691
40.0335
39.5414
38.546
40.7982
39.817
39.7001
40.103
39.9391
39.8965
40.4837
38.5726
37.5702
38.6777
39.2256
