2.37638
2.31909
2.37731
2.47956
2.42201
2.33381
2.39539
2.22887
2.32473
2.43114
2.35613
2.59414
2.33657
2.41169
2.62595
2.40984
2.4219
2.4302
2.43658
2.45132
2.43415
2.432
2.21415
2.44013
2.31681
2.40228
2.43122
2.27967
2.27557
2.44304
2.31904
2.27143
2.38244
2.34912
2.47
2.1698
2.25375
2.33589
2.24534
2.34383
2.43115
2.43143
2.27795
2.21018
2.18175
2.35922
2.12827
2.20507
2.03066
2.19452
2.15119
2.02551
2.10496
2.12423
2.28546
2.35
2.21867
2.09392
2.36697
2.18576
2.38659
2.32241
2.155
2.35963
2.25391
2.4351
2.25848
2.26422
2.0816
2.22905
2.31366
2.29203
2.21125
2.13398
2.16816
2.1349
2.39645
2.12586
1.86606
1.91518
2.09936
2.00295
2.018
2.19366
2.15533
2.18638
2.11856
2.19825
2.08402
2.11933
2.15926
2.37155
2.17337
2.10901
1.72967
2.11828
2.05964
1.99591
1.86076
2.27093
2.34389
2.06489
2.37416
2.22828
2.13075
2.1213
2.22619
2.0961
1.85001
2.05284
1.76793
1.8874
2.0063
2.11651
2.23124
2.10049
2.02777
2.02518
2.18817
2.32548
2.05578
2.17259
2.12933
2.16998
2.21253
2.16581
2.16426
2.13182
2.41424
2.29589
2.27047
2.05835
2.17839
2.2261
2.19793
2.2876
2.00332
2.08919
2.18136
1.986
2.27915
1.80974
2.21093
2.1041
1.9674
2.29636
2.25428
2.05076
2.22707
2.12685
2.17193
2.30749
2.41165
2.15983
2.22738
2.16078
2.0687
2.07895
2.33413
1.98639
2.08357
1.79729
2.07754
2.29455
2.22617
2.08743
2.19197
2.21483
2.19172
2.2261
2.3087
2.12692
2.20083
2.16039
2.18027
2.13153
1.91847
2.11672
2.16795
2.05439
2.09848
2.23598
2.01225
2.13394
2.18386
2.44296
2.22066
2.07566
1.76565
2.03717
2.19885
2.2208
2.168
2.12733
2.21992
2.29409
2.16799
1.89781
2.22121
2.00071
