0.201723
0.190565
0.190028
0.182971
0.180998
0.174941
0.17514
0.170422
0.090315
0.0290729
0.0290932
0.0295166
0.0284954
0.0300106
0.0295164
0.0285702
0.0277169
0.0278658
0.0279578
0.0283094
0.0287224
0.0285407
0.028824
0.0293027
0.0286265
0.0289757
0.0285178
0.028138
0.0287195
0.029233
0.0296008
0.0296499
0.0286485
0.0292696
0.0289337
0.0276081
0.0280598
0.0277328
0.026622
0.0246077
0.0244432
0.0228599
0.0220031
0.0226764
0.0217797
0.0219388
0.0214462
0.0217574
0.0210602
0.0213388
0.0209457
0.0203643
0.0189708
0.0195843
0.01978
0.0215396
0.0198334
0.0184373
0.0187449
0.0192207
0.0192804
0.0186191
0.0177553
0.0178317
0.0179281
0.0173668
0.0176567
0.0194099
0.0168853
0.0171468
0.0161718
0.0166386
0.017211
0.0171873
0.0163133
0.0164194
0.016727
0.0161818
0.0159823
0.0156453
0.0155714
0.0152522
0.014837
0.0150585
0.0155327
0.0158359
0.015314
0.0148305
0.0146974
0.0145411
0.0136705
0.0144211
0.0146559
0.0149787
0.013918
0.0138811
0.0136338
0.0143937
0.0135514
0.0147562
0.0142976
0.0135611
0.0141553
0.0135005
0.0141523
0.0134762
0.0131489
0.0133247
0.0128868
0.0129231
0.0130182
0.0133656
0.0138951
0.0132217
0.0128535
0.0127772
0.0123391
0.0116189
0.0134889
0.0126466
0.0128897
0.0124824
0.0129076
0.0125998
0.0119657
0.0126557
0.0116255
0.0120931
0.0121526
0.0122616
0.0119272
0.0114165
0.0109687
0.0114962
0.0114965
0.0115066
0.0118497
0.0118903
0.0103873
0.0117418
0.0119274
0.0109198
0.0106098
0.0113209
0.0116883
0.0117302
0.0113751
0.0107589
0.0108428
0.0113124
0.0108939
0.0109188
0.0111265
0.0106834
0.0108126
0.0107424
0.0107206
0.0107055
0.0107418
0.0111718
0.0111144
0.0109966
0.0105818
0.0106644
0.0103947
0.00998268
0.0110882
0.0102825
0.0108426
0.0105174
0.0107053
0.0103024
0.0100573
0.0102276
0.0101798
0.0105328
0.00965061
0.00980863
0.00979883
0.0105146
0.0108864
0.0104797
0.0100204
0.0100681
0.00943464
0.0100314
0.0103473
0.00990157
0.00987885
0.00951172
0.0092048
0.00950024
0.00986828
0.00979788
0.00986825
0.00964235
0.0101255
0.00965824
0.0100852
0.00931878
