17.1263
17.6463
17.9196
16.9449
17.4822
17.9139
18.4338
15.2964
17.4435
17.2694
16.9118
18.287
16.9185
15.3166
14.4756
18.1736
16.7489
16.901
17.0654
16.7496
17.5979
16.8329
18.3834
17.9755
18.4271
17.9489
18.0733
18.4052
17.8273
18.2262
17.6241
17.9265
17.8986
18.2671
17.7936
17.9433
18.348
18.4259
17.3999
17.8232
18.2564
17.9538
18.2121
17.9709
18.4684
17.787
18.5432
17.7053
18.441
18.2286
17.9476
18.1501
17.698
17.7724
17.8142
18.1299
17.8386
17.6446
17.6321
17.869
18.1728
17.5647
17.883
17.9057
17.7185
17.6842
17.9888
18.3212
17.5894
17.7963
17.6041
17.9967
17.7463
17.973
17.526
17.7504
17.5465
17.2895
17.5613
17.2943
17.6373
17.4282
17.5103
17.2532
16.8075
17.1483
17.5368
17.3345
17.5289
17.4096
17.7142
17.4742
17.2917
17.1474
17.8545
16.9056
16.847
17.8933
16.7397
17.2685
