2.12306
2.08855
2.11043
2.0396
2.1258
2.03863
2.12243
2.05989
2.12465
2.05743
2.04714
2.12189
2.10186
2.05111
2.10409
2.06564
2.03275
2.12447
2.03728
2.12027
2.08587
2.10429
1.99101
2.03382
1.81561
2.09092
1.90909
2.05262
2.0942
2.09328
2.11957
2.10623
2.10398
2.12664
2.13283
2.05133
2.11045
2.12466
1.94926
1.87708
1.81065
2.06299
1.93449
2.12372
1.85624
2.00657
1.92674
1.84863
2.071
2.03883
1.74701
1.80653
2.03886
1.55838
1.77589
1.58796
1.61778
1.58532
1.63881
1.57168
1.5868
2.0437
1.59039
1.59616
1.78296
1.59806
2.05034
1.61039
1.91123
1.65724
1.57925
1.61843
1.64759
1.5912
1.60646
1.64977
1.59837
1.63835
1.60709
1.76
1.58381
1.62312
1.58957
1.61229
1.61115
1.60741
1.59984
1.59844
1.58574
1.60969
1.63125
1.59898
1.60916
1.62552
1.60866
1.62042
1.60379
1.63047
1.60277
1.62194
1.61754
1.61145
1.61609
1.59019
1.58756
1.60608
1.61271
1.58242
1.61515
1.59274
1.61118
1.59216
1.60939
1.58712
1.59047
1.61067
1.62036
1.59006
1.60608
1.56885
1.62609
1.60704
1.61862
1.6291
1.5943
1.61328
1.61143
1.60878
1.60983
1.59548
1.60695
1.60988
1.6003
1.60471
1.58893
1.59405
1.59615
1.60436
1.56641
1.58976
1.58961
1.56216
1.59163
1.61152
1.61855
1.66265
1.61576
1.59504
1.60066
1.60238
1.57158
1.67191
1.61144
1.59016
1.58876
1.59836
1.65323
1.59832
1.62453
1.56599
1.64983
1.58717
1.55491
1.59725
1.60707
1.58604
1.57636
1.60597
1.56514
1.59947
1.59892
1.61017
1.61112
1.57165
1.61168
1.56841
1.60319
1.59786
1.58735
1.58288
1.58977
1.56097
1.60297
1.58066
1.56201
1.58641
1.60558
1.58688
1.6199
1.63035
1.60698
1.58864
1.57032
1.576
1.60779
1.56963
1.60295
1.55511
1.6089
1.60853
