0.390335
0.410081
0.45835
0.446996
0.249377
0.0458798
0.0492101
0.0432373
0.0455174
0.0435495
0.0455127
0.046544
0.0439653
0.0432124
0.0427532
0.0444662
0.0451358
0.0436956
0.0437225
0.0410868
0.0454233
0.047364
0.0426095
0.0450381
0.048869
0.04753
0.0484319
0.0484705
0.0482331
0.0507771
0.0525988
0.0522401
0.050603
0.0523281
0.0528344
0.0504203
0.0499806
0.0493901
0.0524785
0.0520703
0.0530385
0.0562259
0.0584176
0.0575697
0.0583999
0.0602238
0.0639843
0.065856
0.0666299
0.0649363
0.0685405
0.0696665
0.0727267
0.073506
0.074284
0.078005
0.0781771
0.0794237
0.0832465
0.0888677
0.0920559
0.0957083
0.102065
0.110694
0.117246
0.119065
0.125069
0.128756
0.132921
0.13713
0.144185
0.146437
0.15235
0.156286
0.163372
0.163681
0.166421
0.165515
0.174508
0.182069
0.183695
0.193882
0.197444
0.206728
0.214851
0.219179
0.228643
0.231057
0.245548
0.242656
0.252479
0.250423
0.265152
0.27349
0.279569
0.28149
0.290496
0.290938
0.302115
0.307064
