0.141029
0.0577999
0.0161044
0.0434523
0.0217257
0.0276641
0.0280469
0.016863
0.0267978
0.0119916
0.016119
0.0163125
0.0107424
0.00865076
0.0111145
0.0166395
0.00664998
0.014587
0.00500469
0.00334016
0.0129604
0.0127799
0.00736257
0.00501817
0.00515894
0.0128527
0.011115
0.0110477
0.00736526
0.00350003
0.00358947
0.00551023
0.00531952
0.00747495
0.0111982
0.00930964
0.00553278
0.00356371
0.00556957
0.00932032
0.00687988
0.00752761
0.0134095
0.0183798
0.0086349
0.00809955
0.00891564
0.0121358
0.0139893
0.00358552
0.00699951
0.00600648
0.004567
0.00728772
0.00455876
0.0095079
0.00835994
0.00537996
0.00934254
0.011717
0.0165437
0.00810157
0.0168524
0.0102782
0.0189743
0.0149004
0.0187206
0.0190252
0.0240286
0.0234127
0.0266649
0.0222104
0.0214216
0.0291188
0.0233616
0.0341752
0.0401799
0.0275152
0.0328295
0.0493496
0.032357
0.0321415
0.0349904
0.0384616
0.0403068
0.0411861
0.0502214
0.0502065
0.0524974
0.0555236
0.0633074
0.0606046
0.0452358
0.0613335
0.0539897
0.0524646
0.0492759
0.0535706
0.0760903
0.0587028
