0.141012
0.0866537
0.084546
0.0722026
0.0653331
0.0606265
0.0633729
0.0615748
0.0643506
0.0623142
0.0679947
0.0657012
0.0699684
0.068537
0.0708467
0.0704979
0.0719515
0.0748162
0.0782211
0.0811957
0.0841478
0.0829273
0.0801794
0.0863107
0.0810798
0.0879444
0.086941
0.0882675
0.0887839
0.0862221
0.0894453
0.0859585
0.088973
0.0917129
0.0913757
0.0960945
0.0977273
0.0951266
0.0973336
0.0948581
0.100174
0.0977223
0.0997059
0.0963515
0.100578
0.0995468
0.104957
0.0998328
0.103368
0.102768
0.105319
0.108527
0.107442
0.109739
0.11193
0.11672
0.118648
0.118531
0.124234
0.12628
0.128088
0.132108
0.137345
0.137177
0.13935
0.14161
0.146737
0.154178
0.152902
0.157893
0.15996
0.160224
0.164201
0.168506
0.169409
0.174421
0.176018
0.180384
0.179516
0.183916
0.188937
0.19344
0.19303
0.197952
0.203023
0.196985
0.216366
0.282566
0.226171
0.208343
0.213822
0.213212
0.221536
0.215347
0.225321
0.222658
0.227465
0.233313
0.236463
0.237175
