0.0112958
0.0105716
0.0100643
0.00875464
0.00565439
0.00138685
0.00111975
0.000753087
0.000796789
0.00090406
0.000977958
0.00110348
0.0012609
0.00137865
0.00151699
0.0018133
0.00181513
0.00182447
0.00192426
0.00191922
0.0020143
0.00202716
0.00207723
0.00208995
0.00228688
0.00228503
0.00236164
0.00234499
0.00247021
0.00237141
0.00233513
0.0024401
0.0024038
0.00255705
0.0025446
0.00249056
0.00243852
0.0024724
0.00255595
0.00260974
0.00264988
0.00255301
0.00263247
0.00258633
0.002511
0.00256098
0.00266133
0.00267408
0.00268872
0.00259553
0.00263766
0.00261872
0.00271345
0.00266134
0.00279264
0.0027771
0.00274218
0.00274381
0.00272843
0.0026313
0.00265046
0.00270034
0.00257353
0.00266159
0.00260729
0.0025265
0.00244131
0.00232659
0.00234423
0.00242081
0.00231527
0.00227708
0.00236841
0.00225412
0.00224025
0.00218507
0.00215339
0.00213175
0.00205469
0.00211233
0.0020082
0.00205554
0.00199079
0.00200855
0.00196209
0.00194066
0.00192408
0.00189466
0.00189361
0.00188985
0.00180687
0.00186489
0.00178623
0.00180748
0.00177663
0.00174628
0.00171118
0.00168735
0.00173557
0.00171117
