111.974
111.912
111.58
111.996
112.17
111.582
111.715
111.451
110.983
111.617
112.057
112.311
112.291
112.425
111.733
112.389
111.946
111.889
112.3
111.486
112.865
111.829
112.522
112.066
112.496
112.231
111.91
112.092
112.451
111.853
112.141
112.508
112.426
111.618
112.399
112.91
111.162
111.756
112.141
110.271
111.86
111.997
112.12
111.396
111.892
111.517
111.708
110.687
111.705
112.024
111.15
111.617
111.986
111.881
111.281
111.513
111.709
110.547
109.594
109.278
110.405
109.892
109.94
110.855
111.589
112.207
110.347
111.199
111.912
108.759
109.352
110.252
109.498
109.442
111.317
110.041
111.316
108.205
110.514
110.99
108.393
107.508
108.742
108.4
108.203
110.787
107.821
107.741
108.112
109.109
106.311
110.377
110.203
108.656
110.235
110.899
109.685
110.414
108.989
109.91
110.794
109.157
109.644
111.778
108.616
108.231
109.874
109.474
110.178
109.792
108.723
108.013
107.489
108.819
110.984
109.205
107.966
108.824
108.635
108.936
106.429
107.737
108.141
108.883
111.047
108.285
106.395
105.115
106.661
109.263
107.76
105.805
108.493
106.766
107.08
108.243
109.069
108.954
108.116
108.325
108.481
109.737
107.711
108.634
105.512
106.756
107.613
106.735
104.112
108.568
109.379
107.689
108.377
108.724
107.767
107.23
105.472
109.132
107.593
106.322
107.23
107.856
107.607
108.16
109.868
109.278
106.111
105.676
107.827
106.949
107.719
107.983
107.387
108.114
109.396
106.688
104.948
109.484
108.168
110.18
109.062
108.367
107.357
106.924
107.789
107.347
107.708
107.815
105.728
108.663
107.956
108.21
107.696
108.765
108.06
108.36
107.387
104.831
107.452
106.77
