131.038
179.214
215.048
218.085
218.604
210.45
207.265
205.383
203.255
200.747
194.149
197.816
189.381
198.852
197.358
194.383
199.245
193.765
183.371
178.473
186.949
194.296
188.882
186.269
188.759
185.544
183.884
185.701
175.972
180.72
182.404
190.587
190.425
188.828
196.745
211.463
227.539
258.65
264.866
265.851
268.014
265.407
268.215
262.936
266.665
257.803
252.978
256.408
181.907
174.554
170.878
171.489
174.984
172.24
173.132
165.59
161.064
155.855
155.145
154.263
154.073
152.498
149.979
147.092
144.555
147.755
146.91
141.02
142.748
139.223
143.117
142.23
139.661
139.951
136.903
137.883
137.845
136.142
132.769
129.966
131.531
132.201
129.668
128.196
129.947
126.287
128.658
129.441
123.221
124.38
124.562
122.265
122.351
121.778
121.948
116.708
117.325
119.106
117.827
119.885
115.92
117.877
117.016
114.279
117.01
114.772
114.007
111.207
112.058
111.8
109.154
107.529
109.712
106.156
108.145
103.824
105.136
106.028
104.612
102.4
103.046
103.013
103.652
103.787
100.994
101.161
100.932
101.748
99.014
96.6499
99.1583
96.9364
98.5054
95.4781
98.1029
95.4306
94.3211
93.6259
94.2109
91.1052
92.6412
94.1167
90.9534
88.5413
92.0345
90.1569
88.1257
89.2994
89.0567
87.9269
86.5033
88.3706
87.4363
86.9871
84.0164
85.3
84.8095
84.1858
85.049
83.2087
81.7869
83.0772
79.9283
80.5785
81.5163
81.9215
81.8592
81.2421
81.2906
80.9218
78.7933
78.7003
79.0721
79.7992
79.2434
76.5953
76.7048
75.1733
75.6314
74.0059
75.5777
76.3335
74.7933
74.2049
73.9298
76.0788
74.4937
73.7433
73.2504
74.4222
71.9603
71.4293
70.9144
72.705
71.8644
72.1284
71.4274
71.4451
69.9059
70.0994
