472.161
509.317
222.383
551.386
813.51
1014.92
602.132
791.615
592.281
668.217
1113.27
1266.18
1595.44
1653.69
1695.88
1299.99
1364.26
1614.47
3581.24
1279.61
1209.99
1252.12
1338.63
1303.68
1536.53
1607.84
2395.4
1953
2925.29
2395.4
2828.97
1953
3200.48
21395.9
3438.26
109994
116771
56308.2
65655.5
58492.8
10361.4
173404
77240.9
173404
56308.2
173404
173404
58492.8
173404
173404
109994
56308.2
109994
173404
173404
109994
173404
109994
109994
116771
109994
173404
173404
77466.5
116771
109994
109994
173404
173404
109994
109994
109994
109994
109994
109994
109994
116771
116771
155576
173404
155576
155576
197482
116771
109994
109994
197482
116771
141854
109994
109994
109994
109994
116771
197482
155576
116771
109994
197482
109994
