1.10129
1.10547
1.10331
1.09533
1.09651
1.11065
1.09974
1.10904
1.10607
1.09777
1.10588
1.10748
1.10647
1.09905
1.10124
1.10108
1.09997
1.0989
1.10098
1.10027
1.08973
1.09014
1.08401
1.09543
1.08065
1.08235
1.09615
1.089
1.10663
1.09416
1.09947
1.07609
1.07756
1.07541
1.09475
1.06475
1.07939
1.09701
1.09095
1.07772
1.09691
1.07804
1.09833
1.0885
1.08235
1.06448
1.06278
1.09427
1.07544
1.06377
1.07374
1.04852
1.07062
1.04207
1.0712
1.0345
1.04998
1.06122
1.05214
1.04502
1.06292
1.03861
1.05294
1.0524
1.05749
1.03953
1.04395
1.0632
1.03676
1.02955
1.03578
1.03611
1.04081
1.02341
1.02543
1.03678
1.05631
1.02751
1.02542
1.03611
1.04376
1.0357
1.05955
1.07417
1.04481
1.02345
1.03188
1.03643
1.03141
1.01116
1.05977
1.0244
1.02524
1.01495
1.03548
1.03384
1.01664
1.01466
1.03666
1.01771
1.02108
1.01553
1.04016
1.01093
1.03317
1.014
1.02216
1.02075
1.0181
1.01443
1.01813
1.01891
1.02631
1.01696
1.01715
1.02753
1.02383
1.01977
1.02307
1.02231
1.02208
1.0198
1.02168
1.01512
1.01906
1.02036
1.01842
1.02167
1.02047
1.02339
1.01889
1.01726
1.02304
1.02367
1.02479
1.02273
1.01997
1.01806
1.01978
1.0184
1.03153
1.03495
1.02259
1.02085
1.0311
1.02275
1.02132
1.02347
1.02034
1.01032
1.01768
1.0188
1.01784
1.01697
1.02276
1.02134
1.02832
1.02567
1.01695
1.01527
1.02082
1.01885
1.03089
1.0246
1.01875
1.01709
1.03964
1.02291
1.04379
1.01893
1.02854
1.0199
1.01748
1.01692
1.03621
1.01792
1.02187
1.01929
1.0207
1.01638
1.01588
1.01905
1.04066
1.01715
1.02415
1.02451
1.01909
1.01775
1.02641
1.01843
1.03056
1.01815
1.03236
1.01912
1.01656
1.02643
1.02013
1.02202
1.04263
1.01663
