36.6675
36.688
36.6786
36.6777
36.6984
36.6738
36.6152
36.7176
36.6966
36.5886
36.6223
36.6185
36.6898
36.7047
36.664
36.6968
36.6957
36.6948
36.6838
36.6981
36.665
36.6643
36.7186
36.6955
36.6103
36.701
36.5349
36.6806
36.5955
36.6677
36.7316
36.684
36.6584
36.6848
36.6499
36.6447
36.6145
36.643
36.6793
36.7217
36.6615
36.6937
36.6469
36.651
36.6909
36.611
36.6659
36.6351
36.7055
36.6843
36.4834
36.6461
36.4737
36.6738
36.6404
36.659
36.6259
36.7591
36.5997
36.6745
36.6795
36.6402
36.5384
36.6484
36.4176
36.6668
36.6548
36.6222
36.6161
36.5086
36.6221
36.6633
36.5477
36.5678
36.5218
36.4999
36.6635
36.6899
36.3236
36.5809
36.4688
36.5913
36.5628
36.4105
36.6138
36.2723
36.5061
36.201
36.4347
36.5074
35.992
35.173
36.3257
36.6538
36.4166
36.616
36.4921
36.3665
36.1982
35.9367
36.2725
36.2128
36.299
36.5395
36.1591
36.1077
36.3921
36.2173
36.4431
36.107
36.4884
35.8971
36.5743
36.1909
36.2445
36.3059
36.2042
36.1398
35.966
35.92
36.1556
36.0437
36.1464
36.6659
36.4773
36.3788
36.1704
35.8054
36.5754
36.1884
35.8964
36.2152
36.1029
36.5945
36.2173
36.2096
35.8959
36.5571
36.4891
35.7288
36.136
36.0032
36.1833
36.3256
36.2321
36.034
36.571
36.0872
36.117
35.919
36.397
36.1424
36.0404
36.4399
35.5805
36.1946
36.5668
36.1722
36.2993
36.2088
36.2451
36.4807
35.7935
36.2796
35.9237
35.7979
36.2333
36.1557
35.9176
35.7377
36.1204
35.7903
36.3542
35.9308
36.3288
36.1679
36.1094
36.0343
36.1088
36.7144
36.8399
35.8965
36.4073
36.462
35.7567
36.5631
36.2684
36.4469
35.7129
35.5931
35.9467
36.0163
35.6565
36.6407
36.4801
36.81
36.2266
35.767
36.4462
36.0997
