1.8329
1.51491
1.05244
0.876252
0.838597
0.868652
0.920636
0.874446
0.789523
0.799167
0.855499
0.899313
0.910994
0.876858
0.910715
0.902073
0.868994
0.869181
0.877416
0.798956
0.792544
0.788473
0.745168
0.762966
0.740559
0.74759
0.733297
0.730474
0.707553
0.68881
0.699906
0.711615
0.701029
0.698994
0.699261
0.682897
0.67116
0.677278
0.70721
0.681454
0.676953
0.674947
0.668515
0.682362
0.695342
0.689835
0.696981
0.687961
0.686729
0.691142
0.694853
0.69566
0.694018
0.669333
0.668936
0.688377
0.665527
0.649958
0.669912
0.666046
0.676907
0.642861
0.631306
0.642489
0.619569
0.606071
0.607589
0.604641
0.584465
0.58501
0.591886
0.576533
0.567585
0.567419
0.548162
0.549195
0.536446
0.518876
0.506634
0.494862
0.493276
0.472551
0.473853
0.468996
0.461683
0.448448
0.448697
0.434239
0.422056
0.415831
0.425483
0.402727
0.390723
0.382555
0.387055
0.388223
0.383954
0.362827
0.362404
0.368019
