777.733
726.274
685.953
645.434
602.056
598.009
590.268
593.747
602.689
579.475
586.733
582.863
574.268
554.071
566.592
571.65
582.249
574.314
582.886
576.713
551.389
562.969
543.588
534.431
558.443
557.467
566.573
562.401
557.988
555.359
539.579
547.078
534.867
532.508
536.934
541.053
537.227
536.839
535.163
533.772
547.826
540.259
544.204
523.174
531.036
546.189
536.667
525.846
542.051
544.143
552.112
562.783
559.548
544.287
553.74
554.476
557.759
554.068
531.761
525.048
538.121
529.911
522.039
531.488
527.396
528.095
514.822
505.943
499.827
496.498
496.553
498.99
481.801
485.591
486.465
473.264
469.33
472.678
469.673
469.758
473.679
446.493
450.539
453.529
464.346
440.542
436.947
442.711
439.933
437.009
432.309
426.652
422.243
416.228
412.127
417.102
410.972
414.755
412.05
390.396
396.095
400.215
387.568
391.608
396.862
387.242
387.19
382.202
370.784
370.973
371.764
371.351
369.204
366.152
358.596
367.438
355.982
355.905
350.752
346.735
347.943
350.639
336.106
331.323
339.357
343.63
334.206
337.779
326.636
329.813
328.455
320.203
321.231
327.476
328.24
319.408
318.89
325.46
305.866
307.367
305.799
308.305
310.577
305.545
296.828
300.848
304.532
302.685
303.457
296.876
292.404
295.461
287.564
292.626
289.13
296.578
286.31
288.87
285.731
294.23
280.658
344.064
329.488
300.539
283.724
282.702
271.484
276.642
277.883
275.317
276.194
273.857
270.77
274.835
270.967
269.857
270.289
269.919
267.019
263.364
271.18
259.881
260.137
258.191
254.976
260.765
253.73
254.913
251.941
248.256
253.181
262.384
247.805
250.546
243.591
243.516
242.971
247.761
239.603
238.904
