6.49009
5.30185
9.00651
6.20018
7.39855
4.58963
6.97913
5.62795
5.21458
7.73808
7.14391
9.67725
7.30295
6.74033
7.07952
6.88016
8.81669
5.96575
7.67307
7.61594
10.952
7.33843
8.0878
8.16901
6.84856
6.78791
7.43075
7.33782
7.78883
5.42099
8.30704
8.13243
6.77724
5.30132
6.79099
7.81726
6.73754
6.66897
5.89033
6.74631
6.42016
5.77762
5.57323
6.06477
5.81856
7.07401
5.2483
6.82344
7.15546
7.39899
7.08883
8.1075
5.58885
6.96871
6.33316
7.03618
7.04718
8.00094
7.067
6.74996
7.2712
5.24866
9.82444
6.93477
8.17503
7.16855
7.50301
7.19603
7.50267
7.38954
7.38954
7.71573
9.82353
7.63021
9.10404
8.04395
8.26227
7.99848
7.87261
7.62531
8.10683
7.60697
7.68725
7.70929
7.58874
8.21565
7.97501
8.3207
8.25004
7.67448
7.82852
7.90519
8.42657
8.24758
9.82253
7.82852
8.02271
8.48257
8.36704
8.16748
