1.00242
1.00084
1.00172
1.00132
1.00132
1.00096
1.00104
1.00046
1.00128
1.00075
1.00078
1.00068
1.00169
1.00111
1.00094
1.00412
1.00383
1.00102
1.00248
1.00091
1.00069
1.00148
1.00353
1.00149
1.00188
1.00368
1.00546
1.00091
1.00887
1.00631
1.00523
1.00224
1.00374
1.00387
1.00502
1.00336
1.00652
1.00356
1.00317
1.00165
1.0094
1.00647
1.00497
1.00315
1.00554
1.0103
1.0041
1.00773
1.00715
1.00314
1.00898
1.0035
1.00792
1.00564
1.01118
1.00569
1.01258
1.00873
1.00513
1.01282
1.00622
1.0084
1.0074
1.01294
1.00792
1.00733
1.00966
1.00791
1.0057
1.00612
1.01077
1.00876
1.00703
1.01136
1.01081
1.01148
1.00748
1.01075
1.0092
1.01472
1.00997
1.0088
1.00742
1.01327
1.01172
1.01123
1.00946
1.00731
1.01066
1.00815
1.00878
1.00528
1.014
1.01095
1.01049
1.01071
1.01248
1.00918
1.01113
1.03335
1.02784
1.02868
1.02219
1.02196
1.00985
1.01113
1.00812
1.01108
1.01052
1.01054
1.01217
1.00961
1.01192
1.01381
1.01151
1.01274
1.01138
1.03315
1.0109
1.01496
1.02664
1.01377
1.02723
1.01514
1.02218
1.02147
1.0123
1.01189
1.02772
1.01244
1.03338
1.02876
1.02831
1.01216
1.01228
1.02152
1.01166
1.02904
1.03596
1.01403
1.02932
1.02317
1.01717
1.0301
1.01369
1.01156
1.0218
1.02311
1.0139
1.03661
1.03329
1.01797
1.01891
1.03787
1.02519
1.01449
1.02612
1.03327
1.03854
1.01413
1.01663
1.01896
1.0152
1.01386
1.03372
1.01311
1.02124
1.0379
1.01412
1.01431
1.01488
1.03313
1.02946
1.03534
1.01455
1.01331
1.01356
1.01361
1.01422
1.02184
1.02249
1.02184
1.01195
1.03287
1.03854
1.02053
1.0291
1.03501
1.03307
1.01396
1.02535
1.01427
1.01277
1.03302
1.01336
1.0361
1.01892
1.03048
1.01336
1.01676
