6.42457
7.67078
7.69502
8.18098
9.55595
10.3431
10.2657
9.32166
7.96578
5.85857
5.82296
5.6349
5.58949
5.64955
5.40862
5.68173
5.58912
5.543
5.48403
5.41627
5.33506
5.30085
5.12149
5.30641
5.20849
5.48082
5.36383
5.30482
5.22811
5.35762
5.12417
5.1507
5.118
5.11943
5.141
5.12995
5.07218
4.96838
5.01799
5.04599
4.93228
4.75514
4.70096
4.85238
4.77785
4.96168
4.69792
4.64844
4.72981
4.60967
4.54027
4.38357
4.5134
4.5547
4.45725
4.33606
4.41051
4.29451
4.33169
4.05033
4.17499
4.29537
2.01257
1.08088
1.03492
1.09913
1.07913
1.04152
1.06413
1.04225
1.08419
1.08143
1.05263
1.0426
1.07232
1.07298
1.03773
1.02876
1.03286
1.04532
1.05672
1.06145
1.07634
1.07568
1.06417
1.04014
1.06773
1.02568
1.0624
1.02037
1.06118
1.04808
1.01629
1.06697
1.01537
1.05731
1.05212
1.02786
1.06554
1.06748
1.0256
1.05892
1.00978
1.02489
1.05033
1.0028
1.0295
0.995815
1.034
1.0853
0.989194
1.0834
1.06221
1.06911
1.00924
1.01478
1.02461
1.02618
1.07383
1.05386
1.04917
0.993957
1.01245
1.00184
1.05471
1.01137
1.00474
1.03288
1.03485
1.00107
1.03861
1.0309
1.03875
1.01499
1.00709
1.03294
1.03666
1.04335
1.03081
1.03421
1.01924
1.04013
0.991547
1.00466
1.0098
1.03172
1.0325
1.01527
1.02534
1.00484
1.05345
0.986937
1.02949
0.99784
0.999528
1.01665
1.02416
1.00265
0.983967
1.03418
0.979958
1.04416
1.04813
1.03388
1.01708
1.04169
1.00892
1.06816
0.974221
1.0451
1.021
1.01898
1.03792
1.02906
1.03687
1.02309
1.05415
1.01016
1.02214
1.02945
1.02805
1.03106
1.06036
1.01913
1.01998
1.03933
1.02334
1.04328
0.999457
1.0002
1.06796
1.02208
1.0433
1.04548
1.08532
1.04172
1.04617
1.02305
1.03354
1.0622
