0.835404
0.241651
0.235052
0.242901
0.232105
0.23853
0.24704
0.236409
0.220461
0.221834
0.210588
0.201267
0.210937
0.207212
0.203823
0.211517
0.218405
0.21406
0.213732
0.211792
0.219153
0.220967
0.225649
0.226243
0.232434
0.234737
0.231144
0.221017
0.23867
0.236013
0.237077
0.241433
0.240035
0.2468
0.258233
0.252886
0.247817
0.257278
0.253439
0.233914
0.250475
0.24238
0.247157
0.236416
0.238808
0.237855
0.233541
0.227286
0.229485
0.223286
0.224163
0.226799
0.221752
0.223536
0.217125
0.220373
0.214761
0.215899
0.217989
0.208858
0.216146
0.214449
0.206588
0.203099
0.206013
0.2159
0.205056
0.203979
0.198005
0.202274
0.205
0.201227
0.203389
0.193324
0.187987
0.199718
0.18714
0.188534
0.186505
0.182934
0.202854
0.350922
0.201851
0.187972
0.201226
0.187264
0.186148
0.1804
0.183349
0.185045
0.179957
0.182591
0.180199
0.179065
0.182856
0.183564
0.182655
0.183194
0.18394
0.177069
