36.9078
36.8928
36.9028
36.8433
36.8226
36.8996
36.8879
36.9508
36.9477
36.8585
36.883
36.8362
36.8649
36.7016
36.864
36.8746
36.9019
36.8745
36.746
36.9304
36.9506
36.9294
36.7435
36.8164
36.9394
36.8855
36.7512
36.9233
36.8809
36.8889
36.9085
36.8759
36.6633
36.8067
36.8299
36.7747
36.6322
36.9374
36.9292
36.8939
36.8103
36.8247
36.7475
36.8105
36.8227
36.5216
36.929
36.9019
36.8857
36.7969
36.9564
36.6685
36.7471
36.5167
36.7088
36.8272
36.6508
36.7169
36.722
36.5058
36.0405
36.3194
36.1764
36.281
35.9969
36.5679
35.7234
36.2965
36.286
36.1799
35.7366
35.9213
36.7469
36.3107
36.4202
35.9504
36.1728
35.8789
35.7496
35.9087
35.1793
35.6085
35.2133
35.8157
35.9732
35.5791
35.6589
35.9177
35.5097
35.5464
36.0547
36.0541
35.3214
35.6728
36.2495
35.911
36.1678
36.6119
36.5489
36.3367
36.2587
36.6873
36.4547
36.2232
35.9354
36.4086
36.3453
35.7959
36.3824
36.4581
35.9681
36.0592
36.2533
36.6566
35.9391
36.4371
36.054
36.2682
35.7567
36.3718
36.4474
36.377
36.5424
36.4931
36.5187
36.5683
36.5251
35.9517
36.2553
35.8277
36.3264
36.4716
36.163
36.2737
36.772
36.3766
36.8495
36.4781
36.5607
36.6067
36.3852
36.395
36.6599
36.4948
35.3184
35.8911
36.5737
35.6675
35.8242
35.9858
36.6683
34.8469
36.6034
36.5254
35.8962
36.1965
36.1486
36.4115
36.4604
36.1933
35.4533
36.2157
36.1359
35.9966
35.8613
35.2863
35.4547
36.1713
35.734
36.1023
35.3218
36.4542
35.6071
36.1642
36.2142
36.3568
35.9362
36.1268
36.1183
35.9467
35.6628
35.3354
36.6025
35.7208
35.9949
36.1221
35.1992
35.5979
36.1459
35.5494
35.6058
36.2792
35.7676
35.5274
36.0377
35.9652
35.5853
35.9748
35.906
36.3284
