1961.64
2267.14
2189.03
2018.41
2017.81
2130.7
2099.36
2076.66
2192.63
2208.41
2194.53
2123.37
2086.86
2118.66
2146.52
2033.8
2079.1
2089.62
2014.56
2043.03
2039.14
1991.04
1981.91
1984.04
1937.65
1967.04
1973.01
1974.94
1980.51
1891.76
1913.8
1980.37
1913.8
1931.15
1978.54
1941.2
1914.78
1856.57
1892.35
1860.11
1899.85
1872.98
1894.9
1852.15
1831.13
1877
1994.56
1893.63
1920.78
1924.31
2133.02
2180.97
2235.79
2401.63
2352.05
2450.94
2376.43
2365.75
2363.36
2356.13
2242.35
2281.18
2240.85
2285.86
2216.04
2149.42
2104.93
2162.66
2166.7
2158.64
2041.02
2071.78
2048.73
2057.09
2040.03
2006.62
2027
1972.12
1978.68
1988.49
1909.05
1950.55
1913.34
1898.62
1899.22
1826.01
1811.03
1834.7
1826.87
1816.7
1806.09
1811.55
1772
1783.67
1737.03
1724.84
1712.49
1697.35
1685.4
1685.8
1650.7
1635.02
1608.13
1624.54
1637.13
1591.64
1583.17
1544.6
1514.11
1557.13
1523.41
1509.4
1515.56
1491.25
1474.43
1510.98
1499.48
1468.32
1458.32
1428.48
1413.35
1430.78
1394.95
1398.69
1369.09
1371.9
1372.35
1376.44
1392.55
1341.04
1356.38
1354.17
1332.07
1307.57
1306.01
1310.85
1295.7
1279.66
1302.47
1275.96
1283.38
1273.35
1248.68
1268
1244.58
1229.69
1248.38
1209.69
1228.95
1178.95
1203.09
1209.36
1168.21
1167.51
1164.56
1146.49
1158.14
1142.32
1150.22
1151.85
1140.56
1115.02
1118.01
1130.94
1118.54
1115.01
1103.02
1098.77
1097.63
1086.43
1100.68
1081
1073.49
1078.21
1076.07
1067.55
1056.67
1067.01
1034.76
1042.67
1050.58
1024.14
1042.7
1023.93
1029.4
1017.56
996.042
1003.33
1001.13
1013.02
980.653
973.546
968.839
992.277
971.026
949.788
968.298
926.329
943.322
928.62
