1.38412
1.06865
0.921527
0.545241
0.215489
0.220911
0.205163
0.215603
0.205228
0.207163
0.215935
0.209552
0.22439
0.214884
0.221232
0.20166
0.214193
0.212748
0.224272
0.226695
0.227126
0.227598
0.220244
0.225074
0.227262
0.23252
0.226567
0.226573
0.230393
0.234883
0.234855
0.229626
0.223194
0.226937
0.233609
0.237375
0.237941
0.232123
0.223476
0.233106
0.24326
0.229753
0.235434
0.234833
0.238226
0.235749
0.242137
0.233424
0.244106
0.241005
0.246117
0.247405
0.238071
0.25216
0.251796
0.248713
0.24999
0.254712
0.254834
0.254335
0.263967
0.268393
0.257843
0.266075
0.263998
0.256572
0.26695
0.266974
0.27917
0.276078
0.279714
0.27617
0.27236
0.281495
0.271692
0.279722
0.285087
0.288991
0.287607
0.282987
0.291821
0.288134
0.292918
0.283271
0.292637
0.290069
0.29587
0.295086
0.294923
0.302686
0.295755
0.30147
0.30598
0.301273
0.2988
0.301935
0.304363
0.305243
0.292145
0.312305
