0.0673278
0.0693415
0.195212
0.143357
0.0583258
0.0242199
0.0337653
0.033045
0.0407542
0.0425825
0.0352777
0.0239334
0.0376212
0.0264557
0.0367239
0.0255029
0.0365489
0.0168422
0.0275949
0.0354497
0.0241478
0.021597
0.0162726
0.0278585
0.0289694
0.0486219
0.0259077
0.0281627
0.0281532
0.0452606
0.0270649
0.0395855
0.0277773
0.0320176
0.0387192
0.0279993
0.0238056
0.0290165
0.0307247
0.0396894
0.0337505
0.0419924
0.033436
0.0403432
0.045688
0.0284447
0.0297419
0.0519331
0.0461715
0.0300437
0.049903
0.049786
0.053441
0.0306123
0.033038
0.0520343
0.0377161
0.0338011
0.046834
0.0533498
0.0458636
0.0381964
0.0316298
0.0431635
0.0400513
0.0365944
0.0358715
0.0483562
0.0447994
0.0450632
0.0312306
0.0424507
0.0433998
0.0374336
0.0346331
0.0385754
0.0381054
0.0334584
0.031193
0.0354107
0.026342
0.0329058
0.0372976
0.0422577
0.0597026
0.0283964
0.0354905
0.0410624
0.0424955
0.0440048
0.0386123
0.0409693
0.0429399
0.0318639
0.026773
0.0252683
0.0304478
0.030112
0.0317704
0.0265473
