15.0651
12.9801
10.0001
12.9133
16.2588
15.1274
14.6097
11.629
11.6785
15.3174
13.8289
12.9517
13.8794
12.9942
16.7828
14.7517
13.9101
15.2802
15.5592
15.6996
16.2773
15.3481
14.7892
15.3495
16.3731
16.0242
16.2252
17.5866
17.0958
17.5737
15.2745
18.2195
16.17
16.9005
15.2643
15.5958
15.9848
14.5303
15.9475
17.2202
16.4335
15.7037
17.2342
16.3404
16.1794
16.8895
17.5512
17.7832
16.2994
15.9784
14.6738
16.07
15.798
16.6944
17.195
16.2521
16.321
16.2271
15.8348
15.3674
15.5639
17.1991
16.3916
17.7568
16.5804
16.749
15.4274
15.8929
16.5694
15.7388
16.1295
11.8178
16.0722
15.7459
15.8215
17.3882
16.034
15.8023
17.3866
16.5365
16.3298
17.3613
15.6035
15.591
15.4384
16.2121
17.1082
15.2686
16.0981
14.8786
16.3025
15.4653
15.4714
16.162
15.4534
17.5324
16.5082
16.0134
16.5584
16.559
