1.10455
1.10641
1.10059
1.09844
1.10555
1.10458
1.10549
1.10367
1.10377
1.10492
1.10239
1.09891
1.09971
1.09653
1.1032
1.09908
1.10188
1.09789
1.08809
1.08496
1.09835
1.10487
1.10592
1.07936
1.10531
1.09857
1.09913
1.10261
1.10187
1.0743
1.07578
1.07195
1.07623
1.09688
1.062
1.07404
1.10007
1.07316
1.09655
1.05646
1.08002
1.05666
1.07558
1.05179
1.05655
1.09733
1.06471
1.05532
1.06739
1.05246
1.05778
1.06076
1.07913
1.0708
1.06338
1.05592
1.06186
1.05878
1.04783
1.04728
1.07862
1.05778
1.08893
1.05304
1.04138
1.03189
1.0494
1.09632
1.06321
1.04254
1.03114
1.05715
1.03908
1.02828
1.02867
1.05502
1.02095
1.06194
1.04894
1.06124
1.06219
1.02431
1.0314
1.04231
1.0278
1.02929
1.02464
1.0965
1.0335
1.05004
1.0324
1.02896
1.03667
1.02776
1.01879
1.06109
1.03443
1.02658
1.01985
1.04992
1.02028
1.02309
1.03398
1.04539
1.0286
1.02445
1.03027
1.01943
1.02643
1.02557
1.0186
1.01825
1.01761
1.01974
1.01683
1.02301
1.01837
1.02578
1.01845
1.01819
1.01955
1.01639
1.02848
1.01689
1.02129
1.02158
1.02041
1.02046
1.02221
1.02175
1.0196
1.02222
1.02075
1.02354
1.04077
1.02528
1.02006
1.02215
1.02807
1.0357
1.01778
1.02438
1.02462
1.04731
1.0205
1.02084
1.02021
1.01929
1.02194
1.02054
1.01895
1.03168
1.01906
1.01998
1.02165
1.03589
1.01997
1.02052
1.02061
1.02359
1.02057
1.0159
1.02679
1.02151
1.02052
1.01849
1.02479
1.01964
1.02346
1.02173
1.02144
1.02022
1.02522
1.02953
1.02005
1.02905
1.01671
1.01846
1.0158
1.01308
1.02491
1.06253
1.04799
1.02083
1.01992
1.02675
1.02169
1.02479
1.02139
1.03511
1.03559
1.01774
1.02007
1.01918
1.02012
1.01703
1.0189
1.02647
1.0186
1.01994
