43.6389
43.7123
43.6646
43.7777
43.6564
43.7602
43.7752
43.7746
43.6604
43.6829
43.499
43.709
43.6767
43.6405
43.6119
43.7362
43.775
43.6873
43.8208
43.5787
43.6791
43.5715
43.6902
43.6055
43.8053
43.6816
43.7602
43.7293
43.7838
43.6396
43.5134
43.6416
43.6704
43.5631
43.6793
43.6062
43.7065
43.7995
43.3558
43.7045
43.6906
43.6181
43.1845
43.2146
43.5201
43.4286
43.5592
43.4475
43.6683
43.2634
43.6225
43.3752
43.5214
43.5016
43.3162
43.4712
43.3489
42.8911
43.4346
43.5225
43.2549
43.3215
43.5862
43.7194
43.2174
42.9372
43.4491
43.0725
43.4514
43.2037
43.5888
43.0934
43.2051
43.5449
43.4496
42.915
43.0698
43.2538
43.325
42.9436
43.1965
43.2547
42.857
43.0945
43.2926
43.023
43.4163
43.0711
43.1064
43.1826
43.2442
43.0656
42.9175
42.7088
43.5007
43.3154
43.4353
43.0531
43.4881
42.9851
43.0196
42.9857
43.1439
43.2305
42.7599
42.7038
43.3655
42.6728
42.7365
43.3819
42.6268
43.0548
43.3346
43.3665
43.0281
42.9838
43.193
43.2353
43.5162
42.603
42.6783
42.482
42.781
43.3976
42.8575
43.2716
42.7844
42.7533
42.9793
42.3662
42.2004
42.8289
42.6426
42.8556
42.7117
43.1251
42.932
43.1825
42.2329
43.2523
42.5513
43.0184
42.6684
42.5575
42.9345
42.7212
42.4469
42.1461
43.208
42.7208
42.591
42.3363
42.3105
42.3677
42.6249
42.6724
43.2141
43.055
42.4549
42.5931
42.5685
42.5221
42.6889
42.6796
43.0978
42.2403
42.3927
42.21
42.7099
43.0533
42.8809
42.318
42.8031
42.2858
42.3348
42.8062
42.3982
42.2652
42.6543
42.4823
42.9624
42.7804
42.3076
42.9535
42.8242
43.044
42.3984
43.0206
42.2549
42.6936
41.8553
42.3347
42.656
42.4442
42.7551
42.6776
42.9817
42.5764
42.9281
42.0814
