16.6279
16.6154
16.642
16.6258
16.5598
16.6233
16.6382
16.6427
16.6229
16.6022
16.5782
16.6192
16.6753
16.5799
16.5935
16.6175
16.6232
16.6435
16.6508
16.6487
16.6334
16.6275
16.6565
16.6073
16.6347
16.6287
16.6173
16.6361
16.648
16.6396
16.6388
16.6469
16.6492
16.6446
16.6377
16.6404
16.6438
16.6471
16.6385
16.6725
16.6402
16.5899
16.5916
16.6469
16.6474
16.622
16.6268
16.6449
16.6454
16.6437
16.6285
16.5644
16.6461
16.6167
16.6662
16.6244
16.6154
16.5664
16.6483
16.6388
16.6044
16.658
16.609
16.5941
16.5033
16.5518
16.6163
16.6294
16.5653
16.6198
16.5966
16.5913
16.4954
16.6444
16.6497
16.5705
16.6423
16.6414
16.6278
16.5697
16.6386
16.5776
16.6314
16.612
16.6444
16.6399
16.5402
16.6321
16.6026
16.542
16.4896
16.5805
16.5974
16.5197
16.6191
16.6386
16.6375
16.4896
16.5426
16.5989
16.6101
16.5654
16.5411
16.6023
16.6109
16.5265
16.546
16.522
16.5417
16.601
16.2777
16.413
16.3024
16.3648
16.5611
16.2797
16.4677
16.5419
16.5247
16.3826
16.4521
16.403
16.5084
16.4615
16.5453
16.3734
16.5139
16.3868
16.4023
16.5572
16.4156
16.551
16.5561
16.5269
16.4027
16.4218
16.4402
16.4865
16.4589
16.3932
16.31
16.4255
16.4662
16.4215
16.4016
16.3676
16.3996
16.3493
16.3987
16.4462
16.5339
16.4813
16.2562
16.3201
16.5156
16.375
16.5036
16.3571
16.3995
16.4744
16.3645
16.4501
16.3151
16.3013
16.2934
16.487
16.2516
16.3312
16.3869
16.4819
16.4736
16.506
16.544
16.2483
16.3217
16.5112
16.571
16.3885
16.3905
16.5666
16.451
16.4356
16.4754
16.4335
16.4159
16.3986
16.5789
16.4104
16.446
16.4968
16.35
16.2453
16.2679
16.2577
16.451
16.32
16.4119
16.4965
16.3813
16.3578
