0.0757137
0.0538488
0.0139448
0.00552557
0.00307301
0.00310428
0.00533895
0.0236023
0.0328967
0.0295605
0.0218247
0.0359224
0.0347847
0.0229938
0.0388452
0.0331312
0.0268974
0.0174722
0.014622
0.0181118
0.0191645
0.00893592
0.0291542
0.0286011
0.0349358
0.0357912
0.0212403
0.0387751
0.0247302
0.0159136
0.0281878
0.0344691
0.0272162
0.0258726
0.0327501
0.040291
0.0386315
0.0268606
0.0366092
0.0362826
0.0401537
0.0350174
0.038609
0.0150418
0.0312902
0.0363496
0.0162502
0.031932
0.0338783
0.0332219
0.0345682
0.0171608
0.0232978
0.0287424
0.0430206
0.027433
0.0267126
0.0278518
0.0319285
0.0238987
0.0276809
0.0229365
0.0263696
0.0277269
0.0366088
0.0326749
0.0207202
0.0286274
0.029115
0.0272567
0.0367186
0.0315764
0.0338523
0.0311506
0.0335343
0.0368956
0.0268301
0.0260079
0.0244491
0.0240852
0.0254032
0.0260539
0.0263479
0.0225308
0.0390899
0.0286491
0.0277373
0.031569
0.0382753
0.0241427
0.0250814
0.0283324
0.0210428
0.032231
0.0253288
0.028211
0.0290375
0.0210471
0.0278794
0.0327508
