0.123309
0.157971
0.14444
0.0216234
0.0165472
0.0135045
0.00646699
0.00536869
0.00700134
0.00693759
0.0094478
0.00886679
0.00806027
0.00824994
0.00868753
0.00782412
0.00818626
0.00589457
0.0062553
0.00662114
0.0071109
0.00693549
0.0073137
0.00673554
0.00707359
0.00651551
0.00691359
0.00672013
0.00652385
0.00693967
0.00611194
0.00620364
0.00634692
0.00674712
0.00643092
0.0061935
0.00700732
0.00696688
0.00664248
0.00736323
0.00726445
0.00705705
0.007311
0.0073765
0.00677479
0.00700318
0.00760316
0.00743938
0.00715718
0.00676179
0.00718209
0.00710579
0.00723322
0.00661326
0.00680875
0.00712401
0.00711491
0.00694089
0.00660788
0.00664635
0.006696
0.00697514
0.00672991
0.0068666
0.00635983
0.00640957
0.00681147
0.00689419
0.00709845
0.00680295
0.00699189
0.00708279
0.00683323
0.00676886
0.00695503
0.00706789
0.00699452
0.00675745
0.00738189
0.00698146
0.00713008
0.00708548
0.00705356
0.0069201
0.00689554
0.0067802
0.00655976
0.0068293
0.00684608
0.00707442
0.00708133
0.00714639
0.00679177
0.00670877
0.00724104
0.00708221
0.00673968
0.00704923
0.00687065
0.0069426
0.00699621
0.00718957
0.00724361
0.00676459
0.00695755
0.0070002
0.00699126
0.00701223
0.0069439
0.00701654
0.00704931
0.00684568
0.00716719
0.00719273
0.00704587
0.00719871
0.00724758
0.00715099
0.00719387
0.00721539
0.0069571
0.00713177
0.00747261
0.00696023
0.00765708
0.00724949
0.00751979
0.00734185
0.00718144
0.00702141
0.0070485
0.00731174
0.00773622
0.00721558
0.0074119
0.00736351
0.0074046
0.00755159
0.0076158
0.00713833
0.00732706
0.0077465
0.00748911
0.00759192
0.00761925
0.00775179
0.00736514
0.00784251
0.00787923
0.0075626
0.00782713
0.00773787
0.00749493
0.00744765
0.00796904
0.00728796
0.00728245
0.00742833
0.0073861
0.00720952
0.00758717
0.00733334
0.00778326
0.00754216
0.00731721
0.00746074
0.0077443
0.00761274
0.00743744
0.00764216
0.00759854
0.00758666
0.00755329
0.00747253
0.00771944
0.00759889
0.00756633
0.0073445
0.00787971
0.00755947
0.00771402
0.00741308
0.00738046
0.00775723
0.0080784
0.00784055
0.00790676
0.00794677
0.00762826
0.00764351
0.00770141
0.00757332
0.00761815
0.00751493
0.00775454
0.0077086
0.00814166
0.00783009
0.0079033
0.00832545
