0.929098
0.822769
0.892118
0.898768
0.88685
0.891949
0.906417
0.937741
0.899593
0.925768
0.957397
0.970074
0.977853
0.936705
0.955344
0.960398
0.930071
0.952747
0.98717
0.961147
0.942654
0.932829
0.980975
0.936539
0.941058
0.97969
0.981467
0.949577
0.70081
0.361984
0.288241
0.35025
0.389331
0.442478
0.458823
0.473958
0.303205
0.147119
0.232569
0.283075
0.335851
0.369572
0.386346
0.370285
0.383234
0.417035
0.388592
0.399916
0.408403
0.380276
0.398472
0.400385
0.393019
0.410428
0.42628
0.383702
0.403958
0.403551
0.414176
0.426665
0.421079
0.426638
0.426175
0.402669
0.399772
0.427169
0.412833
0.438373
0.406616
0.428065
0.41321
0.396405
0.425744
0.41343
0.423149
0.422197
0.425985
0.4203
0.404639
0.397305
0.402272
0.371711
0.411681
0.423133
0.410095
0.397422
0.406288
0.382444
0.389596
0.38609
0.379073
0.381517
0.393645
0.387792
0.401393
0.400192
0.400926
0.396059
0.409066
0.377071
0.392414
0.388679
0.388032
0.381198
0.392366
0.388189
0.370561
0.367028
0.383179
0.378566
0.383666
0.360391
0.373806
0.368363
0.379046
0.346818
0.369957
0.373018
0.365899
0.359385
0.346607
0.333368
0.327881
0.330531
0.327135
0.329158
0.314105
0.326815
0.314487
0.324687
0.321103
0.315629
0.306552
0.31363
0.324072
0.318201
0.310141
0.323749
0.320929
0.296596
0.311079
0.316677
0.32523
0.307382
0.311346
0.331881
0.30763
0.321178
0.334772
0.320661
0.313822
0.320959
0.326218
0.337393
0.310455
0.311118
0.329895
0.317365
0.319492
0.317667
0.326336
0.320199
0.308024
0.314179
0.329762
0.320276
0.303979
0.303707
0.311905
0.304394
0.314638
0.321048
0.318392
0.323131
0.298481
0.309619
0.313286
0.309478
0.313518
0.303044
0.310003
0.293751
0.31192
0.3165
0.30342
0.312851
0.309277
0.309624
0.301131
0.318722
0.304948
0.314275
0.295108
0.298262
0.316835
0.313548
0.327925
0.314148
0.312413
0.312012
