1.92012
2.12759
2.27418
2.36215
2.21997
2.1477
2.17829
2.15648
2.2486
2.18528
2.18372
2.3379
2.32784
2.29312
2.24611
2.25191
2.29265
2.36187
2.63922
2.29337
2.18057
2.38482
2.34229
2.2537
2.21989
2.2182
2.1371
2.18835
2.12235
2.11209
2.08147
2.06223
2.06304
2.04762
1.98117
2.02706
2.00724
2.02051
2.03033
1.96147
1.93057
1.85652
1.92016
1.91393
1.85183
1.83045
1.76361
1.81593
1.76898
1.76037
1.77381
1.71396
1.71346
1.65422
1.71844
1.69661
1.65755
1.60952
1.60617
1.64374
1.57859
1.54862
1.57744
1.60302
1.56355
1.58422
1.55138
1.53429
1.5029
1.46674
1.43974
1.48607
1.48127
1.43772
1.48056
1.43774
1.43305
1.44821
1.40649
1.40129
1.37225
1.39718
1.34237
1.37312
1.32719
1.36439
1.31398
1.33243
1.3018
1.32675
1.31133
1.28108
1.31232
1.26163
1.2965
1.26547
1.27185
1.26677
1.27691
1.24986
1.22747
1.21721
1.22417
1.23766
1.19087
1.19343
1.18068
1.1978
1.16812
1.15349
1.18562
1.12541
1.17142
1.12531
1.15767
1.11814
1.17295
1.15194
1.09656
1.18651
1.13766
1.1228
1.13728
1.09865
1.12611
1.0922
1.10737
1.11131
1.08178
1.06239
1.0838
1.11785
1.07814
1.07564
1.09429
1.03983
1.04914
1.05619
1.04096
1.0648
1.05082
1.03352
1.03046
1.00285
0.198527
0.152284
0.152179
0.176755
0.164839
0.165312
0.169775
0.165116
0.176313
0.178767
0.174523
0.170813
0.163637
0.172215
0.174263
0.16875
0.175771
0.167632
0.16824
0.172392
0.182778
0.174655
0.170922
0.169145
0.169463
0.170629
0.175712
0.174778
0.175062
0.172874
0.169483
0.171112
0.167277
0.167889
0.171329
0.172225
0.175179
0.168935
0.168927
0.17102
0.170414
0.173302
0.164935
0.178109
0.162792
0.169522
0.166286
0.158941
0.16532
0.16276
0.170337
0.173432
0.164575
0.17483
0.16824
0.170877
