0.0149915
0.0143205
0.0136102
0.0140655
0.0147097
0.0150661
0.0155897
0.0162498
0.0158589
0.0160541
0.016085
0.0159159
0.0157245
0.015528
0.016011
0.0159904
0.0163269
0.0160913
0.015248
0.0154331
0.0157007
0.0159044
0.0160017
0.0158021
0.01648
0.0163281
0.015531
0.0156936
0.0163971
0.0158215
0.0157089
0.015632
0.0154787
0.0159526
0.0161052
0.0154853
0.0154073
0.0156885
0.0154684
0.0154424
0.0151194
0.0157216
0.0161843
0.0155168
0.0154615
0.0154368
0.0151273
0.0161971
0.0161753
0.0152668
0.0159515
0.0159928
0.0157299
0.0159766
0.0153082
0.0159222
0.0155007
0.0158271
0.0157706
0.0156098
0.0155766
0.0153995
0.0156222
0.0156278
0.0157477
0.0157883
0.0156403
0.0156395
0.0159287
0.0155284
0.0154066
0.0159231
0.0158199
0.0148629
0.0108727
0.0106192
0.0109585
0.0104377
0.0104158
0.0102074
0.00971857
0.00958618
0.00909733
0.00881297
0.00795104
0.00795472
0.00800623
0.00800479
0.0081325
0.00781534
0.00792215
0.00806472
0.00773826
0.00757345
0.00749563
0.00794437
0.00791366
0.00725019
0.00753032
0.00798688
0.00778542
0.00741196
0.00731144
0.00722146
0.00773132
0.0072084
0.00794606
0.00709782
0.00705026
0.00733003
0.00707214
0.00740954
0.0071932
0.00707283
0.00664409
0.00687009
0.00709131
0.00714106
0.00691517
0.00716732
0.00700234
0.00689916
0.00683568
0.00679089
0.00702871
0.00695908
0.00681225
0.00715765
0.00656578
0.00707828
0.00697272
0.00717077
0.00684429
0.00696776
0.00687424
0.00681769
0.0067126
0.00680214
0.00644089
0.00636907
0.00676833
0.00693633
0.00701076
0.00654045
0.00654956
0.00667873
0.00687071
0.0069224
0.00689113
0.00676869
0.00658576
0.00662084
0.00655692
0.00686109
0.00663511
0.00646431
0.00676902
0.00645982
0.00655323
0.00704244
0.0065144
0.0065129
0.0063337
0.00621269
0.00672283
0.00647512
0.00648733
0.00631431
0.00659313
0.00653833
0.00622465
0.00648374
0.00664026
0.00646569
0.00649679
0.00645662
0.00636465
0.00640043
0.00687905
0.00629369
0.00651154
0.00633093
0.00664201
0.00630463
0.00624525
0.00634698
0.00643687
0.00632551
0.00598162
0.0061852
0.00642798
0.00604173
0.00634362
0.00593434
0.00602839
0.00618884
0.00604561
0.00604353
0.00637339
0.00604954
