147.108
146.91
146.519
147.151
146.53
146.713
147.255
146.452
146.929
147.197
147.295
146.762
147.366
146.648
147.246
147.263
147.286
147.244
147.812
145.689
147.149
147.178
147.499
145.872
146.059
146.092
146.268
147.04
147.07
146.865
147.571
146.751
146.687
145.602
147.206
146.396
147.359
147.62
146.545
146.142
145.691
146.58
146.45
146.428
146.775
146.291
146.133
147.278
146.019
144.973
145.481
147.048
144.793
143.787
143.783
146.012
145.111
145.127
145.506
144.269
146.319
146.104
144.728
143.327
143.435
145.151
143.103
145.346
144.672
145.174
144.7
143.667
143.486
144.697
142.446
144.894
143.286
144.849
143.266
143.124
142.995
142.217
143.45
142.88
140.992
142.982
141.543
145.701
141.768
141.717
143.804
143.029
144.55
141.773
143.42
140.487
142.162
142.569
139.943
143.829
140.913
141.517
142.61
141.035
141.379
140.041
140.216
139.918
140.252
143.334
140.735
141.273
139.526
142.833
139.818
138.672
141.759
138.216
140.245
142.903
141.663
141.64
141.174
139.137
142.392
142.603
140.756
144.308
143.011
144.694
141.226
142.333
142.143
143.162
144.431
142.246
141.922
140.874
142.818
141.96
143.142
144.859
138.444
142.273
140.667
139.96
139.983
141.397
140.286
138.953
140.12
139.121
141.85
139.736
139.002
136.876
138.728
140.121
139.182
139.925
140.701
142.839
140.857
140.535
141.734
139.905
136.987
138.84
142.126
137.383
140.983
143.156
138.779
140.188
144.197
139.346
137.534
143.168
140.184
138.085
142.665
138.395
139.808
139.818
137.022
141.587
141.05
140.402
140.396
135.034
139.17
139.872
135.769
140.748
138.361
139.711
138.122
139.167
137.399
138.537
