9.07415
8.87425
8.27895
9.81153
10.1362
9.00481
10.435
10.9228
11.4207
10.3896
9.42945
7.94775
10.1825
10.4176
11.3228
10.5053
9.6183
11.3774
11.3067
10.6711
10.573
11.1042
10.6547
9.94416
11.2931
11.1092
11.187
11.1851
10.9897
11.2812
10.1233
10.59
11.2386
10.644
11.2579
9.84494
11.2845
9.8771
11.0237
11.3771
11.4233
11.5209
10.9138
11.509
11.3586
11.1869
11.1921
11.5457
11.5941
11.3826
11.1577
11.6992
11.6166
11.4206
10.8832
11.6353
11.3555
11.4958
11.3326
11.495
11.4424
11.363
11.532
11.3934
11.5799
11.3389
11.658
11.195
11.6034
11.4696
11.613
11.2667
11.3386
11.5112
11.6727
11.3673
11.3969
11.1403
11.3312
11.3305
11.5629
11.5283
11.6941
11.3038
11.4825
11.5769
11.5558
11.2831
11.7233
11.3346
11.4491
11.6752
11.5398
11.4501
11.5225
11.4046
11.4835
11.4328
11.497
11.5932
11.6293
11.7945
11.6217
11.4336
11.4512
11.5104
11.4485
11.7144
11.638
11.4469
11.4807
11.67
11.4074
11.3875
11.7667
11.6796
11.3841
11.5764
11.3382
11.8041
11.6784
11.3836
11.7111
11.3848
11.4454
11.8379
11.4154
11.295
11.6071
11.3622
11.4454
11.433
11.2826
11.5766
11.567
11.5339
11.7531
11.3979
11.3979
11.4261
11.1778
11.5318
11.4075
11.5342
11.5502
11.4127
11.3971
11.5022
11.656
11.5377
11.4746
11.6929
11.4617
11.5537
11.6332
11.8269
11.4014
11.5123
11.3525
11.3472
11.4244
11.2657
11.528
11.6093
11.2134
11.4247
11.3555
11.5512
11.4504
11.41
11.4779
11.2719
11.5133
11.3603
11.348
11.4948
11.5713
11.48
11.1498
11.6004
11.7757
11.6003
11.4682
11.5924
11.4653
11.6443
11.305
11.2725
11.4223
11.3068
11.3021
11.4214
11.3277
11.3424
11.4201
11.4486
11.2985
11.2234
11.4614
11.5239
