8.5681
10.3895
8.18292
10.3795
8.76388
13.3713
9.72448
10.1846
12.373
13.982
10.9063
10.3872
12.6083
9.97635
12.2969
9.83122
11.4848
13.8599
8.22523
9.80584
9.83497
12.1151
10.5946
10.3738
9.731
10.7089
11.0317
10.4815
11.0594
11.4726
11.7163
11.9045
12.729
12.1628
11.6316
10.8552
12.3715
12.8779
10.6977
10.7146
13.0073
12.3983
11.4967
13.3392
12.2206
12.0362
13.1171
11.3293
11.1329
11.7329
13.0616
11.8967
12.5125
11.4853
10.9385
11.1303
11.7221
12.1492
11.3495
12.613
11.4542
11.4629
11.8346
12.3298
10.8909
13.1399
13.327
12.6063
13.2224
11.7867
13.729
11.1858
11.7801
11.8678
11.6311
11.2355
12.4616
12.0542
11.4784
12.3355
12.0293
12.5621
13.1067
12.2056
11.5575
13.6868
11.8991
12.5908
12.8889
11.8688
12.7403
11.1865
12.489
12.5158
12.2538
12.8131
12.0635
11.9641
12.1676
12.6167
