8.71901
1.5005
1.53096
1.56167
1.76107
1.7903
1.79995
1.69645
1.92829
1.80672
1.76361
1.76817
1.8917
1.78845
1.83797
1.70659
1.71142
1.69989
1.71962
1.76298
1.7101
1.72132
1.75371
1.75488
1.74387
1.67556
1.64811
1.70326
1.6924
1.68213
1.65085
1.66896
1.61412
1.68558
1.69271
1.65389
1.68486
1.6792
1.60245
1.61083
1.63732
1.63793
1.55497
1.64582
1.64097
1.69859
1.64838
1.64414
1.65963
1.63306
1.71634
1.65718
1.71508
1.64406
1.6499
1.60945
1.65016
1.68311
1.64216
1.6296
1.70186
1.6875
1.66548
1.6927
1.61922
1.63928
1.67505
1.5128
1.73128
1.60565
1.66246
1.6871
1.64633
1.66383
1.60503
1.63613
1.68235
1.70916
1.63923
1.74608
1.60358
1.65596
1.61517
1.68518
1.6853
1.67663
1.63583
1.6917
1.68695
1.67361
1.67986
1.68022
1.69474
1.73479
1.66357
1.71041
1.62557
1.70572
1.7194
1.69527
1.7585
1.66896
1.65551
1.73037
1.70875
1.71876
1.69666
1.6719
1.71513
1.7033
1.73696
1.70769
1.73797
1.74728
1.72844
1.81693
1.75202
1.7536
1.70503
1.75514
1.67317
1.83442
1.75412
1.75849
1.75623
1.68306
1.70852
1.78236
1.74342
1.76599
1.70638
1.72086
1.75506
1.77157
1.74832
1.78462
1.7696
1.6939
1.68329
1.7963
1.75019
1.76005
1.78034
1.86054
1.77116
1.75457
1.75344
1.81923
1.76357
1.78985
1.77757
1.724
1.79109
1.7432
1.65075
1.83666
1.80466
1.8134
1.83446
1.87503
1.81106
1.78203
1.83246
1.87793
1.87182
1.82797
1.83838
1.87548
1.85734
1.80177
1.84208
1.89181
1.83019
1.91332
1.88888
1.87295
1.82815
1.92612
1.83511
1.84023
1.88892
1.88174
1.86348
1.92167
1.90041
1.87859
1.87961
1.90373
1.87402
1.87278
1.91826
1.96095
1.93545
1.90858
1.91702
1.99059
2.00925
1.98517
1.91061
1.93009
