6.82081
5.107
4.44425
4.91216
5.81968
5.42303
4.63319
7.97682
4.2139
5.85259
4.79074
4.1304
5.30444
5.15465
4.81658
5.43312
5.14882
4.40584
5.33777
5.34743
4.29916
4.86534
4.75237
6.94827
7.12819
5.07812
7.52373
5.21699
7.99968
7.47998
7.11503
6.117
7.20671
6.67398
6.94075
7.30524
7.15096
7.82234
7.5022
8.02704
8.29142
7.50541
9.41469
8.23337
7.56713
7.83146
8.78797
8.23047
7.87694
7.95954
7.57261
8.15707
9.45775
9.10395
7.5878
8.29142
9.81813
8.12
8.06228
7.45687
7.98848
7.57692
7.65368
8.7669
7.58341
8.0284
9.79909
7.57895
8.26489
7.94277
9.81111
7.58915
9.82353
7.75569
7.59273
7.74382
7.62348
7.83428
8.51479
8.7439
7.62296
8.42354
7.58479
7.58952
9.80705
7.65123
7.58725
7.53489
7.94426
8.42179
7.6288
7.57015
9.80705
7.58998
9.81149
7.71912
7.57227
9.83202
9.31004
9.81149
