0.261024
0.244573
0.28965
0.322204
0.329525
0.335679
0.319547
0.33062
0.306778
0.296733
0.26483
0.282794
0.265983
0.26921
0.273654
0.28367
0.268639
0.265994
0.250543
0.24315
0.228249
0.243178
0.235143
0.245943
0.264261
0.247434
0.271785
0.249037
0.249057
0.259146
0.253268
0.248488
0.263876
0.255985
0.266343
0.251937
0.263896
0.24676
0.24656
0.24384
0.247449
0.254043
0.26139
0.257
0.251163
0.241251
0.247954
0.251577
0.24739
0.247712
0.247358
0.244185
0.251147
0.245726
0.248946
0.241681
0.225621
0.253632
0.234311
0.233537
0.238773
0.238083
0.237954
0.246619
0.234255
0.244375
0.238342
0.233515
0.240386
0.237754
0.235812
0.238278
0.234002
0.227644
0.228363
0.230132
0.234075
0.236042
0.226627
0.227726
0.240468
0.228639
0.231668
0.234883
0.228588
0.227037
0.229917
0.230811
0.232091
0.226445
0.225925
0.221208
0.225969
0.227234
0.22233
0.221693
0.225066
0.225099
0.221949
0.223995
0.229225
0.223554
0.228828
0.223688
0.223497
0.229984
0.228048
0.221893
0.213797
0.220791
0.218651
0.224685
0.221554
0.213147
0.220265
0.217424
0.21827
0.215598
0.221025
0.218932
0.218632
0.21839
0.224721
0.21357
0.220244
0.21769
0.215114
0.224036
0.218682
0.217022
0.218795
0.208301
0.216676
0.217201
0.210621
0.20784
0.212132
0.219301
0.209519
0.209045
0.212173
0.216384
0.202344
0.212758
0.204606
0.198637
0.212423
0.202084
0.199243
0.202778
0.203612
0.202158
0.200634
0.198738
0.194737
0.199558
0.197509
0.193094
0.191574
0.201396
0.199833
0.192781
0.208231
0.197048
0.186397
0.191742
0.195647
0.198658
0.197339
0.203548
0.196172
0.1855
0.186772
0.188461
0.20291
0.194992
0.186656
0.192106
0.190004
0.191625
0.195346
0.189817
0.189694
0.183612
0.186172
0.188663
0.19052
0.182115
0.19037
0.183703
0.189072
0.18432
0.18399
0.18436
0.18395
0.182289
0.179999
0.179525
0.183307
0.179923
