0.068212
0.0693204
0.0697168
0.0680504
0.065112
0.062438
0.064358
0.0797197
0.0777569
0.0815916
0.0844357
0.0773128
0.0813916
0.0782602
0.0795026
0.0794117
0.0809423
0.0804285
0.0853126
0.00972634
0.00523837
0.00313885
0.0026879
0.00262404
0.00254349
0.00302628
0.00304847
0.00302813
0.00333227
0.00314045
0.00317373
0.00328419
0.00278551
0.00291552
0.00294675
0.00269315
0.002678
0.00292683
0.00294127
0.00308875
0.00263557
0.0025679
0.00274042
0.00270813
0.00264723
0.00252985
0.00273469
0.00275981
0.0028456
0.00275539
0.00268949
0.00270042
0.00265317
0.00270667
0.0026548
0.00273232
0.00268287
0.00269655
0.00263092
0.0028314
0.00294429
0.0027331
0.00282048
0.00282051
0.00277027
0.00265194
0.00281718
0.00281739
0.00285123
0.00287668
0.00296517
0.00291049
0.00281564
0.00303334
0.00297434
0.00298688
0.00301405
0.00300801
0.00286084
0.00275672
0.00281887
0.00282143
0.00286756
0.00279927
0.0029401
0.00282553
0.00275738
0.0028583
0.00283363
0.00281867
0.00292458
0.00286925
0.00298889
0.0030116
0.00291271
0.00286689
0.00276414
0.0028835
0.002779
0.00284758
0.00298709
0.00285474
0.00279496
0.00284476
0.00294085
0.00283627
0.00279727
0.00283476
0.00283719
0.00283218
0.00289611
0.00286598
0.00277691
0.00274671
0.0028782
0.0029279
0.0030297
0.00297647
0.00286039
0.00281342
0.0028959
0.00292393
0.00286931
0.00288556
0.00290038
0.00282709
0.00285657
0.00301262
0.00286737
0.00291451
0.00293622
0.00278311
0.0029542
0.0028963
0.00276546
0.00291022
0.00292782
0.00293139
0.0027452
0.00302672
0.00284141
0.00279355
0.00280871
0.00298576
0.00290173
0.00289486
0.00286606
0.00283041
0.00290403
0.00281055
0.00296571
0.00285333
0.00272995
0.00293705
0.00299432
0.00282882
0.00291875
0.00295281
0.00298481
0.00292647
0.00294614
0.00283049
0.00286031
0.00277108
0.0028507
0.00283042
0.0027191
0.00282669
0.00283956
0.00287426
0.00285971
0.00281767
0.0029474
0.00287379
0.00279937
0.00290479
0.00283864
0.00282856
0.00273908
0.00276861
0.00279984
0.00291242
0.0028179
0.00284854
0.00285686
0.00283263
0.00287524
0.00281682
0.00289548
0.00264979
0.00278916
0.00270342
0.00275188
0.00268297
0.0028757
0.00268896
0.00286131
0.00279438
0.00273965
0.00295046
