8.31073
7.70822
6.32051
6.2737
6.63819
8.36215
7.20372
6.80522
6.82366
6.93436
6.92604
7.67929
6.61677
6.79896
8.34837
6.1359
6.73191
8.33067
7.69034
7.69482
7.73705
7.73098
6.80363
6.82787
8.39382
7.02779
8.38775
7.6351
7.59545
7.6808
6.30706
6.99087
6.64233
6.93503
7.65842
7.14557
6.66323
6.9288
7.7405
6.72817
7.72157
6.60811
7.08096
6.34441
8.33176
6.63226
6.74576
6.80897
7.31711
6.76403
7.69658
7.65004
6.34505
6.20578
6.51362
7.05172
8.34284
7.70875
6.68483
7.29929
6.54366
6.43003
6.05748
7.58347
8.79859
7.6911
7.68266
8.3515
7.85028
6.80646
7.84625
6.76942
7.23679
6.76564
8.12945
6.69568
7.04958
8.35502
6.62755
6.43507
7.0002
6.28781
6.9279
8.29911
6.77951
6.03301
6.1781
7.04791
8.43009
6.59719
8.30722
7.26412
6.76296
6.82939
6.90338
7.18104
9.17423
6.78958
7.02945
7.60205
6.52843
6.95469
6.80335
7.63589
7.96316
6.89969
6.69197
7.02034
7.37694
8.09354
8.13317
7.72364
6.42789
7.72911
8.49314
8.27341
9.12072
7.05417
8.9874
6.39399
7.67255
6.83168
7.42814
7.74084
7.79298
7.6523
7.94903
6.93066
7.36064
6.28983
8.09724
8.02322
7.71877
7.67626
7.01825
7.7677
6.84256
8.83643
8.94083
7.2122
7.54073
8.34304
8.36837
8.04493
7.25068
8.18977
7.71626
9.17809
10.3683
6.71041
7.01468
7.77038
7.09319
9.38832
7.16845
7.66906
7.89268
6.94924
8.59893
7.50517
8.28567
7.20208
8.2403
8.33064
6.74738
8.99545
7.6523
7.62949
8.21296
8.6338
8.48829
7.99497
8.03175
7.1835
7.58237
7.25206
8.35224
7.3574
8.12914
7.39692
8.49152
9.24991
9.43665
8.73639
8.11996
7.33716
8.13325
7.97092
7.96653
8.87932
8.6338
8.30282
9.12767
8.18151
8.88651
7.27324
7.47547
7.6523
7.88604
6.85315
