0.00939605
 0.0188656
 0.0284755
 0.0382792
 0.0483116
 0.0585843
 0.0690844
 0.0797767
 0.0906087
   0.10152
  0.112454
  0.123365
  0.134231
  0.145056
  0.155875
  0.166749
  0.177769
  0.189047
  0.200708
   0.21289
  0.225727
  0.239338
  0.253808
  0.269172
    0.2854
  0.302389
   0.31997
  0.337939
  0.356092
  0.374267
   0.39238
  0.410435
  0.428523
  0.446813
   0.46552
  0.484885
  0.505138
  0.526454
  0.548906
  0.572422
  0.596763
  0.621557
  0.646381
  0.670868
  0.694785
  0.718055
  0.740717
  0.762872
  0.784641
  0.806147
  0.827508
  0.848829
  0.870194
  0.891652
  0.913218
  0.934869
   0.95657
  0.978285
