0.17372
0.12501
0.117988
0.119709
0.097308
0.0616808
0.0657115
0.0657517
0.063884
0.0682261
0.0661788
0.0646448
0.0632755
0.0934993
0.084206
0.0786658
0.0975901
0.0883562
0.0821985
0.0820687
0.0506712
0.00988672
0.0101565
0.00955228
0.00951797
0.0086087
0.00800638
0.00577608
0.00402968
0.00327937
0.00298846
0.00390005
0.00422504
0.00424215
0.00340943
0.00358419
0.00332337
0.00311882
0.00343167
0.003056
0.00302775
0.00307898
0.00302773
0.00347538
0.00330427
0.0030543
0.00314353
0.0031985
0.00321607
0.00332297
0.00353387
0.00320217
0.00318272
0.00334415
0.00351675
0.00318757
0.00344096
0.00373075
0.00338577
0.00327087
0.00354292
0.0032643
0.00349526
0.00340401
0.00323639
0.00337258
0.00324002
0.00346985
0.00342263
0.00335724
0.00331031
0.00337945
0.00340671
0.00383699
0.00345911
0.00353666
0.00356387
0.00361995
0.00346274
0.00344936
0.00376968
0.00355317
0.00344597
0.00370283
0.00364539
0.00367976
0.0036108
0.00363698
0.00349549
0.00352816
0.00363652
0.0034658
0.00368001
0.00360519
0.00347324
0.00365109
0.00377463
0.00351016
0.0036255
0.00366414
0.00373228
0.00356214
0.00366311
0.0036943
0.0034877
0.00360611
0.00365347
0.00361538
0.00371951
0.00372358
0.00379982
0.0037306
0.0036232
0.00376184
0.0037312
0.00358167
0.00348722
0.00346138
0.00355173
0.00358772
0.00361546
0.00347655
0.00357573
0.00349143
0.00368095
0.0035193
0.00337304
0.00339815
0.00336496
0.00346751
0.0034128
0.00345603
0.00335857
0.00345166
0.00337725
0.00350834
0.00339198
0.00336673
0.00333549
0.00338502
0.00325488
0.00342231
0.00338568
0.00318781
0.00325315
0.00320812
0.00315263
0.00324314
0.00330083
0.00316654
0.00338165
0.00325169
0.00325899
0.00317028
0.00305631
0.00313693
0.00305688
0.00316895
0.00301915
0.00294407
0.00295069
0.00296607
0.00300601
0.00307525
0.00295744
0.00291767
0.00291348
0.00301273
0.00303763
0.00290453
0.00294769
0.00284794
0.00284076
0.00280299
0.00276769
0.00294222
0.00289948
0.00286999
0.00295347
0.00280481
0.0029972
0.00279112
0.00291867
0.00281006
0.00274916
0.00297157
0.00288622
0.00280122
0.0028614
0.00284028
0.00268443
0.00280642
0.00289411
0.00282118
0.00296098
0.00276223
0.00268242
0.00281861
0.00277586
0.0028753
