9.66023
14.2865
11.9176
11.854
12.5654
13.6299
9.36923
12.1386
11.4185
10.2686
13.3808
11.7081
12.0372
14.4393
10.6544
10.6948
11.8372
10.1077
12.0871
13.3777
13.7201
13.5556
12.4154
12.4414
12.7475
14.7595
11.4883
13.1609
13.206
11.6255
13.6584
10.99
11.7984
12.3585
13.1032
13.0391
11.9935
11.8923
11.4656
13.4915
12.7848
13.5636
13.5269
11.9459
13.7964
13.8133
13.4256
12.9633
13.3026
12.4073
12.523
12.7762
11.4729
11.3826
12.6589
12.6528
12.8373
12.8428
11.5674
11.5185
11.0934
12.8626
12.5533
13.4396
11.3885
12.7495
10.8094
13.405
13.1089
12.9344
12.6924
11.0909
11.0971
10.8678
12.4991
10.9419
10.3101
12.0336
12.5198
11.8516
11.1157
12.8648
11.7333
13.886
11.9049
12.299
12.7998
10.6269
11.3539
11.1577
13.522
11.8163
13.4471
12.3693
11.9171
11.1662
11.6089
11.8263
10.6953
11.539
