0.0119441
0.0685642
0.0724708
0.0330251
0.024696
0.0444443
0.0452603
0.0360065
0.037717
0.0396445
0.0440941
0.0368451
0.0484374
0.0584765
0.0503144
0.0416534
0.048242
0.048211
0.0416509
0.0285794
0.0425618
0.0277738
0.0336823
0.0447123
0.0395746
0.0343947
0.0697777
0.0378592
0.0521125
0.058155
0.0489123
0.0607611
0.0701512
0.0446024
0.0649992
0.0497353
0.0403642
0.0447358
0.0434126
0.04952
0.0395485
0.0575816
0.0639133
0.0422384
0.0458706
0.0508133
0.0393484
0.0397213
0.0356348
0.0445086
0.039833
0.0536887
0.0481358
0.0513437
0.051196
0.0611456
0.0490068
0.0502456
0.0345807
0.033066
0.0447162
0.0424665
0.0448221
0.0448316
0.049929
0.0572395
0.0461438
0.0497369
0.0538571
0.0548351
0.0544286
0.0636883
0.0544442
0.0596559
0.0480522
0.051648
0.057548
0.0483524
0.0485548
0.0593199
0.0657997
0.061494
0.062623
0.0442678
0.0342009
0.0561137
0.0609312
0.0599793
0.0531279
0.0473009
0.0559337
0.0462629
0.054955
0.0647212
0.0595611
0.0501305
0.0414004
0.0561713
0.0620206
0.0420258
