15.9706
15.0331
16.0631
15.9007
16.2198
15.0844
17.7002
16.1943
15.2022
15.6917
17.6804
16.9521
15.8678
13.8369
15.2551
18.2419
16.5606
14.8565
15.2802
14.347
16.4931
15.5357
17.0685
17.324
18.7018
17.432
17.147
15.4209
17.0013
16.6969
17.2648
16.8267
16.3492
16.2639
16.1894
16.2847
16.072
16.2914
17.081
16.2873
16.778
16.8105
17.3995
15.8562
16.3472
16.1301
15.3914
17.1714
16.9891
16.8247
15.9511
15.6844
16.3122
16.6077
16.1257
15.5397
16.6315
16.2386
15.9923
15.8572
15.9622
15.254
16.2208
15.7806
16.8891
15.4202
15.8304
15.3538
15.3441
16.0332
15.6154
16.2564
15.8404
15.6965
15.3573
16.5919
16.4331
15.5717
15.4289
14.8249
15.6124
15.0952
15.0288
15.4178
15.4202
14.9746
15.4066
16.1026
14.943
15.1938
15.1627
15.4317
15.8649
15.4117
15.04
15.3679
15.6648
14.6421
15.1107
15.8402
