98.7346
98.4929
98.9524
98.6959
99.1454
98.6798
98.9453
98.7495
98.7936
99.0358
98.869
98.7942
98.9088
98.6334
99.0223
98.6347
98.6712
99.0863
98.9814
98.6652
98.7309
98.7859
98.9522
98.8645
98.7631
98.8669
98.6517
98.697
98.4867
98.4699
98.8301
98.809
98.6613
99.2379
98.2986
98.7696
99.4479
98.9281
98.5625
98.6132
98.5001
98.617
98.5657
98.7989
98.7027
98.8481
98.3674
97.6277
97.82
99.0438
97.4721
97.9511
98.3114
98.1202
98.1286
98.2564
98.856
98.2952
97.7887
96.4028
98.1965
97.5101
97.0738
97.401
98.5015
96.0605
96.4607
97.1703
98.8167
97.3134
96.3202
96.7249
96.592
96.9502
96.0513
97.437
95.411
96.5679
97.1264
95.5939
95.3381
96.7508
96.6009
95.6284
97.7509
94.845
95.4643
95.2105
93.7845
97.4312
95.805
96.8195
96.1289
95.5702
93.3124
97.1732
95.2556
93.9998
95.292
95.3733
96.1729
94.1932
97.6465
98.124
93.4159
96.775
96.845
94.0561
97.9757
93.9889
93.1851
94.1175
95.5013
93.8794
96.5296
93.1385
94.0495
93.6793
92.9114
94.8442
94.6556
96.0782
92.9393
94.3473
94.4058
95.1536
93.6385
95.4401
95.8805
93.7435
93.6168
92.5578
92.6803
93.7661
95.1055
95.9829
96.1617
93.9515
92.9241
92.5533
93.4814
94.518
92.6695
93.7717
94.894
93.6081
94.8415
95.4311
92.9503
94.0918
92.4416
95.8769
94.4617
91.659
94.8742
95.8701
95.1949
95.7259
91.7358
95.5873
92.4741
92.6102
93.6155
93.5916
94.3761
91.6374
94.5552
95.5378
92.4357
91.9178
92.9979
95.2267
95.2639
91.2698
90.8713
91.7103
92.8873
92.4902
93.9988
92.7478
90.2902
94.3311
94.8086
93.9753
93.8064
90.1259
94.4748
94.9748
94.2013
92.9491
94.3806
92.23
94.5436
89.6822
93.5712
91.0342
92.7763
91.1552
95.0706
92.9021
