0.200901
0.104069
0.0524984
0.0349736
0.0416819
0.0481658
0.0433755
0.0376957
0.0499636
0.0425461
0.0291608
0.0467742
0.0309625
0.0401518
0.035834
0.0290426
0.0270659
0.0267775
0.0375857
0.0438715
0.0243224
0.0413547
0.0303853
0.0248689
0.0373336
0.0261929
0.0300738
0.0329333
0.0419144
0.0455439
0.0431399
0.0235485
0.0326808
0.0501615
0.0278829
0.0486368
0.0420666
0.0394367
0.0427296
0.0371356
0.0466768
0.0288752
0.0317308
0.034669
0.0333422
0.0275031
0.0338431
0.0301077
0.0232868
0.0332976
0.0310134
0.0355396
0.0321708
0.0333425
0.0293716
0.0482414
0.027428
0.0345676
0.0291001
0.0299625
0.0220556
0.035395
0.0251456
0.0280284
0.0268007
0.0407204
0.0381137
0.0473391
0.0562254
0.0367916
0.0402947
0.0419595
0.0313292
0.0339645
0.0308218
0.0355575
0.0399128
0.0356633
0.0352134
0.0310343
0.0493043
0.0459826
0.0299065
0.0563467
0.0253494
0.025126
0.0541327
0.0299454
0.0325005
0.0398614
0.0448547
0.0396419
0.0423655
0.0340041
0.0570251
0.0516706
0.04381
0.0658167
0.0463053
0.0461828
