36.4244
41.3264
41.3468
42.6524
44.0797
44.8262
45.9024
44.2364
42.8087
43.5924
41.2948
42.2026
40.9607
40.3955
41.2942
40.5584
40.0631
39.4402
39.8313
37.3207
39.1448
38.8742
38.1472
38.1681
38.0498
38.1718
36.917
36.0246
36.1351
35.7893
36.0354
34.9102
34.5064
34.4845
33.9871
34.1841
33.7914
34.4617
33.6541
33.3941
32.9741
32.437
31.3686
32.2984
31.7691
31.6629
31.229
30.7324
31.2282
30.8242
28.9312
29.4785
29.3226
28.9022
29.7155
28.1072
28.2618
29.0285
27.6111
27.0226
27.9138
27.2751
26.8665
26.8664
26.2801
25.9571
26.827
27.0922
25.9169
26.2017
26.1693
25.5839
25.6739
25.7855
26.0846
25.5322
25.5932
26.3734
25.823
25.389
26.349
25.26
24.1527
14.3408
14.5133
14.6961
14.1663
14.2656
14.1792
14.3552
14.2684
14.2044
14.0436
14.5241
14.1272
13.7224
13.8177
13.4882
13.5531
13.3916
13.7439
13.319
13.6156
13.2014
12.9325
12.9544
13.2856
13.3091
12.9237
13.1673
12.7865
12.6039
12.6943
12.6961
12.4148
12.5258
12.8994
12.6323
12.6586
12.6763
12.3789
12.2042
12.381
12.093
12.2905
12.3243
12.7271
12.5876
12.3916
12.3984
12.3494
12.4959
12.2435
12.2457
11.9306
12.3743
12.3241
12.1199
12.1092
12.3937
12.1522
11.8598
12.0428
11.694
11.8778
11.7299
12.231
11.7042
11.7566
11.9538
11.3804
11.8307
11.891
11.5131
11.3076
11.4889
11.5842
11.413
11.4452
11.4548
11.4345
11.3471
11.4899
11.0684
10.9058
11.0467
10.8388
11.2559
10.8118
11.0063
10.9979
10.7533
10.7971
10.5206
10.9569
10.8881
10.6712
10.7686
10.7667
10.7057
10.769
10.5821
10.4537
10.5773
10.4537
10.5428
10.3542
10.5385
10.469
10.2639
10.535
10.4586
10.5578
10.4214
10.2606
10.3246
10.5709
10.4325
10.311
10.2155
