23.2495
24.484
25.1612
24.8131
24.7075
24.7186
23.0055
24.742
22.9554
22.9224
22.3253
23.3153
22.7053
22.9572
24.7435
23.0754
25.0184
22.932
22.9681
21.9646
24.8922
23.6512
22.7703
23.2143
24.6122
22.8384
23.2206
25.0526
24.0515
23.1829
23.0689
24.9075
24.8484
22.2763
23.0797
22.728
22.5952
22.9294
22.93
24.875
22.9179
22.9872
21.661
22.6342
22.4592
22.1375
22.8977
22.963
24.8037
22.0759
21.8743
22.7964
22.6395
24.3437
24.7847
22.8803
22.7358
22.0823
22.8382
22.9181
22.2108
23.2498
21.3835
25.0331
23.0563
23.4559
22.8783
22.6967
23.0168
22.6984
24.715
22.1313
22.681
22.9492
24.4418
24.9041
23.4045
24.7924
25.0747
23.0393
23.5728
22.8136
24.7631
24.9541
23.0335
23.0805
22.8118
22.6292
24.3207
24.4578
24.3946
22.8824
25.1787
23.665
22.5363
23.0896
23.575
21.3379
22.854
22.7048
22.6996
21.7253
23.4485
23.4254
22.9751
22.1073
21.1613
21.9324
24.0005
24.5627
22.8355
25.1614
20.6358
22.8091
25.0404
23.0539
22.956
25.1409
23.2727
23.3178
22.9292
24.9243
22.3357
22.3671
21.0176
23.1884
21.8857
24.9424
22.5695
20.8043
20.4895
24.6057
24.7975
22.1959
22.4872
20.9044
23.4034
20.8429
20.7117
21.2075
24.746
22.0197
21.6815
20.7298
21.3576
25.1297
21.2473
20.4226
20.797
21.6407
22.0496
20.6063
20.8429
21.6778
22.747
21.9845
20.8687
20.9544
21.7126
20.5822
22.0869
21.0575
21.6087
20.4239
21.349
21.3715
20.7018
20.4724
23.744
21.8569
22.0911
19.4398
21.1646
20.8237
21.0636
22.0614
21.2255
23.4489
22.1255
20.8368
21.8362
20.6952
21.6385
22.1612
21.2511
21.0831
22.5214
21.3548
21.3528
20.404
22.1544
22.1411
23.479
21.8712
22.9243
21.0004
21.0107
22.0057
21.5677
21.9624
