10.1263
10.1044
10.1401
10.1326
10.0352
10.1362
10.0984
10.0338
10.1164
10.084
10.134
10.0346
10.0782
10.1278
10.1326
10.1278
10.1329
10.136
10.1454
10.1156
10.1375
10.0894
10.0931
10.0614
10.1282
10.1083
10.0791
10.1025
10.1012
10.067
9.9902
10.044
10.0752
9.9892
10.0799
10.1113
10.007
10.0696
10.1124
10.0353
10.1095
10.0369
10.0313
10.0786
10.1063
10.0977
10.1394
9.95349
9.96934
10.0821
10.1018
10.0094
10.055
10.0716
10.0404
10.053
10.0153
10.0492
10.0287
10.0581
10.0825
10.0845
10.0454
9.9572
10.1011
10.0661
10.1032
10.1005
10.1052
10.1306
10.081
10.1015
10.1048
10.0104
9.88922
10.0906
9.99383
10.0828
10.0797
10.1103
10.1153
10.1152
10.0281
10.0143
10.1078
10.0183
10.0365
10.0994
10.1304
10.0858
10.1075
10.1212
10.0854
10.0547
10.1389
10.0472
10.0986
10.0825
10.0733
10.036
10.0911
10.0216
10.0729
10.0734
9.99999
10.0333
10.0161
10.0583
9.97119
10.1275
10.0055
10.1098
10.1271
10.0662
10.0758
10.1357
10.0267
10.1103
10.0374
9.96507
10.0184
10.0171
9.94567
10.0627
10.0245
10.0663
10.1053
9.94472
10.0139
10.0441
10.0323
10.0026
10.088
10.0165
9.99915
10.0088
10.1158
10.0812
10.0805
10.1196
9.96886
10.0942
10.0142
10.0017
9.96701
10.0504
10.0189
9.99999
10.1111
10.0689
10.0568
10.064
9.95281
10.0191
9.99054
9.97281
9.99303
10.0857
9.94596
10.0187
9.97994
10.0427
10.0343
10.1067
9.92407
10.0288
10.0352
9.92753
10.0345
10.117
10.029
9.99846
10.1046
9.98979
10.0226
9.9542
10.1357
10.0835
10.0971
10.1164
10.0604
9.94623
9.88572
9.99258
9.97608
10.0221
10.0945
9.8267
9.88371
9.98488
9.88243
10.0565
10.0853
10.1276
10.0831
10.0313
10.0775
10.0295
9.99396
10.0479
