0.108256
0.096735
0.10264
0.09928
0.0628241
0.0154668
0.0139726
0.0145898
0.0147134
0.0144315
0.0143098
0.0151367
0.0145222
0.0145414
0.0146442
0.0145237
0.01488
0.015379
0.0155096
0.0161179
0.0158454
0.0158476
0.0154755
0.0154925
0.0161698
0.0155503
0.0155288
0.0155591
0.0155408
0.015467
0.0152378
0.015129
0.015492
0.0152333
0.0151846
0.0155045
0.0149338
0.0156306
0.015085
0.0153512
0.0154071
0.0156383
0.0152159
0.0155736
0.0154545
0.0153003
0.0154918
0.0147945
0.0152195
0.015424
0.0154305
0.014786
0.0147497
0.0149664
0.0149902
0.0153102
0.0154498
0.0156207
0.0153687
0.0144303
0.0147582
0.0152439
0.0146473
0.0144173
0.0109127
0.00953225
0.0105954
0.0109265
0.0109562
0.00993939
0.0100456
0.00930582
0.00975634
0.00949592
0.00949327
0.00872892
0.00894989
0.00859418
0.00776533
0.00777426
0.00753946
0.00776351
0.00818964
0.00854321
0.00785027
0.00821924
0.0072801
0.0079141
0.00795806
0.00809461
0.00801121
0.00845105
0.00782337
0.00785663
0.00761322
0.00751148
0.00802437
0.00781761
0.00771907
0.00755147
0.00740559
0.00760672
0.00704958
0.00726578
0.00723828
0.0075483
0.00721665
0.00706735
0.00740589
0.00719628
0.00704831
0.00735566
0.00714917
0.006975
0.00747046
0.00660087
0.00688683
0.0072366
0.00706212
0.00714241
0.00677072
0.00683362
0.00695113
0.00720447
0.00672352
0.00678061
0.00695741
0.00716069
0.00667283
0.00702567
0.00689103
0.00681291
0.00698969
0.00645369
0.0067839
0.0065834
0.00676596
0.00685323
0.00649984
0.0065332
0.00674074
0.00655671
0.00659441
0.00683712
0.00624947
0.00642745
0.00646697
0.00637064
0.0063241
0.0065631
0.00611427
0.00657678
0.00647331
0.00661117
0.00622185
0.00647752
0.00655066
0.0064289
0.00664512
0.00662036
0.00649644
0.00645981
0.00656125
0.00599954
0.0066889
0.00630389
0.00602936
0.00628792
0.00634095
0.00615426
0.00620111
0.00631799
0.00644742
0.00657436
0.00606655
0.00630337
0.00588425
0.00615194
0.00614946
0.00639495
0.00623617
0.00613404
0.00649052
0.00618301
0.00604902
0.00666013
0.006051
0.0060949
0.00584448
0.0062816
0.00599229
0.00617748
0.00634384
0.00609841
0.00605103
0.0059546
0.00592139
0.00592907
0.00614721
0.00632
