0.0258861
0.0309276
0.0397682
0.0325707
0.0672192
0.186621
0.241054
0.219416
0.269473
0.279849
0.250862
0.294143
0.257919
0.251427
0.212534
0.268601
0.322234
0.379607
0.502661
0.478673
0.645222
0.741783
0.865929
1.14885
1.30303
1.45055
1.73433
1.89978
2.25371
2.34727
2.45755
2.61637
2.72144
2.85532
3.08002
3.24137
3.4197
3.33986
3.59621
3.56096
3.73013
3.73203
3.71854
3.73973
3.92994
4.00198
4.0524
4.25156
4.15067
4.34297
4.29773
4.37155
4.58492
4.67099
4.69414
4.60606
4.6891
4.7881
4.90925
4.99203
5.01088
5.0384
4.92105
4.96078
5.15811
4.9698
5.03963
4.93857
4.91077
4.72119
4.67943
4.70794
4.60275
4.55213
4.45261
4.34811
4.04544
4.12176
3.95932
3.93428
3.84231
3.77764
3.68734
3.5906
3.46632
3.37559
3.48292
3.27403
3.18773
3.13571
3.02856
2.92363
2.88614
2.94116
2.80156
2.86963
2.771
2.79201
2.70862
2.69687
