0.100971
0.111089
0.11369
0.110016
0.115146
0.115924
0.118279
0.115773
0.115418
0.11597
0.117087
0.114183
0.113038
0.111475
0.111192
0.107298
0.111918
0.109791
0.11048
0.111095
0.110751
0.109508
0.1068
0.10495
0.107423
0.104531
0.104856
0.106519
0.105249
0.102624
0.100673
0.0508202
0.0213297
0.0204264
0.0206909
0.0207064
0.0199654
0.0205645
0.0205813
0.0207726
0.0207659
0.0203993
0.0204255
0.0205242
0.0205084
0.020419
0.020146
0.0209316
0.0211219
0.0208697
0.0205182
0.0201595
0.019626
0.019318
0.0179709
0.0181091
0.0174276
0.0178842
0.0180408
0.0191603
0.0183124
0.0181116
0.0171797
0.0179137
0.0170898
0.0167741
0.0162509
0.0163343
0.0166339
0.0159101
0.0162474
0.0172182
0.0160547
0.0163446
0.0156578
0.0163847
0.0166359
0.0152856
0.0150059
0.0157422
0.015846
0.0156098
0.0151288
0.0156295
0.0151936
0.0146385
0.01486
0.0143495
0.0150316
0.0149274
0.0143897
0.0150108
0.0143678
0.0141905
0.0149895
0.0141161
0.0140365
0.0138622
0.0134465
0.0131313
0.0134132
0.0129611
0.0135012
0.0131694
0.0132454
0.0131146
0.013854
0.0139496
0.0135008
0.0132955
0.013325
0.0131162
0.0133546
0.0128427
0.0131171
0.0132832
0.0126728
0.0135118
0.0129019
0.0129338
0.0127236
0.0130005
0.0126249
0.0128534
0.0123263
0.0124381
0.0124791
0.0128281
0.0123087
0.0117866
0.0124232
0.0124547
0.0123918
0.0119784
0.0124538
0.0114106
0.0120947
0.0118056
0.0123489
0.0122935
0.0120783
0.0119879
0.0119706
0.0114928
0.0113663
0.0114935
0.0108075
0.0113738
0.0120714
0.0110673
0.0117164
0.0115872
0.0117997
0.0110523
0.0117097
0.0110923
0.0105963
0.0113307
0.0109547
0.011404
0.0110677
0.0108346
0.011938
0.0113642
0.0106761
0.0108368
0.0108558
0.011091
0.0104075
0.0109295
0.0110595
0.0104249
0.0106225
0.0117215
0.0104085
0.0108879
0.011353
0.0104392
0.0110422
0.0106874
0.0107022
0.0106865
0.0108105
0.0106725
0.0105431
0.0107865
0.010428
0.0108114
0.0102887
0.0109677
0.0104385
0.0101165
0.00998919
0.0101947
0.00981001
0.0102766
0.00995236
0.00995827
0.0103738
0.0103666
