18.205
18.4134
18.2699
18.8421
18.6983
18.8255
18.6229
18.3403
18.6588
18.6537
18.5877
18.6269
18.5851
17.7827
18.4605
18.1907
18.8695
18.5757
18.7502
18.176
18.0932
18.1639
18.7497
18.4411
18.5664
18.4329
18.564
18.4264
17.8465
18.5918
18.6369
18.245
18.2179
18.6815
18.7467
18.6006
18.4621
18.4558
18.3636
18.2516
18.835
18.3527
18.2537
17.6543
18.7851
17.979
16.4704
17.474
17.3559
18.6218
17.9995
17.7088
17.597
17.4491
16.8662
18.1946
18.3263
16.8954
18.2211
17.1852
18.3366
18.1465
18.9888
18.1423
17.9005
17.6864
16.0956
18.2332
18.2289
18.5277
15.9454
17.1104
18.1666
16.1312
16.0001
17.0838
16.9881
15.9362
16.1558
16.4236
16.1453
18.366
15.8955
17.5636
16.0761
15.8703
17.8096
16.4645
18.202
17.6566
17.8932
16.0559
16.0809
15.9422
16.1336
17.1816
17.2593
15.976
17.1567
16.3473
18.3716
15.9718
17.3
16.92
16.0196
16.2887
16.8601
16.1567
17.239
16.6961
16.0171
16.1571
16.3452
17.3938
17.4557
17.4548
17.0144
16.0493
16.4454
15.9263
17.7189
15.7288
16.8134
16.7881
16.5679
16.1411
17.147
16.1911
16.5427
16.2546
15.7853
18.3486
17.5426
16.4833
15.863
16.0343
18.0624
15.6839
15.4259
15.9494
15.9074
17.4921
16.6431
16.0371
15.5657
16.2922
15.7868
16.1336
15.9441
15.8565
17.0439
15.4401
15.8283
16.0967
16.7359
15.8235
16.3246
16.0495
16.326
15.9034
19.4322
16.0646
16.6674
18.1289
16.1586
16.5313
16.4074
16.5954
15.8094
16.3268
16.1286
16.5182
17.1149
18.2107
15.1786
16.6979
15.5921
15.9656
16.1175
15.936
17.9194
17.3064
16.6441
17.805
17.0211
16.0991
16.4822
16.3046
16.5868
15.8696
16.0296
16.2776
15.8602
16.1536
16.1357
16.1575
16.0525
16.5238
16.1901
17.6004
