95.9807
94.5957
92.5876
92.0529
103.921
104.425
106.882
105.269
103.629
96.8379
92.8798
93.7696
97.0521
92.482
91.3594
96.6228
98.001
93.7332
97.8536
95.6498
99.2661
97.9886
94.9773
100.565
105.252
115.621
120.864
131.911
137.446
139.32
137.324
137.412
131.817
135.77
138.773
136.166
135.216
133.021
134.535
136.287
133.564
132.571
130.832
125.076
128.597
123.824
122.357
123.57
119.907
119.923
117.307
118.915
116.831
114.686
112.812
112.83
113.775
113.853
112.398
112.302
108.444
107.859
106.777
106.547
106.078
104.065
102.428
102.32
105.054
101.307
101.033
101.738
99.2197
99.3689
96.919
97.9764
96.2923
93.5591
93.8653
96.0774
93.5274
93.0969
92.1659
89.6825
91.6757
89.8692
89.0208
90.0604
86.5927
88.3719
85.541
86.2335
86.416
83.5959
83.1436
83.1432
81.8511
82.3487
81.9578
80.4316
80.9934
81.1842
78.7255
77.9348
78.1795
77.2028
75.178
75.9979
74.8943
75.9394
75.3468
75.518
72.7362
71.5148
74.4468
71.9529
72.465
71.7947
71.4218
71.1436
71.3913
70.3641
70.1216
69.3513
70.0889
70.1215
68.1102
68.768
66.5915
67.1337
66.601
67.0654
65.4135
66.3466
64.3523
64.781
64.4962
63.4523
63.7452
63.709
63.9815
62.2075
61.6806
61.7955
60.6568
62.1186
61.2257
60.0875
61.1763
60.1634
59.4509
60.4507
58.8193
58.0507
59.0115
57.6847
58.9193
58.1401
56.0693
57.3096
57.1013
56.361
33.0916
2.22956
2.41106
2.70767
2.61122
2.6673
2.64675
2.39102
2.21208
2.15706
2.67371
2.81197
2.60634
2.88362
3.02104
2.80629
2.90197
2.78083
2.81945
2.91044
2.84982
2.88937
2.68466
2.84666
3.06459
2.70613
2.71848
2.84849
2.48346
2.79072
2.97828
2.75784
2.98102
2.59762
2.85192
2.83643
2.74807
2.88415
