16.6305
16.5236
16.6071
16.6083
16.574
16.6307
16.6019
16.6303
16.5719
16.6283
16.61
16.6263
16.6005
16.6187
16.61
16.626
16.6282
16.6294
16.5747
16.6461
16.6427
16.5931
16.6351
16.5784
16.5675
16.6229
16.53
16.5762
16.547
16.4206
16.5574
16.5831
16.6172
16.5355
16.6544
16.6391
16.5457
16.6007
16.608
16.5323
16.6121
16.4532
16.4884
16.5571
16.5212
16.603
16.5505
16.4655
16.4344
16.4268
16.5284
16.4886
16.5628
16.4372
16.5915
16.5125
16.4914
16.4624
16.4943
16.5732
16.5329
16.5924
16.3962
16.5364
16.5154
16.6126
16.5417
16.5278
16.6047
16.5068
16.5644
16.4281
16.4597
16.5344
16.4844
16.4426
16.5672
16.4304
16.4299
16.4497
16.4099
16.4471
16.5548
16.5899
16.6298
16.4127
16.494
16.3362
16.5172
16.5114
16.498
16.4736
16.5696
16.6046
16.5053
16.5512
16.3373
16.4814
16.4292
16.5042
16.3802
16.3829
16.492
16.5636
16.4672
16.5652
16.5937
16.4586
16.504
16.5399
16.5994
16.4058
16.5499
16.4636
16.4195
16.556
16.5591
16.3772
16.464
16.362
16.5048
16.5988
16.5358
16.489
16.2894
16.3976
16.4577
16.5424
16.3646
16.6121
16.2962
16.2864
16.2365
16.3936
16.3909
16.5215
16.3564
16.4796
16.3026
16.3875
16.5457
16.4882
16.2941
16.3389
16.3687
16.337
16.2911
16.2646
16.4161
16.4534
16.3792
16.354
16.3067
16.3835
16.4123
16.4502
16.3362
16.4714
16.2131
16.2656
16.4645
16.3521
16.5759
16.336
16.0309
16.2624
16.4838
16.2654
16.3629
16.3219
16.1421
16.2889
16.4562
16.5523
16.4408
16.1833
16.3825
16.4992
16.2296
16.534
16.4614
16.2725
16.4458
16.3865
16.3141
16.2805
16.39
16.3736
16.3685
16.3735
16.268
16.4565
16.1571
16.2051
16.5478
16.1952
16.3941
16.1144
16.5508
16.2703
