0.306851
0.0678002
0.0555656
0.0494461
0.0407145
0.0367995
0.0377784
0.0355717
0.0355387
0.0353676
0.0373538
0.0414702
0.0375342
0.0411006
0.0451904
0.0407701
0.0424736
0.0407642
0.0425264
0.0389715
0.0428575
0.0442042
0.0452485
0.0436552
0.0464481
0.0459397
0.0466684
0.0442003
0.0456565
0.0448253
0.0463685
0.0455811
0.045217
0.0460974
0.0498921
0.0477789
0.0529681
0.0520499
0.0495231
0.0510611
0.0551769
0.0542164
0.0552164
0.0532568
0.0531586
0.0519885
0.053938
0.0551979
0.0571765
0.0570941
0.0584802
0.0589053
0.058984
0.0620132
0.0650802
0.0666639
0.067855
0.0723556
0.0709701
0.0719117
0.0749551
0.075123
0.0755956
0.0783135
0.0793879
0.0798511
0.0817318
0.08295
0.0814957
0.0878723
0.0917944
0.0930523
0.0924668
0.0944238
0.09469
0.0941464
0.0972891
0.104245
0.104564
0.106138
0.111538
0.112965
0.110274
0.116145
0.122242
0.128186
0.133555
0.14019
0.150192
0.151737
0.152986
0.161853
0.170585
0.174239
0.183985
0.181466
0.194937
0.196638
0.197074
0.212938
