0.318818
0.250794
0.252971
0.242979
0.256562
0.244193
0.249604
0.105568
0.0404884
0.0404929
0.0404563
0.0400115
0.0419102
0.0400222
0.0408944
0.0400955
0.0403553
0.0404322
0.0406073
0.0413501
0.040465
0.0402921
0.0405519
0.0403275
0.0294168
0.0270464
0.0300291
0.0305148
0.0294975
0.0300393
0.0297695
0.0290026
0.0282408
0.028808
0.02656
0.0229971
0.0261163
0.0275065
0.0267839
0.0267207
0.027569
0.026747
0.0269966
0.0280707
0.0274962
0.0278729
0.0276202
0.0277477
0.0283626
0.027707
0.027599
0.026898
0.0272086
0.0278189
0.027414
0.0271204
0.0268236
0.0271414
0.0271755
0.0275806
0.0258215
0.0265486
0.0267186
0.0261596
0.026905
0.0269925
0.0269132
0.0269211
0.0264175
0.0255069
0.0278166
0.0270631
0.026573
0.0260781
0.0266404
0.0261003
0.027728
0.027438
0.026481
0.0260567
0.0254444
0.0251435
0.0258875
0.025422
0.0269953
0.0266151
0.0246321
0.0254412
0.0256073
0.0240364
0.0254378
0.0262997
0.0255406
0.0253441
0.0249552
0.025601
0.0251675
0.0236338
0.0237815
0.024908
0.0249733
0.0243343
0.0253677
0.0261254
0.0240229
0.0234592
0.0249681
0.0243646
0.0241222
0.0258441
0.0251646
0.0236863
0.0239431
0.0238454
0.0248901
0.023962
0.023843
0.0238362
0.02282
0.0238706
0.0233103
0.0240639
0.0231319
0.0229252
0.0233213
0.0232941
0.0235985
0.0223675
0.0230385
0.0226948
0.0236866
0.0230657
0.0225303
0.0229298
0.0233836
0.022713
0.0234762
0.022817
0.0227202
0.0229315
0.0232785
0.0222832
0.0222129
0.0222408
0.0222218
0.0226835
0.0216324
0.0229802
0.0218884
0.0225505
0.0217067
0.0217214
0.0213503
0.0214546
0.0209385
0.0211499
0.0205807
0.0195999
0.0186498
0.0181799
0.0197557
0.0205217
0.0196462
0.0204654
0.0198671
0.0198981
0.0187245
0.0189526
0.0184298
0.0180797
0.0196139
0.019831
0.0191383
0.018335
0.0185329
0.0190705
0.0193897
0.0191898
0.0180161
0.0183333
0.0184811
0.0189699
0.0184944
0.0183288
0.0179338
0.0177896
0.0185769
0.01845
0.0184413
0.0181339
0.0177653
0.0184334
0.0186349
0.0178284
0.0183137
0.0177009
0.0193242
0.0182255
0.0179971
0.0177685
