112.158
112.176
112.187
112.047
111.896
112.345
112.293
112.133
112.1
112.322
112.193
112.088
112.055
112.397
112.134
112.042
111.825
112.258
112.065
112.141
112.115
112.257
111.728
112.074
112.351
112.227
111.953
112.152
112.159
112.245
112.077
112.318
112.23
112.11
112.343
112.341
112.399
111.852
112.089
112.409
112.155
112.273
112.271
112.346
112.286
111.897
112.161
112.32
112.37
112.28
112.116
111.994
112.036
112.33
110.748
112.201
112.236
112.103
111.599
111.982
111.998
111.678
111.94
112.081
111.963
112.026
111.858
112.191
111.574
111.357
111.618
111.795
111.502
111.292
111.032
110.663
111.25
110.742
111.049
111.857
111.184
111.704
110.465
110.262
112.347
110.867
109.752
110.847
111.407
112.012
111.481
111.441
110.466
110.895
111.468
110.879
110.495
109.703
109.274
111.991
110.74
110.326
110.958
110.817
109.687
110.033
110.341
110.114
109.898
111.855
108.381
109.495
108.117
110.051
109.914
110.73
108.961
110.706
108.512
108.6
103.947
104.119
109.342
110.156
109.597
109.785
111.566
109.025
110.084
109.064
108.781
111.072
110.167
109.852
109.251
110.175
109.306
109.507
109.062
108.103
108.955
109.941
108.965
109.695
111.006
107.72
110.659
111.293
110.383
109.073
109.377
110.221
110.894
109.526
108.266
109.1
107.247
108.577
108.644
109.919
109.133
107.843
108.823
107.378
107.853
109.668
109.29
109.535
109.984
106.689
105.769
108.274
109.739
109.829
108.389
106.889
105.346
109.254
108.499
109.113
107.623
109.599
111.572
110.658
109.623
108.153
109.587
110.333
110.961
108.263
108.411
110.74
111.249
108.206
110.87
108.312
110.884
108.369
107.564
109.767
