33.1144
31.5738
36.1194
34.2813
35.8077
35.004
34.9546
37.7096
38.0872
36.7077
37.2388
34.8505
37.4153
35.6356
36.3824
37.1334
36.378
35.1126
37.1265
37.3529
38.8132
36.317
36.9801
38.5893
38.5707
37.7021
38.3726
36.2809
38.2024
38.0209
38.5697
36.4282
37.9226
39.6023
38.0018
36.8312
38.1613
36.8447
35.142
35.7757
35.9589
35.3995
34.6294
33.5332
31.4831
30.3936
31.0377
28.6989
27.1753
25.7714
24.3539
22.8666
20.9331
19.953
20.0706
18.5018
17.7489
18.9197
18.6336
18.3266
18.9144
18.4111
18.1177
18.6207
17.8734
17.4937
18.1513
17.4618
17.9709
17.8347
17.8381
17.8332
17.4251
16.6864
17.6822
18.5429
17.2435
17.3301
17.5779
16.8056
16.8695
17.2305
15.4913
11.0524
12.9003
14.165
14.6277
15.3738
15.8594
16.2627
15.995
15.0381
15.4959
15.726
15.8212
15.1024
16.0146
15.4225
15.8546
15.6992
15.8009
15.8194
15.7723
15.7754
16.1898
16.4249
16.2619
16.0206
16.1067
15.9084
15.6982
15.8743
15.6415
16.6497
16.5313
15.8322
16.1433
16.0965
16.3597
16.5224
16.3744
16.4472
15.793
15.6229
16.7515
16.0329
16.3622
16.6233
16.0292
15.4268
16.324
16.071
15.99
15.8227
15.7239
16.0262
16.0477
16.6312
15.9098
15.6013
15.4328
15.864
16.1235
16.9275
15.649
16.0178
15.7987
15.218
15.1261
15.6003
15.7078
15.0645
15.45
15.7302
16.058
16.3167
15.9635
15.7723
16.3419
15.1575
15.2901
15.8142
15.1502
15.6019
15.1721
15.1737
15.5041
14.8031
15.6425
15.7811
15.5744
15.0976
15.7075
15.5626
14.8334
15.3591
15.3837
15.2346
15.0864
14.8946
14.7814
15.3404
14.939
14.6672
14.9052
15.0026
14.6736
14.7895
14.3582
14.508
14.5732
14.0198
14.4465
13.7237
15.0983
14.0839
14.2891
14.7455
14.6038
14.266
