64.0465
63.6814
63.7154
64.1252
64.1531
64.0752
63.974
63.917
63.741
63.8219
63.9388
63.6761
63.501
64.2074
64.0856
64.2163
63.8008
63.767
63.8317
63.4848
63.6174
63.9254
63.9425
63.574
63.9029
63.6623
63.863
64.1253
64.1061
63.7644
64.1722
64.0411
64.0912
63.342
63.8217
63.3474
63.9546
63.2768
63.269
63.8222
63.9476
62.8558
64.0861
62.8235
63.6753
64.0831
63.722
63.6027
63.6725
63.5844
62.7574
64.0123
62.9771
63.6499
63.3796
62.8481
62.6691
62.2315
63.0865
63.4275
63.6183
63.4985
63.2786
63.29
62.6009
62.7846
61.5595
63.3672
62.4004
63.1937
62.755
62.227
62.1025
61.6621
61.4639
61.46
62.0441
62.0533
62.9779
61.3474
62.5556
63.1523
63.1517
63.3836
63.8703
62.8837
62.0222
61.811
61.4255
62.4017
62.3387
61.846
62.7686
62.1867
61.4994
60.9577
62.1151
61.4462
61.5569
63.3903
63.1901
62.2505
63.9609
62.3791
62.5411
63.301
62.4013
61.6575
61.438
60.934
63.8464
62.115
62.1602
61.8086
59.5023
62.247
62.3573
62.5563
62.4997
60.6794
63.0529
61.1008
62.471
62.2817
61.7086
62.1313
61.6336
60.7343
60.9175
62.1249
61.8086
61.0175
60.8046
61.2699
61.3222
60.4304
61.3745
61.1373
61.6564
60.877
61.8885
61.6622
62.5047
60.3476
61.2761
61.7376
63.1945
62.0218
61.483
60.1452
61.0059
61.5787
61.7099
61.4914
60.0584
61.1776
60.2789
61.2974
61.8534
62.7552
62.1818
62.5068
59.7389
63.0068
61.3671
61.4625
63.7244
61.8271
60.9572
60.6394
61.0753
60.4801
60.8344
59.6731
61.2497
62.6538
59.9744
61.1458
60.6083
61.2825
61.9732
61.1931
60.6794
61.6342
61.3673
61.4571
61.2536
60.6205
61.2885
61.0579
61.0464
61.4778
60.5263
60.8988
60.8872
60.6931
61.312
61.0441
59.7037
60.5801
