585.972
639.949
573.799
595.952
562.993
564.136
544.375
539.942
525.714
501.362
504.587
489.755
478.165
476.301
477.463
471.428
475.869
479.947
461.697
473.128
478.18
459.492
461.177
482.697
472.257
464.025
455.707
461.811
434.294
441.574
439.387
451.953
440.629
426.807
442.814
436.203
444.45
451.213
438.234
429.026
438.024
424.979
431.077
430.695
434.461
440.476
466.091
481.311
475.437
511.13
541.27
522.386
521.253
526.397
511.523
518.05
496.434
497.565
490.295
496.394
482.135
475.21
470.335
463.493
457.631
450.757
471.206
467.447
455.983
464.001
451.535
449.508
441.305
446.582
439.409
440.639
427.981
433.519
430.601
418.226
426.524
424.713
416.57
415.868
406.465
397.204
401.44
398.109
402.001
401.215
383.408
383.574
380.153
368.574
373.168
376.554
370.006
379.739
368.483
375.747
370.362
369.934
353.048
358.931
366.073
367.724
367.376
386.562
361.696
363.035
373.535
359.403
349.721
357.878
348.934
340.389
339.665
354.446
341.137
338.494
334.512
333.497
333.049
336.793
327.426
326.479
327.492
326.244
319.203
322.717
319.452
322.185
312.87
307.586
308.619
317.354
306.691
305.365
306.03
310.388
296.952
300.476
297.307
300.664
291.442
295.105
291.568
289.862
285.048
287.481
285.443
278.309
278.456
276.51
277.13
278.973
278.946
264.396
268.926
264.27
274.982
266.199
270.997
265.274
265.677
261.664
258.13
261.801
259.017
252.662
254.344
261.615
251.108
260.567
250.974
254.505
246.445
249.426
241.66
242.882
251.468
248.702
243.953
242.076
234.719
234.108
245.627
245.697
229.827
244.276
233.469
231.028
232.245
227.093
228.817
227.318
230.404
228.925
226.144
219.378
