70.9466
70.9713
70.9538
70.6527
70.8453
70.7765
70.88
70.9653
70.8413
70.9655
70.8483
70.983
70.9643
70.7085
70.9586
70.7111
70.916
70.9455
70.8457
70.7042
70.7032
70.7205
70.9758
70.8483
70.9814
70.8455
70.9433
70.8424
70.9921
70.9648
70.8915
70.8093
70.8561
70.6108
70.82
70.8873
70.5057
70.9702
70.4077
70.3179
70.3734
70.1642
70.8141
70.8006
70.3248
70.6056
69.8197
70.8134
70.2511
70.1241
70.43
69.9487
69.1896
69.5934
70.6342
70.4373
68.8083
70.4771
70.2723
70.5583
69.2292
69.4978
70.4115
70.3336
70.0568
70.2257
70.3986
70.504
70.203
70.3799
69.7408
69.9528
69.0665
69.4565
69.4595
69.9462
69.0368
70.0159
68.6293
69.6485
69.6531
68.6628
69.1247
68.4665
69.472
69.2969
69.4783
68.8123
68.6045
69.6871
70.0143
69.4905
68.8902
68.5991
68.4799
68.2814
69.3063
68.5329
67.7795
67.484
69.0635
69.3868
68.1234
67.7041
68.7218
68.8102
67.599
68.4892
68.9557
67.3086
67.754
67.0826
66.4891
69.4284
69.1212
67.0286
68.606
67.9654
67.7895
66.7569
66.7218
66.1653
69.4884
66.4554
68.2665
66.1661
67.6314
66.6354
66.5956
66.6733
68.7998
67.4067
67.4186
66.2289
69.7951
68.8696
68.2563
69.343
68.2946
66.5464
66.2095
68.4062
67.3259
69.0413
67.4502
66.7292
65.5099
67.7443
66.283
67.3992
65.7262
68.6495
66.3819
67.4965
65.8846
66.7324
66.6412
66.8998
66.7361
66.3756
67.4529
65.4903
67.4619
65.7148
65.9313
66.1948
66.1855
65.869
66.2856
68.328
66.9523
64.3888
65.1275
66.6029
68.6626
66.9971
66.3057
67.7932
66.207
66.0247
68.9156
65.3878
65.6483
67.0146
67.5651
66.1779
66.0946
67.2139
68.3666
66.4682
65.5767
64.8756
66.5549
65.7261
66.8887
66.1592
66.7005
65.9401
67.3186
66.3968
