522.831
545.068
479.343
469.677
470.014
480.827
475.662
477.04
451.2
433.611
432.086
427.637
440.628
431.395
427.503
438.674
427.195
415.848
405.096
419.864
415.558
397.153
400.664
391.813
401.548
408.01
402.649
393.212
389.298
393.954
390.83
386.352
384.788
385.159
383.81
379.583
389.615
382.466
400.142
406.56
422.578
433.882
446.701
458.056
466.57
463.498
442.658
444.489
446.556
438.39
435.026
438.036
423.446
426.725
418.806
424.747
420.4
410.341
410.297
403.497
397.632
398.787
404.48
385.612
384.675
389.008
386.91
384.632
374.477
368.018
367.172
366.792
369.767
354.184
369.193
348.909
353.414
357.676
351.215
337.344
338.086
343.506
325.287
335.7
328.666
329.394
328.691
326.849
321.254
316.535
311.899
311.07
314.494
310.458
312.208
302.412
312.537
308.281
300.956
298.702
292.601
295.302
292.287
295.55
291.793
287.338
286.528
283.177
283.731
277.41
282.707
278.097
271.201
271.735
260.757
268.717
268.042
269.765
259.169
259.736
260.119
260.776
255.327
255.879
258.687
257.451
251.36
246.859
251.707
248.594
242.236
239.237
244.247
239.276
241.629
242.02
244.614
243.23
244.008
236.19
240.878
245.35
233.666
241.137
238.472
230.191
233.244
222.704
232.276
238.048
227.181
224.725
234.198
223.825
227.556
219.936
222.696
218.119
220.742
216.549
216.757
213.236
217.07
215.218
207.953
208.876
213.384
209.864
210.541
209.518
204.666
212.079
203.596
206.418
204.896
207.401
199.179
201.066
196.801
195.747
200.81
198.793
198.033
199.276
198.321
192.357
194.913
193.77
192.264
198.394
191.19
189.54
192.384
186.449
188.738
202.624
188.102
184.023
189.26
195.126
