6.0573
4.98236
8.839
6.71381
5.64924
7.37554
5.79315
7.67357
5.99633
10.0412
5.57325
5.49214
5.56583
7.77209
6.43136
6.33534
5.54915
6.88896
6.51268
5.60166
5.58683
6.31645
7.271
8.17531
5.85879
7.64622
6.59562
5.62424
5.62834
8.96626
7.34841
6.31542
5.80077
6.09921
5.6141
5.62225
6.64228
6.53896
7.29067
6.92677
5.65948
5.61857
5.97229
7.28188
7.28192
5.6863
6.68846
6.56348
7.28188
8.0799
7.282
5.6328
7.33097
7.30592
7.76868
7.06527
7.33434
7.33552
7.8119
7.68196
8.07991
8.30554
8.40361
8.43174
7.68366
8.16266
7.97677
8.07782
8.0616
8.08743
8.57358
8.24563
8.14279
8.13884
8.08527
8.13767
8.07045
8.07992
8.0799
8.25577
8.20063
8.25639
8.63599
9.65691
8.131
8.07221
8.19899
10.6764
5.12934
5.87686
7.43519
9.68817
6.59481
6.55843
9.80193
10.6764
9.33056
7.32488
7.51769
7.58408
