4.78209
4.81098
6.05109
6.46349
5.00546
6.8984
6.16671
5.53808
7.35396
5.26556
5.49253
8.00507
7.12201
5.51153
7.56894
6.14898
5.60407
7.51879
4.63765
8.17055
6.67781
5.60454
5.66885
6.65177
6.19686
6.31764
9.91556
5.60407
5.60669
5.82236
7.2647
6.91033
7.24661
6.78197
6.47723
7.37603
8.14155
7.28188
5.63354
6.44291
5.63375
9.07537
6.2425
6.79049
6.13396
8.79663
7.27687
8.26885
8.23386
8.87149
8.37566
6.78102
7.85139
7.08041
10.6764
8.10661
10.6764
7.98763
7.66357
11.0284
7.07495
10.6764
10.6745
10.511
10.6764
10.6764
10.9437
10.6764
10.7642
10.7167
10.6928
10.7519
10.6788
10.7428
10.7614
10.6778
10.6811
10.6769
10.6818
10.7167
10.6908
10.7192
10.7232
10.6767
10.7708
10.6922
10.8247
10.7679
10.7961
10.7587
10.7624
10.8098
10.6793
10.9449
10.7188
10.7188
10.6793
10.6791
10.6774
10.7119
