0.0175587
0.0351498
0.0527431
0.0704575
0.0881972
 0.106064
 0.123927
 0.142003
 0.160221
 0.178623
 0.197015
 0.215558
 0.234343
  0.25339
 0.272489
 0.291563
 0.310829
 0.330414
 0.350219
 0.369827
 0.389413
 0.409293
  0.42962
 0.449664
 0.469392
  0.48931
 0.509863
 0.530144
 0.549833
  0.56957
 0.590019
 0.610266
 0.629731
 0.649099
  0.66913
 0.689065
 0.708136
 0.726977
 0.746348
 0.765757
 0.784342
 0.802592
 0.821185
  0.83996
  0.85809
 0.875858
 0.893756
 0.911895
 0.929684
 0.947228
 0.964766
  0.98242
