1.10791
1.13204
1.1117
1.14103
1.17912
1.20094
1.11724
1.10158
1.10854
1.09419
1.1056
1.14669
1.13911
1.11161
1.11407
1.20008
1.11865
1.12018
1.14425
1.11625
1.1115
1.09748
1.086
1.09773
1.09369
1.1014
1.1185
1.11086
1.09465
1.09014
1.12913
1.12618
1.13176
1.11612
1.0973
1.10492
1.1515
1.10722
1.13293
1.10393
1.16926
1.10257
1.18508
1.11531
1.11179
1.11522
1.09448
1.12318
1.1179
1.09555
1.12724
1.12089
1.13175
1.09213
1.14338
1.11168
1.1218
1.09658
1.10682
1.11411
1.13853
1.15026
1.11624
1.11858
1.13675
1.11309
1.12709
1.15337
1.17308
1.14607
1.20908
1.23279
1.09449
1.10148
1.13226
1.21088
1.13906
1.18083
1.11949
1.20921
1.1172
1.15841
1.16897
1.16792
1.1566
1.12798
1.20845
1.21846
1.1821
1.16833
1.11789
1.14508
1.1905
1.28466
1.26217
1.11678
1.11083
1.15836
1.24219
1.11715
1.28535
1.28096
1.21287
1.14544
1.13482
1.23226
1.19061
1.33373
1.25576
1.17005
1.17894
1.21607
1.23777
1.17079
1.27857
1.13654
1.24531
1.25417
1.17836
1.23869
1.2376
1.19012
1.21182
1.209
1.18299
1.18126
1.16984
1.29756
1.23845
1.22659
1.28462
1.25999
1.22224
1.27648
1.24572
1.17319
1.28564
1.24027
1.21813
1.14506
1.23722
1.20911
1.2131
1.25189
1.19363
1.26235
1.25026
1.23275
1.25336
1.2554
1.2545
1.2176
1.23855
1.2108
1.18213
1.29034
1.27279
1.16839
1.30825
1.23645
1.26046
1.26022
1.24478
1.31189
1.2703
1.3381
1.24429
1.25182
1.21858
1.29819
1.2571
1.1778
1.26134
1.29411
1.25177
1.2365
1.19886
1.24979
1.32067
1.25356
1.25552
1.24244
1.25857
1.30105
1.29281
1.25288
1.24077
1.34063
1.28112
1.24988
1.24908
1.26653
1.24011
1.25385
1.25806
1.2439
1.24479
1.21867
1.27353
1.26038
