10.1411
10.1038
10.1109
10.0803
10.1109
10.112
10.1247
10.1321
10.0853
10.1378
10.1032
10.0919
10.111
10.1433
10.0518
10.0877
10.1445
10.1018
10.077
10.1332
10.1092
10.1285
10.0291
10.0363
10.0882
10.0736
10.0939
10.063
10.0858
10.0347
10.0805
10.1279
10.0334
10.0443
9.99374
10.0225
9.99221
10.035
10.0611
9.95934
10.1259
10.019
10.0763
10.0786
10.0287
9.96667
9.98599
10.1053
9.93879
10.0269
10.0631
9.98464
9.96348
9.9739
9.98893
9.97048
10.0401
9.8691
10.0239
10.0811
10.0046
9.99684
9.9251
9.94364
9.95441
10.039
9.91174
9.93742
10.0058
9.98835
9.98134
9.97752
9.9333
10.0184
10.1087
10.0196
9.9971
9.99512
9.83821
9.95354
9.95283
10.0584
9.94595
10.0563
9.91522
10.1158
10.114
9.9647
9.92991
10.0605
10.0029
10.039
9.95617
10.0461
10.0381
10.0854
9.89137
9.99385
9.99888
10.0675
10.1327
10.042
10.0803
10.0801
10.1454
10.0559
10.0755
9.97146
10.0697
10.0997
10.0914
10.0685
10.1454
10.1372
10.0634
10.1368
10.0412
10.1023
10.0288
10.0716
10.1027
10.0518
10.1008
9.98736
10.0519
10.1401
9.96871
10.0645
10.0524
10.0695
10.0708
10.0781
10.0296
10.1336
10.0417
9.98909
10.0766
10.098
9.98262
9.97627
10.0535
10.1224
10.1369
10.0507
10.0504
10.1047
10.1309
9.91477
10.0286
9.9434
9.9451
9.92939
10.045
10.0342
10.0572
10.093
9.91534
10.0489
9.97862
9.96361
9.89556
9.99913
9.92858
9.98233
9.9632
9.87877
9.89862
10.0838
10.111
10.1264
9.90162
10.0028
9.97723
9.97815
9.95828
10.0871
9.93897
10.0721
10.0526
10.0135
10.0953
9.87184
9.9228
9.91791
10.0416
10.097
10.0294
9.8353
9.91512
10.0273
9.95303
10.1131
10.0151
10.1337
10.0925
9.94166
9.99436
10.0159
9.85718
9.99872
