3.30518
3.33396
3.04534
3.23705
5.02727
7.02764
6.4973
5.78413
5.71399
6.06484
6.00389
6.00629
6.86891
7.20747
6.64822
6.18833
6.30608
6.39216
6.53613
6.74207
6.49748
6.70064
6.43911
6.71485
6.4671
6.41834
6.60535
6.51476
6.62604
6.46364
6.56448
6.46656
6.59841
6.50903
6.50534
6.59413
6.4886
6.47598
6.54566
6.5225
6.46934
6.61271
6.5447
6.41654
6.51196
6.51265
6.43957
6.34443
6.49041
6.34679
6.18076
6.10511
6.05791
6.11648
6.09504
6.0652
5.89681
5.90626
5.99085
6.0574
5.83163
5.85284
5.75092
5.81379
5.75109
5.75279
5.64733
5.6315
5.66472
5.70348
5.76324
5.60473
5.7146
5.63039
5.6407
5.5269
5.60626
5.58703
5.59363
5.52969
5.45696
5.36368
5.36937
5.27385
5.42223
5.33088
5.34789
5.31662
5.16421
5.30677
5.18351
5.17737
5.24427
5.10175
5.18574
5.18202
5.09762
5.07839
5.07317
4.944
5.07335
4.92933
4.92155
4.93133
4.82352
4.85371
4.65633
4.74375
4.62654
4.76171
4.83242
4.73532
4.70924
4.66554
4.65041
4.49977
4.62463
4.55567
4.52038
4.39274
4.49305
4.4452
4.40074
4.38161
4.20738
4.27073
4.28654
4.41293
4.34925
4.49355
4.42477
4.41773
4.23961
4.23978
4.2042
4.28776
4.06646
4.12845
4.04037
4.08351
4.10665
4.10694
3.93634
4.04641
4.07753
4.03181
4.04985
3.93493
3.91931
3.97574
4.0143
3.95739
3.77144
3.8017
3.88321
3.98688
3.94323
3.82645
3.78422
3.84422
3.78394
3.7469
3.63602
3.70186
3.63558
3.64643
3.65747
3.59899
3.65625
3.52915
3.71194
3.5332
3.51539
3.60217
3.56586
3.54572
3.57393
3.5126
3.56861
3.47344
3.44899
3.3906
3.36583
3.38492
3.39125
3.38589
3.26579
3.37091
3.48509
3.24596
3.20673
3.16755
3.3106
3.31124
3.2888
3.25841
3.27007
3.30343
3.19198
3.14398
