9.80812
10.5327
9.04345
11.1235
9.11866
10.4549
9.50119
9.88233
10.3821
9.16535
10.6504
10.427
10.2194
10.4528
11.1546
10.3462
10.5104
10.5026
10.6397
10.305
11.2933
11.3624
10.21
11.1866
10.847
11.1806
11.2109
10.528
11.3733
10.866
10.5036
11.7623
10.6989
11.1913
11.2755
11.355
11.703
11.3463
11.4607
11.25
11.6013
11.4974
11.661
11.2954
11.3504
11.3848
11.6309
11.3242
11.297
11.9914
11.5443
11.5934
11.4385
11.7951
11.2996
11.6343
11.6417
11.4487
11.658
11.0871
11.4659
11.5684
11.8841
11.5764
11.6838
11.6713
11.6386
11.6371
11.448
11.803
11.6262
11.6063
11.6504
11.923
11.7323
11.8542
11.7239
11.6071
11.6757
11.7642
11.5575
11.6788
11.6646
11.7487
11.7252
11.9017
11.7376
11.8911
11.7288
11.648
11.8634
11.9377
11.6311
11.8885
11.8908
11.7454
11.8901
11.474
11.5357
11.8915
11.5137
11.7283
11.6927
11.838
11.9144
11.635
11.8776
11.6471
11.7115
11.6843
11.6001
11.7642
11.7964
11.9262
11.7369
11.8913
11.4788
11.5657
12.0435
11.8604
11.4752
11.6359
11.8512
11.9502
11.4712
11.6704
11.8675
11.7755
11.8365
11.7241
11.5595
11.542
11.6438
11.5851
11.98
11.8376
11.6469
11.9048
11.5821
11.7882
11.8953
11.7938
11.9942
11.8809
11.8322
12.0252
11.6917
11.7877
11.7884
11.7283
11.6956
11.834
11.569
11.5384
11.3269
11.9235
11.6905
11.9387
11.9524
11.8794
11.911
11.7208
11.7903
11.4714
11.7276
11.9802
11.3796
11.806
11.6171
11.4574
11.6786
11.647
11.762
11.7016
11.835
11.822
11.7237
11.7656
11.5286
11.7127
11.9324
11.6383
11.5422
11.7298
11.7997
11.9785
11.6316
11.5556
11.4913
11.6701
11.9837
11.7288
11.9062
12.0051
11.8139
11.5263
11.6704
11.7884
11.6013
11.6355
