19.3191
18.3891
19.775
19.3407
19.6564
19.239
19.454
19.0502
19.8391
19.7559
20.0466
18.4899
19.6956
18.6052
19.8167
19.7901
18.9664
19.1575
18.8573
19.8851
18.8112
19.2271
19.7741
19.4575
19.2524
19.6396
20.0989
20.1135
19.3945
19.724
19.0132
19.1823
19.4823
19.3859
18.9449
19.0577
19.561
19.1872
19.9126
19.0593
19.0574
18.9887
18.5352
19.449
18.6501
18.7894
20.103
18.7247
19.3359
19.1046
19.265
18.6417
18.9457
19.5406
20.1632
19.1594
19.13
18.7123
18.272
18.8621
18.2326
19.0583
18.3878
18.9386
18.2087
18.2205
18.6611
18.4784
19.3179
18.7273
18.866
18.0173
18.4054
18.5419
18.6597
18.5648
18.1195
19.0542
18.1695
18.4929
18.3199
18.549
18.3287
18.5135
18.29
17.9387
18.2071
18.9185
18.527
18.8347
18.3097
18.273
18.719
18.2872
18.4731
18.8717
18.3881
18.556
18.4455
18.7655
