0.00913329
0.00921279
0.0106274
0.0102494
0.010501
0.0102486
0.00977271
0.0100367
0.00985949
0.00947472
0.00980068
0.00984501
0.00717778
0.00358337
0.00483981
0.00319013
0.00382445
0.00374587
0.00397877
0.00439322
0.00394845
0.0038373
0.00438716
0.00374343
0.00386149
0.00413702
0.00368704
0.00355347
0.00368314
0.00292787
0.00367172
0.0032959
0.0035686
0.00319156
0.00330562
0.00317391
0.00329266
0.00331874
0.0032472
0.00323131
0.00318597
0.00328732
0.00351871
0.0029406
0.00309579
0.00313228
0.00336908
0.00320522
0.0034247
0.0031117
0.00318293
0.00325848
0.00337547
0.00319576
0.00336445
0.00315332
0.00324737
0.0031521
0.00334093
0.00331963
0.00324506
0.00317264
0.00327073
0.00314618
0.00323701
0.00332653
0.00339925
0.0034261
0.00340574
0.00353559
0.00325298
0.00325003
0.00328926
0.00320278
0.0034361
0.00321186
0.00330902
0.00357781
0.00342409
0.00344801
0.00346837
0.00324474
0.00341295
0.0034069
0.0035067
0.00326612
0.00347196
0.00365181
0.00342856
0.00344694
0.0035856
0.00353567
0.00347989
0.0036462
0.00350985
0.00352266
0.0035463
0.00347726
0.00358921
0.00339931
0.00362574
0.00361053
0.00327988
0.00349529
0.00337582
0.00340574
0.00353243
0.00348732
0.00348852
0.00351886
0.00347461
0.00351121
0.0035594
0.00351532
0.00361126
0.00351119
0.00349082
0.00349769
0.00346791
0.00350183
0.00358283
0.00334878
0.00343409
0.00345366
0.00335552
0.00330388
0.00337646
0.00337242
0.00349635
0.00340209
0.00335757
0.00334868
0.00326419
0.00338803
0.0032053
0.00323961
0.00299727
0.00325959
0.00316195
0.00305231
0.00335617
0.00299733
0.00328372
0.00306364
0.00307387
0.00302609
0.00306086
0.00305346
0.00316616
0.00308049
0.00305578
0.00310917
0.00298194
0.00307565
0.00302739
0.00292772
0.00293062
0.00313688
0.00306071
0.00303985
0.00303311
0.003049
0.00292436
0.00292168
0.00300604
0.00291035
0.00291226
0.0029273
0.00291448
0.00294216
0.00301957
0.00284045
0.00277533
0.00276041
0.00298982
0.00275543
0.00277909
0.00271792
0.00282542
0.00274266
0.00288854
0.00278093
0.00290235
0.00286437
0.00297126
0.00291839
0.00279662
0.00285546
0.00284419
0.00266114
0.00277832
0.00281333
0.00275103
0.00267473
0.00273853
0.0027416
0.0028473
0.00279304
0.00271251
0.00274161
