0.0313719
0.00900023
0.00842998
0.00474655
0.00383334
0.00398903
0.00397452
0.00335815
0.00504967
0.0212583
0.0156357
0.0215416
0.012855
0.0270122
0.0155711
0.0126906
0.0112028
0.0263482
0.0219229
0.0256551
0.0271555
0.0076565
0.0191194
0.0198004
0.0254068
0.0285673
0.0173579
0.0246845
0.0273602
0.0335508
0.0282772
0.036639
0.0433049
0.0266556
0.0301065
0.0299642
0.043234
0.0379999
0.0506343
0.0347908
0.0246421
0.0523756
0.035285
0.0345904
0.0402303
0.0404288
0.0608963
0.0427225
0.0400833
0.0426987
0.0441804
0.0497535
0.0565523
0.0621504
0.0505617
0.0527569
0.0486027
0.057462
0.0559978
0.0480745
0.0468253
0.0484958
0.0444659
0.0504475
0.0412058
0.0397147
0.0526433
0.0540007
0.0589542
0.0565865
0.0567828
0.0485396
0.0459041
0.0596911
0.0513736
0.0454023
0.0423681
0.050243
0.0544093
0.059337
0.050689
0.0454776
0.049698
0.0444782
0.0475771
0.0549405
0.0584777
0.0525983
0.0743348
0.0553096
0.055351
0.0553207
0.0517057
0.0618322
0.0486441
0.0494291
0.0413417
0.0521079
0.0488679
0.057287
