8.9845
8.02144
9.82727
8.75198
9.03192
10.5321
10.9893
7.89597
8.74779
10.4215
10.5882
9.30629
10.8205
9.81538
8.75082
15.4162
13.1026
10.2907
9.55654
11.0978
11.7742
9.76769
11.4967
12.3994
10.0962
12.0797
11.7283
10.8947
10.4234
9.97005
10.9829
11.5662
11.8151
12.1729
11.5911
10.4167
11.0025
12.931
10.5958
11.1598
11.3697
10.9339
13.3569
11.8506
14.0511
12.4069
11.6468
13.831
12.4771
11.3283
10.9262
13.2626
13.2208
12.4263
11.5511
12.9227
11.8204
12.7841
11.0344
11.9204
13.4886
14.5267
13.7812
11.2419
12.2027
11.5529
10.681
11.6777
11.5748
12.398
11.556
12.3449
11.0982
11.9422
11.9039
13.1551
10.4983
13.4211
10.7941
10.6032
10.8448
10.9895
10.8994
10.781
13.0647
12.2401
11.4401
10.5391
11.5086
11.0149
11.0836
11.2539
11.71
10.5471
11.0528
10.9255
12.6933
10.8492
10.3072
11.3277
