246.499
314.531
220.199
250.434
171.478
213.073
492.817
707.155
388.414
621.916
380.41
361.142
405.35
533.092
577.544
541.73
443.427
668.114
351.167
495.47
416.504
452.714
630.506
1628.01
1290.42
1062.22
910.634
1610.89
510.261
1082.01
677.789
1535.39
1135.82
2249.3
4153.42
4378.95
15372
4984.02
16260.1
1287.44
5877.98
9251.45
2592.51
4428.9
11243.1
16297.1
16260.1
3543.59
6534.53
1431.27
5384.71
3217.89
4301.4
3977.79
5865.33
2455.17
1854.15
7074.54
6420.19
5238.6
3819.52
9748.71
13310.7
9655.53
16260.1
10383.8
6752.38
5417.79
16297.1
16297.1
16297.1
16260.1
16297.1
14350.4
16297.1
16297.1
16297.1
14940.9
16297.1
18068.1
16297.1
16297.1
13310.7
16297.1
16297.1
16297.1
16297.1
16297.1
17706.9
16297.1
17706.9
16297.1
16297.1
16297.1
16297.1
16297.1
14940.9
16297.1
16521
16297.1
