36.7772
36.7058
36.6589
36.6486
36.7085
36.6672
36.7001
36.6357
36.6925
36.6689
36.6511
36.6673
36.726
36.7215
36.7749
36.6409
36.7067
36.6656
36.7027
36.706
36.6794
36.7039
36.6895
36.6937
36.7133
36.685
36.719
36.6629
36.5098
36.6887
36.5091
36.7333
36.6766
36.6371
36.7
36.683
36.5445
36.616
36.6117
36.5385
36.6736
36.5918
36.6959
36.6626
36.5666
36.6465
36.7064
36.6432
36.5551
36.647
36.5173
36.579
36.6769
36.659
36.4891
36.6399
36.4138
36.7507
36.3649
36.6393
36.5487
36.5242
36.6267
36.7103
36.6102
36.6151
36.6109
36.4563
36.5334
36.6796
36.4909
36.7217
36.6304
36.6203
36.4374
36.3266
36.1763
36.5651
36.4931
36.6832
36.547
36.5049
36.5505
36.6058
36.686
36.0925
36.5243
36.1448
36.1457
36.4528
36.5624
36.0663
36.2918
35.8686
35.929
36.617
36.2767
36.4085
36.5561
36.3385
36.7237
35.892
36.1385
36.015
36.0755
36.6861
36.5194
36.2835
36.3483
36.0192
36.0938
36.1715
36.1388
36.3274
36.2518
36.2406
36.3083
36.3901
35.8661
36.1877
36.4295
36.2396
36.058
36.3564
36.2266
36.2563
36.4205
36.3372
35.9668
36.4135
36.586
36.1791
36.6053
36.3358
35.9407
36.0548
36.0508
36.1421
36.2544
35.8972
36.4137
35.9672
36.4682
35.9643
36.5012
36.047
36.0231
36.3999
36.4545
36.2999
36.0115
36.5297
36.0019
36.2156
36.2737
36.0623
36.2887
36.04
35.8448
35.8149
35.9198
36.3942
36.2505
36.0299
36.1218
35.9349
35.9366
36.0634
36.2437
36.2547
36.1772
35.8012
35.986
36.2245
35.81
35.9878
35.8117
36.3577
35.9505
36.0755
36.2538
36.0857
36.0154
36.1221
36.1546
36.3625
36.0998
35.9497
36.1991
35.8102
35.9135
36.2274
35.9037
36.2456
35.7728
35.9431
36.6148
36.455
35.9833
36.2469
