0.162026
0.168943
0.157468
0.151274
0.147014
0.150233
0.156028
0.150352
0.121752
0.0292357
0.0277807
0.0283649
0.0271498
0.0268498
0.0282482
0.0284832
0.0282503
0.0283856
0.0268943
0.0274753
0.0268697
0.0287434
0.0275362
0.0271495
0.0273071
0.0279033
0.027414
0.0285678
0.0271974
0.0265579
0.0279383
0.0262133
0.0277275
0.0276272
0.0266748
0.0272922
0.0268226
0.0279304
0.0268023
0.0273932
0.0276142
0.0261523
0.0263101
0.0275771
0.0263044
0.0268705
0.0255003
0.024926
0.0221883
0.0192568
0.0183487
0.0174879
0.0168621
0.0172519
0.0174628
0.0177303
0.0166753
0.0162646
0.0166949
0.0170466
0.0162398
0.0159666
0.0160751
0.0164655
0.016633
0.0158357
0.0155032
0.0155698
0.0150438
0.0150674
0.0159725
0.0153626
0.0143171
0.0150442
0.0144325
0.0146165
0.0143859
0.015384
0.0142834
0.0139024
0.0147477
0.0129359
0.0138697
0.0139005
0.013724
0.0137175
0.0138359
0.0132781
0.0129719
0.0134939
0.0130975
0.012791
0.0133119
0.0132917
0.0125656
0.0131571
0.0123596
0.012253
0.0123394
0.011359
0.0119306
0.0116761
0.0120949
0.0116428
0.0125696
0.0117768
0.0121623
0.0118165
0.0116696
0.012109
0.0116655
0.0122043
0.0117528
0.0122793
0.0120442
0.0117457
0.0113575
0.012123
0.0117989
0.0117672
0.0111955
0.0115315
0.0108867
0.0108169
0.0107069
0.0108182
0.0107386
0.0110475
0.0107477
0.0110638
0.0108945
0.0105218
0.0108951
0.0107882
0.0112678
0.0109249
0.010804
0.0109478
0.0101669
0.0107346
0.0100744
0.0105524
0.010602
0.0105587
0.00994361
0.0105405
0.0101593
0.0100692
0.0103004
0.0103127
0.0101
0.0101645
0.0101565
0.00967789
0.00974935
0.0106001
0.00973536
0.0100681
0.0103954
0.00960626
0.00983444
0.0101658
0.00982847
0.00945601
0.00981319
0.0097955
0.00990567
0.00994231
0.00958293
0.00968696
0.00912627
0.00964173
0.00943657
0.0095746
0.00956161
0.00909463
0.0100033
0.00967103
0.00908413
0.00919698
0.00948251
0.00922995
0.009527
0.00928265
0.00941795
0.00886904
0.00909939
0.00923653
0.00886747
0.00884953
0.00859936
0.00894798
0.00930998
0.00919566
0.00907123
0.0092204
0.00886353
0.00913044
0.00949915
0.00887842
