1.99156
2.13911
2.0474
1.9687
2.10945
2.07494
2.11952
1.88013
2.04711
2.07956
2.04521
2.11069
1.97871
2.06979
2.03674
2.04885
2.10491
2.12833
2.05169
2.02625
2.04205
2.12697
2.07318
2.08217
2.02969
2.1218
2.03842
1.96651
2.00721
1.90567
2.08051
2.01583
2.11649
1.81308
2.12672
2.07273
1.70908
2.07429
1.86653
1.92138
1.91874
1.98969
1.83058
2.06083
2.06712
1.83386
1.99291
1.93606
1.99533
1.99375
1.48965
1.85798
1.56517
2.03299
1.64548
2.15307
1.66782
1.53648
1.74171
1.8134
2.05708
1.65566
1.61574
1.56432
1.67315
1.73705
1.94063
1.59047
1.56288
1.57537
1.64208
1.68075
1.57253
1.65496
1.60347
1.58554
1.60489
1.60947
1.57696
1.67852
1.59508
1.58701
1.61328
1.59486
1.65116
1.59684
1.61006
1.63258
1.59718
1.72842
1.61867
1.67843
1.61211
1.61746
1.57301
1.63297
1.6148
1.60296
1.62967
1.59508
1.58772
1.57907
1.60225
1.61873
1.55257
1.60111
1.60882
1.63068
1.59834
1.61842
1.59091
1.6059
1.61015
1.62698
1.60656
1.60296
1.60968
1.61666
1.62724
1.65103
1.58876
1.64656
1.60097
1.59787
1.59431
1.63109
1.59217
1.6098
1.60223
1.63819
1.63424
1.58896
1.62525
1.62261
1.64693
1.62762
1.62111
1.59293
1.59754
1.6023
1.6136
1.58239
1.6195
1.60279
1.60597
1.60696
1.56106
1.57974
1.5949
1.59018
1.5965
1.59845
1.58767
1.59039
1.5968
1.61401
1.63091
1.60098
1.60272
1.59601
1.60082
1.58985
1.58841
1.63001
1.59074
1.60806
1.62149
1.61165
1.62701
1.63561
1.66268
1.5854
1.597
1.61406
1.59183
1.59683
1.60636
1.61749
1.62846
1.62938
1.59921
1.61793
1.65769
1.59659
1.64179
1.60089
1.59176
1.57401
1.61324
1.59892
1.61506
1.56797
1.58546
1.61048
1.59834
1.61308
1.58395
1.60573
1.59929
1.5844
