0.0220462
0.0441236
0.0662621
0.0884892
 0.110829
 0.133299
 0.155914
  0.17868
 0.201593
 0.224645
 0.247817
  0.27108
   0.2944
 0.317732
 0.341026
 0.364228
 0.387277
 0.410113
 0.432676
 0.454909
 0.476755
 0.498166
 0.519099
 0.539518
 0.559393
 0.578704
 0.597436
 0.615582
 0.633141
 0.650117
  0.66652
 0.682363
 0.697663
 0.712437
 0.726707
 0.740496
 0.753826
 0.766721
 0.779205
 0.791302
 0.803035
 0.814427
   0.8255
 0.836276
 0.846776
  0.85702
 0.867027
 0.876817
 0.886407
 0.895814
 0.905055
 0.914147
 0.923104
 0.931941
 0.940674
 0.949315
  0.95788
  0.96638
 0.974829
  0.98324
 0.991626
