0.152885
0.143358
0.137018
0.141492
0.147704
0.140832
0.14626
0.142145
0.141517
0.137781
0.13147
0.0246896
0.0229172
0.0231277
0.0228402
0.0227627
0.0228102
0.0223642
0.0229499
0.0229729
0.0229092
0.0226073
0.0228167
0.0227557
0.0232415
0.0232612
0.0229243
0.0229043
0.0166235
0.00734009
0.0109419
0.0114579
0.0111645
0.0114264
0.0111608
0.0112781
0.0100598
0.0110031
0.00922391
0.00585399
0.0073967
0.00855295
0.00839203
0.00882067
0.00836289
0.0088075
0.00857258
0.00839327
0.00848702
0.0088659
0.00910496
0.00865314
0.00870627
0.00863507
0.00912813
0.00821229
0.00775046
0.00790053
0.00715579
0.00706127
0.00714231
0.0072206
0.00765137
0.00727321
0.00769052
0.00709276
0.00753155
0.0076567
0.00788159
0.00738574
0.00739557
0.00750518
0.0077726
0.00743324
0.00771906
0.00763259
0.00748148
0.0077257
0.0076615
0.00765765
0.00771643
0.00751952
0.00758665
0.00762033
0.00747933
0.00767474
0.00774285
0.0076818
0.0077386
0.00747166
0.00747566
0.00793497
0.00753566
0.00751711
0.00741845
0.00766402
0.0079091
0.00764076
0.00768772
0.00803485
0.00758164
0.00789478
0.00752553
0.00784397
0.00761366
0.00803147
0.00804466
0.00835417
0.00770853
0.00751395
0.0080711
0.00764321
0.00782652
0.00791385
0.00775979
0.00751362
0.00789599
0.00775508
0.00800093
0.00778879
0.00784219
0.00778688
0.00783482
0.00790393
0.00772806
0.00789404
0.0078249
0.00815406
0.00799902
0.00794124
0.0082126
0.00788727
0.00789974
0.00787686
0.00767798
0.00791737
0.00771368
0.00811043
0.00811474
0.00804331
0.00785076
0.00818887
0.00830884
0.00788474
0.00787404
0.00792946
0.00779975
0.00798405
0.00781548
0.00799697
0.0075379
0.0078046
0.0077468
0.00798166
0.00788568
0.00790866
0.00798124
0.00786714
0.00824878
0.00795515
0.00795229
0.00835778
0.00815253
0.00810331
0.00803724
0.00815129
0.00832568
0.00804618
0.00838872
0.00813464
0.00772963
0.00823579
0.00836644
0.00807776
0.0078184
0.00783423
0.00792216
0.00775307
0.00792016
0.00849338
0.008144
0.00835352
0.00797133
0.00787503
0.00803536
0.0083109
0.0079451
0.00783454
0.00797615
0.00799781
0.00829623
0.00809971
0.00810693
0.00830563
0.00786867
0.00796323
0.00787618
0.00849523
0.00797892
0.00820865
