0.18019
0.158685
0.165289
0.177082
0.187324
0.202759
0.19856
0.207085
0.204315
0.212664
0.212483
0.209427
0.190324
0.124255
0.130183
0.133612
0.145357
0.106386
0.0873078
0.0975286
0.108213
0.11668
0.119819
0.112572
0.119643
0.10709
0.109483
0.107874
0.103542
0.111022
0.097219
0.101809
0.0983955
0.102053
0.0868189
0.0850564
0.0772149
0.067484
0.0740904
0.0716176
0.0772281
0.0795991
0.0861852
0.0802988
0.0781899
0.0793974
0.0848175
0.0836313
0.0762283
0.0816547
0.0809402
0.0773066
0.0753333
0.0862876
0.0822518
0.0834561
0.0786696
0.0836379
0.0799778
0.0847126
0.084648
0.0801049
0.0777501
0.0784618
0.0837796
0.0840638
0.0825761
0.0874817
0.0887325
0.0865422
0.0871579
0.0880284
0.0837345
0.087049
0.0913379
0.0875544
0.089166
0.090167
0.0871055
0.0901018
0.0884201
0.0892185
0.0914736
0.0937942
0.0884519
0.0923232
0.0905019
0.0894139
0.0879702
0.0923029
0.0934224
0.0885834
0.0866495
0.0893069
0.0872608
0.0927594
0.0959187
0.0912591
0.090414
0.0910957
0.0888552
0.0889132
0.0896416
0.0915592
0.0907926
0.0846579
0.0890147
0.0888309
0.0873527
0.089665
0.0911926
0.0904916
0.0892146
0.0884518
0.0889993
0.0919604
0.0870959
0.0889768
0.0911963
0.0883737
0.0870074
0.086759
0.0885662
0.0869694
0.0865779
0.0857339
0.0879487
0.0917015
0.0875513
0.0862401
0.0852017
0.0853508
0.0873719
0.0902416
0.0895056
0.0881977
0.0895162
0.0915034
0.0896595
0.0883244
0.0921332
0.0918979
0.0899868
0.0907472
0.0896569
0.0897427
0.0912781
0.0909716
0.0874603
0.0898965
0.0872231
0.0889429
0.0864168
0.0895046
0.0843048
0.0864374
0.0896351
0.0870931
0.0888866
0.0877913
0.0917722
0.0913084
0.0884781
0.0895611
0.0907569
0.0908892
0.0895981
0.0904897
0.0888943
0.0895867
0.0860051
0.0861141
0.089094
0.087244
0.0877883
0.0932108
0.0891919
0.0908071
0.0868485
0.0901628
0.0911849
0.0903367
0.0874832
0.0914494
0.085783
0.087715
0.0863267
0.0902643
0.092583
0.0882491
0.0850546
0.0829185
0.0875266
0.0857522
0.0886322
0.0840512
0.0854998
0.0873319
0.0898482
0.0862514
