0.270614
0.256862
0.17636
0.179935
0.173956
0.174995
0.175406
0.172423
0.176705
0.178666
0.175587
0.163303
0.0214861
0.019137
0.0191531
0.0193914
0.0190373
0.0190189
0.0185445
0.0191144
0.0187078
0.0189549
0.0192463
0.0189108
0.018545
0.0185659
0.0190598
0.0190137
0.0185324
0.0187303
0.0187222
0.0185329
0.0188148
0.0178979
0.0185497
0.0186508
0.019241
0.0179389
0.0185007
0.0186586
0.0186743
0.0176923
0.0167466
0.0145265
0.013069
0.0127764
0.013352
0.0126318
0.0130248
0.0126228
0.0132038
0.0132638
0.0132894
0.0128766
0.0128248
0.0132889
0.0137657
0.0128659
0.0126173
0.0128861
0.0127609
0.0124147
0.0126813
0.012487
0.012777
0.0124003
0.0123515
0.0124506
0.0123962
0.0124301
0.0121916
0.0116946
0.0123547
0.0122006
0.0120806
0.0121561
0.0119211
0.0118831
0.0117177
0.0120429
0.0115079
0.011772
0.0116017
0.0120752
0.0114025
0.0112154
0.0112908
0.0117093
0.0112723
0.010944
0.0109956
0.0110801
0.0102458
0.0109031
0.0104803
0.010644
0.0103785
0.0104198
0.0105002
0.0100474
0.00960283
0.0102559
0.00991107
0.0104403
0.0100536
0.00983412
0.00981467
0.010282
0.00983838
0.0102766
0.0100249
0.00953599
0.00927881
0.00992898
0.00975693
0.00971797
0.0094352
0.00977079
0.00917503
0.00915621
0.00865054
0.00928064
0.00914091
0.0094197
0.00912238
0.00929866
0.00955368
0.00910025
0.00895471
0.0091949
0.00922505
0.0089206
0.00856662
0.00858077
0.00922605
0.00879847
0.00879722
0.00882342
0.00858824
0.00921009
0.0084204
0.00876946
0.00824197
0.00861297
0.00875073
0.00882614
0.00865722
0.00885049
0.0084995
0.00861489
0.00909246
0.00842176
0.00845638
0.00864835
0.00850303
0.0083938
0.00856579
0.00853346
0.00831684
0.00872685
0.00862331
0.00778102
0.00822553
0.00813547
0.00780702
0.00823599
0.00827477
0.00786538
0.00810264
0.00822763
0.0077255
0.00783787
0.00792647
0.00798814
0.00776526
0.00757159
0.00830054
0.00756775
0.00820729
0.00815112
0.00763833
0.00760972
0.0078512
0.00797446
0.00737029
0.00841843
0.00777305
0.00771485
0.00760907
0.00764491
0.00779414
0.00772816
0.00760382
0.00747893
0.00747399
0.00765227
0.00724396
0.00772469
0.00767529
0.007428
