0.0565468
0.0552502
0.0558545
0.0610686
0.0733987
0.0689638
0.0656896
0.0633875
0.0641297
0.0169449
0.00334873
0.00384591
0.00379091
0.00370224
0.00356078
0.0036269
0.00364873
0.0032304
0.00329457
0.00344958
0.00356868
0.00339862
0.00338034
0.00345548
0.00336272
0.00335909
0.00327107
0.00327387
0.00339162
0.0033551
0.00349141
0.00335946
0.00341312
0.00348739
0.00349004
0.00348948
0.003578
0.00340976
0.00359288
0.00354176
0.00353826
0.00355745
0.00356139
0.00365479
0.00361601
0.00356992
0.00345264
0.00357532
0.00345403
0.00355253
0.00355277
0.00348321
0.00349588
0.00332961
0.00317395
0.00310738
0.00305167
0.00297844
0.0029741
0.0029267
0.00280756
0.00271049
0.00271364
0.00264414
0.00265942
0.00250441
0.00248941
0.00239247
0.00228036
0.00225653
0.00221213
0.00215534
0.00206233
0.00194625
0.00199648
0.00195241
0.00194155
0.00185175
0.0018615
0.00186658
0.00192244
0.0018503
0.00179499
0.00175223
0.00179752
0.0017176
0.00171909
0.00168857
0.00171313
0.00164005
0.00163388
0.00159438
0.00155892
0.001556
0.00149019
0.00147588
0.00145577
0.00141182
0.00139729
0.0013755
