88.7291
107.28
113.087
110.492
113.086
110.095
113.87
105.73
112.738
109.942
107.634
107.022
111.954
113.208
109.804
112.737
109.126
109.25
108.404
110.765
108.581
109.187
105.851
103.417
107.981
107.851
103.629
103.951
106.812
99.7822
101.62
104.098
101.552
103.019
98.497
103.385
101.937
98.6897
103.339
100.409
98.3645
102.994
98.6494
96.5255
99.2111
99.8114
97.8211
96.3265
95.1192
95.9102
96.4643
98.5173
95.4641
94.2899
92.6714
94.3219
92.8571
94.7652
92.1131
93.2955
93.3015
94.9226
92.4696
89.9666
91.7685
91.9434
92.1665
89.5902
92.7057
91.4639
89.7906
92.1749
92.8797
92.4919
92.253
93.6042
94.1741
93.7639
92.0532
92.3719
91.8845
93.8305
91.4791
88.1781
89.3505
91.5633
90.8825
91.2484
93.6306
88.8806
86.7568
87.8876
85.372
85.2781
84.0065
83.991
85.2921
85.0708
83.5479
83.6681
83.4211
81.5679
81.0265
81.0096
80.16
80.0033
78.614
76.8158
80.9359
76.9721
76.9541
74.8873
75.379
76.2506
80.7156
77.6719
75.5191
76.0263
73.0814
75.0655
72.5654
72.4844
74.5114
71.3287
71.9906
70.5864
72.2055
70.4021
71.3516
71.7016
70.054
69.589
69.1082
69.14
69.5569
68.594
68.6505
67.346
67.4536
67.0723
65.1563
66.3838
66.1083
65.4274
64.495
64.2447
64.9075
64.9601
65.5679
63.5239
64.8711
64.931
62.8324
63.1774
63.2355
62.0737
62.7811
63.7812
62.4697
61.54
61.9173
62.6144
61.2455
59.4804
59.1034
59.4089
58.6096
58.5231
58.364
59.1129
57.5037
56.7773
58.9885
57.4311
55.9579
58.0053
57.6739
57.0921
55.9752
55.2102
55.1928
55.3886
55.86
53.8671
54.2695
53.718
54.3842
54.6
52.8902
53.3723
53.3847
52.8219
51.9539
52.8715
52.5007
50.5618
52.4605
52.4563
49.9553
50.7689
