186.144
130.398
120.908
118.694
136.329
132.944
151.288
144.31
149.611
145.858
156.489
164.177
155.301
160.143
163.297
166.315
170.188
159.142
160.009
166.464
159.979
165.015
166.11
165.483
169.486
165.151
165.631
169.802
165.609
168.397
168.851
170.998
161.796
163.358
158.463
160.073
155.878
160.72
167.365
153.862
156.966
158.945
155.134
152.807
148.043
153.246
147.661
148.063
144.828
141.718
146.651
139.449
152.73
144.361
127.264
114.735
129.738
108.493
106.501
108.82
98.8056
98.3713
102.861
101.139
104.179
98.3265
97.5084
100.731
96.6932
99.8377
101.93
94.1843
100.141
93.2103
96.1173
94.1956
93.2599
92.5714
101.293
94.9507
93.3913
90.44
89.6974
95.4835
91.8198
92.118
91.0449
92.1165
91.3754
93.8924
91.4832
92.2052
89.9782
89.474
92.4968
94.935
91.5016
92.8026
89.993
94.8348
90.3645
86.8731
92.6053
89.9239
89.0634
91.5863
90.7006
91.2014
87.2839
89.8202
92.4414
89.2468
88.058
91.116
89.5761
90.8779
88.915
93.0379
90.8875
91.8608
93.3223
88.3665
88.3841
83.9536
79.2064
84.3838
81.7353
81.0272
80.7449
79.3048
82.2298
80.5661
77.7658
79.4285
79.0953
82.3991
79.3905
81.7765
80.9138
80.4
81.8064
81.3212
80.1571
81.8813
81.7511
77.5854
76.3236
80.7917
81.5296
79.9855
79.0316
78.7031
79.2882
76.8584
78.8026
79.3995
78.6319
81.5002
78.3489
79.2259
79.5329
78.2687
79.8087
73.7273
78.4681
79.2918
77.3138
78.662
76.4883
76.8756
76.4924
77.1426
78.2782
73.8807
79.8402
73.1126
77.0582
76.6477
77.4044
74.9312
73.7417
73.9132
74.3691
74.0497
72.4608
72.9191
73.9018
73.318
72.7349
73.5533
75.9294
75.0764
73.5509
72.0503
72.0625
73.2684
73.4505
73.9596
69.187
70.7677
