0.0154521
0.0330212
0.0493603
0.0644033
0.0814272
0.0987097
 0.113996
 0.130296
 0.148132
 0.164197
 0.180027
 0.197849
 0.214891
 0.230731
 0.248162
 0.265981
 0.282267
 0.299288
 0.317445
 0.334383
 0.351224
  0.36932
 0.386848
 0.403758
 0.421616
 0.439507
 0.456603
 0.474231
 0.492247
  0.50953
 0.526949
 0.544923
 0.562393
 0.579565
  0.59733
 0.615001
 0.631999
 0.649304
 0.667038
 0.684175
 0.700903
 0.718243
  0.73574
 0.752315
 0.768797
 0.786178
 0.803323
 0.819284
 0.835628
  0.85315
 0.869759
 0.885149
 0.901663
 0.919259
 0.935184
 0.950307
 0.967264
 0.984666
