5.31806
7.09084
4.77022
5.08633
5.49308
5.27154
6.69999
5.1022
7.30444
7.8032
5.44343
4.26849
6.1797
5.59947
5.25854
4.50251
5.59954
5.36526
5.67209
6.42915
5.62385
5.28931
7.34526
12.9709
5.69659
4.98235
7.25958
4.70434
5.72326
6.43757
4.72203
4.28292
5.66283
5.60403
4.76765
4.5057
5.60403
4.72081
5.60406
5.44098
6.22859
5.75658
4.51847
4.76071
5.55033
4.82494
5.60407
5.53068
5.63098
5.60407
5.75367
7.20432
5.6163
4.51278
5.72837
5.88131
5.60407
4.26273
8.51725
7.32136
7.63051
7.22599
5.60497
8.25168
5.62878
5.64755
6.12089
5.6611
5.63315
7.36081
5.61202
9.9607
8.52645
5.63048
5.60608
5.63338
6.49211
5.66882
5.95293
7.0655
5.61651
5.62081
8.74437
6.99927
5.62556
7.33783
5.68686
5.88591
6.51686
7.28189
10.6764
5.61646
10.6764
10.6782
10.6924
10.6924
10.6936
10.7106
10.7106
10.7101
