5.3859
6.0503
5.16366
4.43713
4.63037
5.11554
5.90043
4.4646
5.17808
5.21359
5.55207
5.57218
5.38473
5.47547
6.04711
5.68198
5.54561
6.15705
9.35855
4.87003
6.71652
7.27879
5.85101
6.03566
8.35529
6.46368
7.63082
5.60904
7.29966
9.03217
8.76764
8.00647
7.78476
7.52083
9.31685
8.11081
7.91523
8.74206
7.93784
8.54872
9.05335
10.5199
6.53016
10.0927
6.34426
7.93537
9.8168
8.56361
8.45161
7.16567
10.455
9.01966
7.9643
7.98749
11.0086
10.4493
10.3716
8.95921
9.91288
9.22432
9.12815
10.1308
9.2352
8.58834
9.33188
8.53411
9.39591
10.6982
9.5015
10.0626
8.60355
9.84593
10.7029
9.47306
9.81976
9.89294
9.80936
10.6732
8.61307
9.97674
10.1591
10.5945
9.78999
10.2166
10.043
10.3555
10.5148
10.734
10.362
10.5314
9.91498
10.5711
11.1093
10.5017
9.65214
9.97219
10.2609
10.7385
10.3773
10.0566
10.8556
9.84076
10.1287
9.7598
10.4839
10.0565
10.9848
10.1121
10.6928
10.677
10.5589
10.6917
9.87409
10.6855
10.3893
9.85888
9.87743
9.75204
10.0989
10.5036
10.5223
9.77372
10.3292
10.9245
10.2935
10.5605
10.2449
9.92589
10.7441
10.7803
10.2102
9.82206
10.1648
10.5244
10.6931
9.73337
10.237
10.5214
10.6709
10.1342
10.331
10.6012
10.5332
10.1982
10.5257
10.7594
10.6444
10.4585
10.1197
10.5242
10.4761
10.1517
10.3104
10.3009
10.4039
10.4213
10.5758
10.2146
10.2767
10.4836
10.3011
10.6475
10.4596
10.6301
10.4097
10.4487
11.0532
10.3413
10.8602
10.3791
10.7739
10.2126
10.1901
10.2037
10.7121
10.7887
10.4605
10.6351
10.2676
10.492
10.3578
10.7658
10.217
10.575
10.552
10.2478
10.4665
10.5886
10.1506
10.7557
10.3242
10.2659
10.4117
10.396
10.2826
10.6001
10.4986
10.3835
10.5698
10.2517
