0.0353102
0.00813801
0.0324375
0.0716958
0.0677747
0.0429848
0.069223
0.0514242
0.055552
0.0476983
0.0474101
0.0553995
0.0303853
0.05955
0.0472058
0.0568522
0.0534933
0.0633621
0.0687837
0.0690097
0.0513332
0.0479076
0.0800313
0.0745041
0.0934447
0.0681635
0.0623902
0.0450058
0.0730012
0.0524138
0.0680894
0.0469492
0.0481216
0.047171
0.0749612
0.0541617
0.0814108
0.055104
0.0576478
0.0602699
0.0619859
0.0517825
0.0431922
0.057576
0.0653086
0.0589337
0.0498432
0.0356409
0.0273202
0.0587551
0.050595
0.0634461
0.0712627
0.058256
0.0379228
0.0486614
0.0571442
0.0356243
0.0329411
0.0356833
0.0519817
0.051837
0.0375008
0.0381005
0.0341658
0.0548091
0.0240814
0.0304152
0.0312509
0.0403298
0.042891
0.0259991
0.0264574
0.0266081
0.0344457
0.0225338
0.0270863
0.0305947
0.0243552
0.0310234
0.0235811
0.0242772
0.0251272
0.0203853
0.022205
0.00781382
0.0179933
0.0260966
0.0247357
0.0243166
0.0157576
0.0171582
0.0229169
0.018908
0.0201497
0.0265396
0.0298877
0.0198043
0.0243517
0.0318394
