0.0803767
0.0750955
0.0761476
0.0755274
0.0931925
0.0889434
0.0830631
0.080759
0.0861167
0.040111
0.0101922
0.00988526
0.0103145
0.00979033
0.00989228
0.0102234
0.0100714
0.00990741
0.0103736
0.0101064
0.0052255
0.0029956
0.00442855
0.00413774
0.00254441
0.00243173
0.00336291
0.00310473
0.00302929
0.00255762
0.00294643
0.00287695
0.00270293
0.00256873
0.00313605
0.0026809
0.00295909
0.00302824
0.00321483
0.00287718
0.00301823
0.00293954
0.00303854
0.00314707
0.00311615
0.00310793
0.00323921
0.00322969
0.00315909
0.00317138
0.00331526
0.0032718
0.00316869
0.00327177
0.0031602
0.00344486
0.00332143
0.00327899
0.00339293
0.00338397
0.00327403
0.00314451
0.00321519
0.00340627
0.00334106
0.00333325
0.00321511
0.00335484
0.00325311
0.00325152
0.00323188
0.00333673
0.00326844
0.00329255
0.00337252
0.00313595
0.00332903
0.00308478
0.00337498
0.00295728
0.00309903
0.00349799
0.00321123
0.00338832
0.0031617
0.00334564
0.00348895
0.00327821
0.00326416
0.00331045
0.00336799
0.0032501
0.00306617
0.00333474
0.00345351
0.00343196
0.00334605
0.00326217
0.0031851
0.00319962
0.00325656
0.00306699
0.00329476
0.00327965
0.00308991
0.00317993
0.00340455
0.00320678
0.00343401
0.00318444
0.00319972
0.00318644
0.00313715
0.00322197
0.00330966
0.00307347
0.00325165
0.00327222
0.00306316
0.00326998
0.00311518
0.00316817
0.00317589
0.00318226
0.00324055
0.00319231
0.00314753
0.00306946
0.00322757
0.00304702
0.00317246
0.00327125
0.00315068
0.00314498
0.00321978
0.00317341
0.00317946
0.00311473
0.0031863
0.00312758
0.00324729
0.00311264
0.00324955
0.0033199
0.00318995
0.00299219
0.003044
0.00311468
0.00313651
0.00308989
0.00323072
0.00312998
0.00314494
0.00305504
0.00314827
0.00307959
0.00298081
0.00313141
0.00296869
0.00304663
0.00306201
0.00321472
0.00292233
0.00309261
0.00301751
0.00308775
0.00307378
0.00309525
0.00285027
0.00297623
0.0030247
0.00305635
0.00304456
0.00302684
0.00300665
0.00290419
0.00310651
0.00284667
0.00287891
0.0030576
0.00311409
0.00297007
0.00295536
0.00297913
0.00300196
0.00301534
0.00294932
0.00293355
0.00292343
0.00298966
0.00283024
0.00287402
0.00312674
0.00304005
0.00296289
0.0030646
0.00303571
0.00318257
0.00302852
0.00288689
