15.8266
16.8324
16.4297
18.0755
16.4246
18.3687
18.1965
18.3038
16.5932
18.1818
18.5081
18.5518
18.1659
18.4042
18.3139
18.4052
18.1397
18.2956
18.3804
18.4104
18.3603
18.4291
18.4546
18.4615
18.514
18.5463
18.5739
18.5313
18.5313
18.5313
18.5313
18.5814
18.4955
18.5584
18.3917
18.6088
18.6088
18.4615
18.5081
18.4949
18.5313
18.5235
18.5317
18.5739
18.5207
18.5313
18.5739
18.4955
18.4949
18.3829
18.555
18.5313
18.5518
18.6088
18.431
18.5313
18.6088
18.5313
18.4258
18.4909
18.4955
18.462
18.5739
18.6088
18.5924
18.6088
18.4645
18.4876
18.4523
18.4804
18.5313
18.399
18.4615
18.6088
18.6088
18.6088
18.3413
18.4615
18.431
18.3376
18.3376
18.3376
18.2956
18.5022
18.431
18.3376
18.462
18.3376
18.5518
18.6088
18.3084
18.4615
18.5313
18.3376
18.4615
18.3989
18.431
18.3406
18.4615
18.3376
