0.0979361
0.0669249
0.0637347
0.0632278
0.086223
0.142231
0.144404
0.0767015
0.0623429
0.0606703
0.0128121
0.00897623
0.00885069
0.00596909
0.00315317
0.00381174
0.00450413
0.00470723
0.00422175
0.00412311
0.00324649
0.00316999
0.00372421
0.00320274
0.00341163
0.00324817
0.00371196
0.00358159
0.00358176
0.00359608
0.00337501
0.00338718
0.00324544
0.00340687
0.00324769
0.00315887
0.00305031
0.00324956
0.0032277
0.00307812
0.00333997
0.00318334
0.00334546
0.00326067
0.00300417
0.00345382
0.00341076
0.00322796
0.00342244
0.00345265
0.00328195
0.00342528
0.00331657
0.00343002
0.00327084
0.00349319
0.00330046
0.00307537
0.00321322
0.00321867
0.0032265
0.00356757
0.00323297
0.00332019
0.00317847
0.00325738
0.00340911
0.00318249
0.00324963
0.00324755
0.0031621
0.00324051
0.00321699
0.00328198
0.00339501
0.0033392
0.00343863
0.00343442
0.0034849
0.00343209
0.00362892
0.00343184
0.00330727
0.00342788
0.00325169
0.00333828
0.00339669
0.0034566
0.00333138
0.0034828
0.00352931
0.00331958
0.0034695
0.00347103
0.00345773
0.0034633
0.00344142
0.00344651
0.0033603
0.00325229
0.00366358
0.00344667
0.00339121
0.00335851
0.00342354
0.00333586
0.00331686
0.00342966
0.0036732
0.00357455
0.00330339
0.00350661
0.00347806
0.00336639
0.00345718
0.00357526
0.00343321
0.00343848
0.00335991
0.00361125
0.00335741
0.00348488
0.00351096
0.00334306
0.00340112
0.00337947
0.00339127
0.00336735
0.00338174
0.00351836
0.00341214
0.00345596
0.00351592
0.00355107
0.00325299
0.00343386
0.00346771
0.0032111
0.00338685
0.00327036
0.00335317
0.00342093
0.00312665
0.00314813
0.0030763
0.00310428
0.00308562
0.00314322
0.00315261
0.003063
0.00314973
0.00304725
0.00288227
0.0032241
0.0031454
0.00319592
0.00299772
0.0030338
0.00293461
0.00295255
0.00290019
0.00293263
0.0030572
0.00309259
0.00296436
0.00285698
0.00306972
0.00302459
0.00301879
0.00294643
0.00290882
0.00284968
0.00291835
0.0029601
0.00290267
0.0030264
0.00293026
0.00280234
0.00278954
0.00284441
0.00298713
0.00292767
0.00285878
0.00285963
0.00291102
0.00305531
0.00285986
0.00298503
0.00284124
0.00283884
0.00276603
0.0027229
0.00288446
0.0028094
0.00274193
0.00281566
0.00273249
0.00283735
0.00283155
0.00275527
