0.0089548
0.00946797
0.0104118
0.0102446
0.01024
0.00941366
0.00929408
0.00807256
0.00343158
0.00399599
0.00402694
0.00492712
0.00386836
0.00436249
0.00422907
0.00373222
0.0038567
0.00394802
0.00381132
0.00377736
0.00376689
0.00339136
0.0034017
0.00344888
0.00318861
0.00341498
0.00362184
0.00324215
0.00327209
0.00349443
0.00346177
0.00337411
0.00330558
0.00318326
0.00307491
0.00328657
0.00333034
0.00325509
0.00315695
0.00322096
0.00333022
0.00336154
0.00311368
0.00340337
0.00316932
0.00327364
0.00310467
0.00339859
0.00321194
0.00326084
0.00309491
0.00345975
0.00310833
0.00320103
0.0033525
0.00317562
0.00345774
0.00332741
0.00336402
0.0034061
0.00330565
0.00326899
0.00335608
0.00313101
0.00361869
0.00339039
0.00332107
0.00343905
0.00341116
0.00336598
0.00345311
0.00328424
0.00343226
0.00337658
0.00341526
0.00330352
0.00317392
0.00347547
0.00323874
0.00350605
0.00321456
0.00313686
0.00323783
0.00273482
0.00309091
0.00328013
0.00302144
0.00307049
0.00323948
0.00296773
0.00270646
0.00279742
0.00286621
0.00281694
0.00274422
0.00290686
0.00285416
0.00288304
0.00273296
0.00282587
0.00286996
0.00275756
0.00280137
0.00284385
0.00282379
0.00271019
0.00282487
0.0029509
0.00272226
0.00279128
0.00280656
0.00287287
0.00287809
0.00282483
0.00284308
0.00272353
0.00285271
0.00290271
0.00288391
0.00291768
0.00281876
0.00288419
0.00299544
0.00291723
0.00294561
0.00277795
0.00290987
0.00294217
0.0028778
0.00293049
0.00301894
0.00285191
0.00281257
0.00287839
0.00285562
0.0029358
0.00283009
0.00285824
0.00278196
0.00288395
0.00284925
0.00284527
0.00292218
0.00283836
0.00271722
0.00290909
0.00314564
0.00280217
0.00283061
0.00279016
0.00298183
0.00281704
0.00277852
0.00286448
0.00289378
0.00300039
0.00284815
0.00272703
0.00270074
0.00273131
0.00273864
0.00278777
0.00279425
0.00285965
0.00281708
0.00276732
0.00278016
0.00286971
0.00276354
0.00288514
0.0028618
0.00305119
0.00273182
0.00279781
0.00282265
0.00276345
0.00274249
0.00287076
0.00269304
0.00281018
0.00269805
0.00290393
0.00280597
0.00278307
0.0027336
0.00278518
0.00276155
0.00264378
0.00273317
0.00261342
0.0027364
0.00284549
0.002815
0.0026809
0.00269832
0.00293213
0.0026631
0.00269514
0.00272804
0.00281729
