0.137839
0.111059
0.0977667
0.0867807
0.0885215
0.0877528
0.0861707
0.0850523
0.0901736
0.0987381
0.100015
0.101717
0.104199
0.0996432
0.0999273
0.101098
0.0999868
0.102379
0.101003
0.0978831
0.0981136
0.0990085
0.102979
0.10062
0.105066
0.0860115
0.0162406
0.0159647
0.015178
0.0153107
0.0156035
0.014876
0.0151718
0.0150286
0.0155723
0.0151278
0.0151793
0.0152877
0.0110568
0.00955366
0.00866342
0.00815656
0.00858907
0.00830129
0.00881854
0.00812173
0.00872467
0.00854164
0.00794533
0.00759125
0.0071755
0.0078413
0.00645389
0.00730222
0.00720003
0.00693219
0.00699188
0.00705631
0.0064953
0.00666069
0.00672309
0.00689571
0.00664502
0.00674275
0.00666451
0.00673832
0.00647985
0.0064455
0.00614716
0.00627149
0.00614968
0.00611073
0.00604359
0.0058686
0.0062097
0.00619564
0.00575179
0.00581527
0.0056683
0.00591233
0.00556796
0.00589432
0.00570678
0.00598157
0.00558919
0.00574006
0.00566263
0.00575501
0.00568841
0.00537499
0.00550747
0.00538498
0.00569635
0.00564118
0.0055631
0.0054526
0.00531017
0.00508329
0.00554499
0.00560667
0.00562571
0.00531838
0.00553093
0.00549048
0.00524603
0.00540422
0.00545632
0.00546078
0.00522833
0.00513924
0.00543746
0.00537245
0.00541483
0.00500915
0.00523461
0.00532372
0.00531128
0.00525201
0.00546931
0.00552463
0.00499039
0.0052315
0.00545378
0.00513766
0.00490554
0.00509119
0.00465089
0.00509167
0.00508311
0.00492889
0.00498943
0.00514837
0.00478079
0.00484815
0.00497857
0.00490055
0.00503182
0.00478192
0.00475482
0.00491559
0.00487302
0.00498816
0.00493314
0.00479429
0.00492771
0.00471737
0.00489604
0.00484503
0.00500017
0.00471403
0.00473939
0.00470591
0.00463789
0.00454843
0.00480097
0.00476076
0.00462349
0.0050064
0.00467254
0.00473893
0.0046307
0.00471083
0.00434135
0.00445546
0.00464881
0.00459168
0.00467362
0.00470588
0.00469976
0.00470113
0.00483043
0.00467307
0.00453424
0.00456103
0.00464196
0.00455851
0.00450284
0.00477365
0.00463143
0.00454732
0.00445196
0.00449761
0.00445167
0.00436619
0.00432879
0.00445411
0.00402809
0.00437737
0.0041777
0.00433458
0.00419981
0.00445217
0.00405667
0.00417325
0.00428735
0.00410679
0.0041451
0.00424622
0.00417615
0.00411845
