0.11762
0.126189
0.143874
0.140861
0.128171
0.128662
0.128018
0.135216
0.136614
0.132908
0.13752
0.128607
0.130331
0.124529
0.14021
0.126611
0.133244
0.130707
0.125481
0.134583
0.137194
0.137108
0.136203
0.138555
0.135598
0.137511
0.141186
0.140954
0.142988
0.143177
0.138048
0.139355
0.144487
0.147682
0.148551
0.149387
0.147127
0.148046
0.151325
0.144432
0.147506
0.149702
0.143943
0.151669
0.144793
0.148953
0.146472
0.15513
0.154355
0.148625
0.161799
0.157009
0.150192
0.16184
0.157713
0.157923
0.158356
0.166994
0.170863
0.160893
0.170283
0.166482
0.16868
0.172769
0.175058
0.177113
0.173694
0.180224
0.181109
0.178863
0.177482
0.179968
0.178582
0.178996
0.186669
0.181444
0.188977
0.185226
0.186024
0.187557
0.184062
0.185608
0.190144
0.189142
0.185299
0.192164
0.188523
0.195552
0.195825
0.192588
0.18913
0.194592
0.187992
0.192404
0.192047
0.188942
0.189559
0.192185
0.190254
0.192893
