6.94169
10.2569
10.0409
7.56155
8.86048
8.74778
9.87446
10.0009
7.70201
8.85015
8.4424
7.45373
9.82339
8.5725
8.18758
7.88186
8.65897
7.89636
7.97475
8.50097
12.4842
10.5309
11.0537
9.93216
9.09091
9.79249
10.0195
10.1293
8.94609
10.8078
10.4811
9.28777
11.3171
10.3218
10.1015
9.11503
12.9116
11.1745
8.28097
9.07585
12.6342
9.47036
9.65552
9.967
11.9484
11.458
10.1932
10.0702
10.9116
10.1022
9.50329
11.0338
11.334
10.5613
11.3644
10.3758
10.2865
9.93109
11.6065
11.5388
10.7678
10.5269
10.1033
10.8986
10.2209
11.3326
10.9434
11.1288
10.8147
11.6276
11.6725
10.7284
11.1875
12.861
11.5663
11.4352
11.0345
10.79
11.3113
13.7118
13.1158
10.9008
11.3013
11.1317
11.2633
10.9656
10.7555
10.2895
11.3892
11.5703
10.3259
10.5242
10.3825
12.1655
10.446
11.3268
11.6191
11.2513
11.5992
10.2494
