13.1983
14.573
14.4111
13.5724
13.0732
13.2351
13.8258
13.0945
13.8567
13.0206
13.8291
13.7421
14.5799
13.8081
14.1732
13.0569
13.978
13.2356
14.5602
14.8875
13.3578
13.4583
13.1327
14.4109
13.3178
13.4495
13.1838
13.0875
13.8364
12.9799
13.3564
13.5687
13.545
13.762
13.5643
13.7334
13.8572
14.367
13.912
13.3612
14.5461
13.8112
13.4979
13.6491
14.7617
14.1414
14.3264
14.1486
14.7548
14.1463
14.0635
13.8636
13.8942
14.7844
14.6862
13.7952
14.2315
14.34
14.4917
14.5673
13.8783
14.0387
13.878
13.9452
14.7174
14.7703
14.8544
14.1753
13.6364
14.6901
14.7554
14.4787
13.9512
14.4552
14.2806
14.4919
14.052
14.4367
14.3289
13.844
14.1158
14.8135
14.0609
14.4926
13.9754
14.7281
14.141
14.5946
14.5812
13.9635
14.0521
14.7035
14.1495
14.0381
14.1385
13.8557
14.3992
14.1683
14.1498
14.002
14.4887
13.9671
14.4544
14.7583
14.0361
14.0069
13.9333
14.3673
14.19
13.889
14.0223
14.1418
13.999
14.3922
13.8341
14.249
14.473
13.9582
14.2804
13.738
13.7683
13.8587
13.8275
13.9643
13.8579
13.8792
13.8592
14.008
13.9661
13.9016
13.6895
13.9492
13.812
13.9404
14.1516
13.9737
13.7742
14.2286
14.0158
14.4744
14.4684
14.0971
14.1239
14.1379
14.0781
13.9839
14.6794
14.6701
14.1293
14.7907
13.9764
13.6749
13.8362
14.2677
14.2843
13.815
13.956
14.3542
13.9271
14.1151
14.0261
14.063
13.7668
13.7429
13.8364
13.7774
13.9582
14.4908
13.8545
14.2544
14.0761
13.8861
13.84
14.3031
14.0112
14.8718
14.0906
14.0431
13.9418
14.0357
14.1508
14.2517
13.9662
14.1445
13.9468
13.8236
14.3107
14.1783
13.8252
13.9897
13.8655
13.8175
13.9661
14.0308
13.9191
13.9925
13.8922
13.8573
14.2262
14.2031
