176.513
125.07
135.204
128.956
136.392
139.317
147.563
155.959
146.971
149.745
149.822
154.694
154.076
153.854
155.145
155.429
155.983
161.498
161.228
156.543
156.382
161.869
157.217
161.4
162.258
155.73
152.756
161.71
154.535
159.596
157.962
157.061
156.132
160.855
163.566
156.879
156.71
159.648
157.773
155.305
156.713
156.762
162.924
158.429
161.397
158.967
157.819
158.517
150.211
140.769
144.025
126.964
118.98
96.4826
88.8888
81.2267
78.7125
76.1748
80.1317
73.5372
77.3017
78.0983
81.2685
75.9089
79.5883
81.7883
81.06
84.306
76.9749
79.5237
79.616
79.5435
77.7985
76.0276
78.2248
79.1941
81.6297
73.2104
74.1859
77.6073
77.7524
77.0494
76.705
75.8357
75.2793
74.7226
77.5297
76.3843
75.5841
72.0662
73.3659
75.1136
72.0606
72.1528
73.5955
72.1079
69.3153
70.1137
70.6937
66.2626
57.2714
58.6187
63.8693
64.6484
64.3496
64.906
66.3438
67.3812
63.4186
65.8385
66.1974
66.131
62.8622
67.9247
65.4838
62.4771
66.7454
66.1996
69.1194
68.6673
66.5281
67.1298
64.8106
67.2185
65.954
65.926
66.5698
65.9009
66.4336
66.2538
69.278
67.4944
67.1981
65.7138
64.4866
64.8735
61.9071
66.103
69.344
66.2799
67.3607
67.7634
66.7888
65.7273
66.5034
65.9014
64.2834
64.7411
65.2715
64.6738
64.9323
64.9395
69.7544
64.4002
64.7559
65.6792
63.0088
62.7102
65.694
63.323
62.3665
62.3068
67.0707
66.1881
65.7107
63.1343
63.6755
64.9818
64.4011
62.8226
62.7135
65.6592
61.1349
64.3028
61.934
62.9981
61.9659
63.7153
63.3661
61.7117
61.0989
62.6936
61.6355
61.1309
59.6282
60.1405
62.3451
61.6883
59.4019
59.7353
58.6364
61.5812
58.8964
59.4383
57.8615
57.6586
59.7627
59.3322
60.4976
57.2657
