102.327
74.1915
76.7451
72.1314
71.7824
63.8463
68.1447
66.8418
68.4573
73.3289
77.9112
78.1435
78.6058
83.2312
81.2567
82.1557
85.456
80.9748
81.0299
79.0922
81.0172
79.7056
81.355
80.5579
81.0386
81.3652
79.8027
80.9552
78.7293
78.3291
80.0768
77.4648
77.3606
80.2252
79.9084
80.1073
75.1457
75.6435
74.8353
77.4831
75.2853
76.731
77.2553
73.0749
70.5167
72.9956
66.4324
63.8375
61.2594
59.6034
57.3786
51.5887
49.0527
46.912
47.4537
43.7477
43.7785
41.5163
43.2274
40.0326
38.8208
40.5343
42.4959
41.6805
40.9753
40.7321
38.825
42.87
42.3116
40.6777
40.5454
41.3348
41.0143
39.189
40.7193
39.9233
41.1145
39.6408
40.8896
40.1361
38.3617
39.319
38.9186
38.1176
40.3066
37.8735
40.658
39.6287
39.731
39.311
39.3365
40.9554
40.5439
41.5362
39.5981
38.84
38.8932
38.349
39.4311
39.4017
39.2193
38.8863
39.9049
39.0264
38.2675
35.7602
33.096
30.7386
33.4181
33.8999
35.933
35.7145
37.4297
35.8685
35.1108
35.4309
34.2479
34.6609
34.1389
35.1396
35.757
35.2435
34.9188
35.2192
35.0052
35.8776
35.3257
34.3118
33.9874
35.4785
34.5613
34.1604
36.124
35.6392
34.1636
35.2283
33.89
33.9114
35.0766
34.2939
34.1464
34.609
33.2288
33.9105
33.3959
33.3866
34.2787
33.1672
32.8862
33.5375
34.4763
33.6382
34.8523
34.0882
35.4892
34.9001
34.2329
34.2132
33.0855
32.7283
33.5842
33.2974
33.1082
33.0079
33.5941
33.7678
33.3867
33.3398
33.0939
32.3537
33.5382
31.6935
34.0052
32.3963
32.5484
31.3481
34.4369
31.3724
32.6356
33.7421
32.5928
31.8151
33.0839
32.7221
32.0205
32.4605
31.3726
31.7404
30.9533
32.6521
33.1358
30.5736
31.1173
31.2211
31.0114
30.6705
30.3535
30.4692
31.9503
30.2877
