91.5546
91.5432
91.7745
91.8066
92.24
91.6706
91.9147
91.5183
91.903
91.8092
91.816
91.8161
92.093
91.7199
91.5489
91.8671
91.6389
91.5392
91.4173
91.8444
91.9488
91.8683
91.5466
91.3481
91.4958
91.8279
91.4878
91.7138
91.8603
91.227
91.4674
91.4416
91.0104
91.439
91.4968
91.7449
91.8805
91.1436
91.9484
91.7534
91.7225
91.4746
91.5599
91.5641
90.634
91.1635
91.4216
90.5435
90.9248
91.2693
91.3199
91.333
91.8742
90.8272
90.4373
90.32
89.9662
89.9991
90.3055
90.8804
90.8237
90.9278
89.4475
89.9438
91.0894
90.0986
90.3752
90.7499
91.732
89.9127
90.3031
91.1026
91.1008
89.0889
90.9499
90.3649
89.2272
90.9163
87.7542
91.1856
89.8964
89.3524
88.2648
90.2609
88.388
89.6067
88.1666
89.1166
88.3314
87.7261
88.814
89.4972
88.7292
87.8159
91.3207
88.713
88.6556
89.467
88.925
87.9903
89.5841
90.1135
88.9928
89.3031
89.8321
90.2634
89.3448
90.0076
90.0222
89.1139
90.8083
89.6735
91.2966
89.7407
87.7591
89.4461
90.142
88.8175
87.8507
90.2157
89.462
89.2943
89.1468
89.7161
89.485
89.6377
89.1166
89.5466
89.8532
88.7054
89.2492
86.7193
89.7289
88.2288
88.2633
88.777
88.9573
88.7404
89.1847
89.7849
87.0911
89.5243
88.8372
87.6406
89.1884
88.8321
91.1662
88.0294
88.2782
89.0791
87.8219
85.4563
88.1496
89.4446
87.9649
87.0686
86.725
86.0686
89.4039
88.4803
87.2841
87.5769
85.7546
85.8983
88.1954
88.7621
86.2207
86.1086
86.2757
90.4292
89.6242
88.0338
88.8354
87.3893
86.9933
89.1839
87.4015
87.6121
87.1903
88.5638
87.0632
88.9049
85.6308
88.1609
87.6149
85.9642
89.4421
89.274
87.707
87.967
87.8412
87.633
87.4448
88.006
84.6888
86.1393
88.7027
87.9918
88.0584
88.16
