6.13788
5.26118
5.45782
5.73989
5.69724
5.81555
6.20269
6.162
5.92426
6.18314
5.8235
5.84394
5.79002
5.85009
5.56781
5.78817
5.83243
6.18592
5.94456
5.89917
6.06048
5.68553
5.63891
5.65602
5.60799
5.61553
5.47086
5.56145
5.89835
5.63492
5.64682
5.21773
5.46031
5.34873
5.24314
5.01228
4.99263
4.94233
5.04023
5.09338
5.06606
4.72442
4.92798
4.73943
4.63988
4.82785
4.76796
4.51253
4.83307
4.64256
4.8206
4.65984
4.73076
4.48348
4.71031
4.51243
4.48236
4.67574
4.65432
4.59119
4.39407
4.36238
4.39102
4.49388
4.41524
4.34264
4.34741
4.24939
4.26372
4.30153
4.22184
4.36008
4.39463
4.22979
4.35159
4.30104
4.24524
4.2716
4.18263
4.42413
4.40531
4.34379
4.12269
4.27782
4.19022
4.10311
4.35514
4.15484
4.1862
4.27074
4.10206
4.38268
4.29609
4.16305
4.20489
4.36967
4.23179
4.26335
4.21159
4.19222
4.12166
4.07785
3.95792
4.08918
4.08755
4.08877
4.1309
4.27789
4.01006
3.94399
3.96712
4.13449
4.08517
4.11098
4.07929
4.05834
4.13173
4.18869
3.96431
4.0518
3.91902
4.05865
4.04843
4.00155
4.03994
4.01066
3.95838
3.92645
3.93748
3.96253
4.05175
3.91835
3.88018
3.89929
3.91412
3.77269
3.93628
3.89461
3.85012
3.72437
3.85515
3.8372
3.71736
3.78599
3.92156
3.86147
3.90257
3.85739
3.81672
3.76521
3.80204
3.79926
3.83526
3.87533
3.82614
3.78044
3.69121
3.86947
3.71879
3.8229
3.77517
3.83234
3.60482
3.74189
3.64686
3.77747
3.80935
3.67245
3.73481
3.70378
3.83048
3.60004
3.77822
3.68765
3.65302
3.7761
3.6058
3.69172
3.69594
3.67273
3.54054
3.53376
3.67522
3.63064
3.54662
3.66765
3.77033
3.60878
3.65704
3.64836
3.67628
3.58733
3.5555
3.62294
3.53308
3.58225
3.56147
3.64347
3.67488
3.49173
