15.2755
14.9233
16.5236
15.2606
16.4687
16.4864
16.5194
16.5032
16.5349
16.5196
15.6837
15.136
16.5952
15.2677
15.2482
16.375
16.342
16.5313
15.4076
15.338
16.2753
15.0777
15.6746
16.4443
16.4306
16.5499
15.1278
15.1916
16.6147
14.7275
15.5736
15.2096
15.0353
15.4216
15.8303
16.5797
16.6174
15.1032
15.6559
14.6854
15.3251
16.519
16.4851
16.52
16.1373
16.4709
15.0687
15.0487
14.4423
15.244
14.0672
15.1858
15.1694
16.4521
11.6934
15.0842
15.0352
15.4379
15.3895
16.3003
15.0705
15.378
16.6519
16.4625
16.7539
16.2706
15.9809
15.4122
15.0059
16.3777
15.9435
16.4066
15.587
15.3782
16.3146
16.1982
15.4606
14.3583
15.3225
15.3754
16.3172
16.408
16.4331
16.3185
15.2724
16.4022
15.2648
16.4891
16.6338
16.1489
16.4174
15.3551
16.3159
15.3586
16.2217
14.723
16.4223
15.2285
15.3377
15.4582
16.5048
15.6181
16.397
16.515
16.3751
16.3549
14.7413
16.517
16.5329
16.2209
16.4233
16.2854
15.1647
15.2292
15.3414
16.3165
16.2458
15.3619
15.6108
14.7872
16.3098
15.0258
16.5162
15.2931
16.3518
16.2964
14.3527
15.2638
16.355
16.4649
16.288
16.3499
16.3705
14.9462
16.4014
15.4345
14.9429
16.2901
15.2607
16.2599
15.4826
16.0592
16.3499
16.4089
16.3147
16.3232
15.1853
16.4723
16.3156
16.2641
16.4082
16.3419
15.8717
15.1158
16.2936
16.4789
15.4026
15.1221
16.2973
16.4191
14.882
16.2172
14.6474
15.3167
16.2926
16.3921
15.4823
16.2814
15.4095
16.4275
15.1558
16.3048
16.2708
15.359
16.3511
15.472
15.325
15.4663
15.3653
16.2853
16.376
16.3263
14.709
15.382
16.4009
15.0951
15.3851
16.2342
16.3751
14.7788
15.332
16.2453
16.2469
15.7513
15.0571
15.3172
16.2996
16.4043
14.9037
16.3811
