0.103601
0.104525
0.118468
0.141973
0.175854
0.172926
0.160521
0.150157
0.165894
0.204721
0.191808
0.187921
0.0463735
0.0104938
0.0104706
0.0105308
0.0102396
0.0102644
0.00883953
0.00483952
0.0044307
0.00411152
0.00261054
0.00317626
0.00298036
0.00309934
0.00325923
0.00327784
0.00327354
0.00287922
0.00274756
0.00321944
0.00298613
0.00288338
0.00271747
0.00304149
0.00307372
0.00301369
0.00289488
0.00293735
0.00301301
0.00297905
0.00293543
0.00299281
0.0030863
0.00282475
0.00294281
0.00325149
0.00297504
0.00295165
0.00272533
0.00284545
0.00299789
0.00278259
0.00317353
0.00301635
0.00274004
0.00290493
0.00276401
0.00286506
0.0029727
0.00283458
0.00293949
0.00273069
0.00300887
0.00269007
0.00296032
0.00289548
0.00273774
0.00295123
0.0029256
0.0028817
0.00300541
0.0029833
0.00289051
0.00294404
0.00304468
0.00289252
0.00295405
0.00281274
0.00271284
0.00312585
0.00287649
0.0027501
0.00299276
0.00301088
0.00280809
0.00277509
0.00287978
0.00294631
0.00282859
0.0029278
0.00284561
0.00290225
0.00292752
0.00280737
0.00302566
0.00277843
0.00294466
0.002968
0.00298109
0.00284119
0.00300168
0.00296651
0.00281173
0.00298143
0.00296365
0.00281281
0.00289334
0.00282873
0.00288078
0.00277112
0.00291347
0.00295635
0.00286884
0.00275012
0.00302539
0.00294019
0.00282474
0.00294349
0.00295086
0.00310735
0.00292991
0.00282961
0.00294324
0.00294371
0.00289296
0.00299516
0.00294356
0.00283741
0.00290968
0.00297747
0.00301457
0.00284078
0.00293742
0.00300882
0.00301962
0.00281703
0.00300632
0.0028533
0.00304992
0.00283247
0.00286894
0.00287466
0.00272582
0.00278994
0.00276589
0.00282554
0.00292498
0.00290971
0.00287116
0.00276794
0.00276511
0.00279291
0.00295887
0.00276062
0.00293177
0.00283739
0.00286497
0.00272427
0.00274202
0.00281147
0.00284765
0.00270669
0.00285044
0.00283976
0.00282866
0.00279497
0.00277169
0.00275656
0.00282801
0.00284313
0.00291833
0.0028747
0.00289245
0.002826
0.00288666
0.00294511
0.0027384
0.00292998
0.0028595
0.00291378
0.00283021
0.00267809
0.00264403
0.00271636
0.0027513
0.00282881
0.00276081
0.00278744
0.00278963
0.00275769
0.00284365
0.00276814
0.00277759
0.00282113
0.00279935
0.00286739
0.00285869
0.00277015
