1.03883
1.03369
1.04161
1.05444
1.07589
1.01408
1.03248
1.0501
1.03729
1.04796
1.04552
1.06905
1.02154
1.02561
1.04347
1.07657
1.04198
1.06909
1.06636
1.06967
1.03605
1.08019
1.09409
1.04566
1.04436
1.17007
1.21156
1.06723
1.07042
1.04466
1.19199
1.1201
1.10869
1.22149
1.13741
1.12645
1.08252
1.22812
1.11432
1.15512
1.16775
1.10882
1.13641
1.08457
1.10506
1.12752
1.08759
1.1493
1.22417
1.12315
1.15525
1.17361
1.15423
1.1916
1.18706
1.18816
1.17062
1.17734
1.21553
1.16733
1.12054
1.29733
1.14121
1.25492
1.18493
1.19937
1.18271
1.27488
1.1282
1.37739
1.17022
1.18036
1.22625
1.34332
1.23757
1.23302
1.20344
1.17952
1.2885
1.26163
1.22459
1.27125
1.21072
1.24603
1.27893
1.21709
1.18234
1.25432
1.26266
1.22302
1.30733
1.22868
1.18895
1.2302
1.14036
1.24664
1.24099
1.15598
1.25485
1.21585
1.20084
1.20807
1.28341
1.38965
1.22191
1.2528
1.28287
1.26597
1.21571
1.21822
1.20223
1.21876
1.28706
1.30611
1.2775
1.27818
1.18824
1.29914
1.25698
1.26532
1.23795
1.28819
1.23487
1.3154
1.21561
1.24407
1.28535
1.24527
1.26655
1.19574
1.21197
1.21353
1.27978
1.20625
1.2329
1.23171
1.26346
1.21607
1.21444
1.20563
1.31148
1.26745
1.19842
1.25469
1.27474
1.2951
1.28048
1.25029
1.28429
1.26252
1.19716
1.31541
1.28272
1.2948
1.36287
1.1791
1.20456
1.28038
1.26196
1.2158
1.25531
1.27913
1.22443
1.50836
1.27515
1.23013
1.20816
1.28774
1.26272
1.25859
1.33718
1.28946
1.30005
1.21019
1.32215
1.30843
1.35105
1.43386
1.30378
1.28395
1.33488
1.35483
1.19608
1.2948
1.35391
1.25119
1.25541
1.25773
1.25343
1.37287
1.26038
1.48771
1.27312
1.19531
1.2465
1.36872
1.19308
1.35466
1.26598
1.39116
