0.0958699
0.113103
0.114174
0.117649
0.110287
0.112623
0.116483
0.113099
0.105456
0.0203806
0.0185771
0.0194124
0.0194728
0.0195186
0.0188151
0.0197216
0.0193044
0.0184489
0.0184812
0.0194386
0.0187486
0.0192793
0.0191104
0.0194247
0.0193736
0.0193779
0.0197062
0.0195098
0.0192582
0.0195249
0.0189488
0.0200186
0.0184578
0.0195066
0.0192854
0.0191476
0.019687
0.0191661
0.0197647
0.0189414
0.0192681
0.0188479
0.0195962
0.0194419
0.0192399
0.0190129
0.0190915
0.0190929
0.0187012
0.0187612
0.0191618
0.0197323
0.0192037
0.0187413
0.0190021
0.0190085
0.0184888
0.0192279
0.0191095
0.0183311
0.0188679
0.0182889
0.0187019
0.0185022
0.0187971
0.0183614
0.0183164
0.0178941
0.0180865
0.0163258
0.0152145
0.0164253
0.0159915
0.0155032
0.0157877
0.0157617
0.0153416
0.0158434
0.0157185
0.0154521
0.0148999
0.0157824
0.0148116
0.0147761
0.0142371
0.0137354
0.0133955
0.0128935
0.0129403
0.0130664
0.0134275
0.0138434
0.0126651
0.0124675
0.013312
0.0122893
0.0129148
0.0130791
0.0124458
0.0124649
0.0125816
0.0126611
0.012077
0.0120252
0.0123952
0.0125001
0.0116403
0.0119473
0.0119976
0.0118193
0.0130508
0.0121992
0.0118017
0.0115432
0.0118951
0.0118706
0.0115682
0.0113384
0.0111962
0.011731
0.0111015
0.0114176
0.0109952
0.0107477
0.0115568
0.0109246
0.0108834
0.0104597
0.0109632
0.0109793
0.0102245
0.0113309
0.010653
0.0106742
0.0116677
0.0108678
0.0102381
0.0106716
0.0112444
0.0107947
0.0108198
0.0106573
0.00992103
0.0104933
0.010415
0.0101927
0.0103242
0.0105069
0.0106559
0.0105141
0.0108321
0.0101303
0.0101645
0.0108219
0.010437
0.00997599
0.0105855
0.0101741
0.00991906
0.0100954
0.0103839
0.0101015
0.010023
0.0101824
0.0100292
0.00983384
0.00969967
0.00994107
0.0102253
0.00938556
0.0102803
0.0103763
0.00956694
0.0100549
0.0096732
0.00971507
0.00932387
0.00883645
0.0092389
0.00959817
0.00950956
0.00941886
0.00955645
0.00934853
0.00937087
0.0093175
0.00936105
0.00905483
0.00963654
0.00950737
0.00948728
0.0097245
0.00936605
0.00909745
0.00924072
0.00871311
0.00901172
0.00928079
0.00940925
0.0098143
