25.6272
25.2353
26.7846
27.8399
30.3851
31.0418
30.408
30.4122
31.51
31.266
31.8943
30.3896
31.1781
31.1011
31.7665
31.3362
32.4571
32.5007
32.5148
31.7354
32.4243
33.2271
32.5608
32.9686
32.8256
32.908
32.0426
31.8645
31.6424
31.9464
32.281
33.4487
32.5504
30.5054
32.3431
32.606
31.9521
31.996
32.0028
31.6142
30.7821
32.1347
32.748
31.2408
32.734
31.2382
31.8309
30.8684
32.037
32.3427
31.0926
30.7471
31.9913
31.1282
31.2857
30.0289
31.4994
30.2835
30.6947
29.5523
28.7546
29.411
28.6518
27.4716
26.6648
25.9396
24.2283
24.609
22.9262
21.7111
20.5981
19.7728
19.2411
19.4507
18.9073
19.5081
19.9793
18.3663
19.1783
18.561
18.5838
18.777
19.2745
18.2285
18.4397
18.6989
18.7228
19.1939
18.6865
19.0897
18.1301
18.634
17.6631
17.4065
17.6343
17.7003
17.8181
17.2406
17.8188
16.9749
13.2228
11.1279
12.7412
13.61
15.1534
15.4514
15.2666
15.6467
16.161
15.6208
15.9198
15.4041
16.1495
15.6912
15.6963
15.9873
15.545
15.7199
16.2031
15.2809
16.382
15.9845
15.2392
15.8495
15.4373
15.224
15.8693
14.9464
15.0663
15.6455
15.0654
15.551
15.6996
14.6611
15.2313
14.864
14.6457
15.4067
14.7422
14.8244
15.5393
15.2628
15.1294
15.0309
15.0296
15.3278
15.392
15.0801
14.9306
14.6832
15.0572
14.3842
15.1647
14.8355
14.4449
15.2406
14.8333
14.4975
14.5203
15.0781
14.8965
14.494
14.6367
14.7058
14.6618
15.4602
14.3607
14.2892
14.5088
15.3399
14.0821
14.7087
14.7303
14.4296
13.7785
14.2226
14.8785
13.9564
14.128
14.3154
13.9465
13.7893
14.3764
13.8042
14.2902
14.1168
14.8795
13.4188
14.3775
13.984
13.6978
13.712
14.0967
13.8598
13.9368
13.1702
13.6213
13.3388
13.5074
13.4616
