18.2802
18.4422
18.213
18.1165
18.1473
17.9611
18.3179
18.2623
18.5475
18.2952
18.3294
18.4754
18.3945
18.5103
18.3184
18.3749
18.4216
18.4468
18.5661
18.4111
18.2616
18.2662
18.2831
18.3634
18.569
18.44
18.3012
18.1712
18.5498
18.5247
18.3827
18.2597
18.4898
18.4833
18.3262
18.4414
18.2794
18.4185
18.4395
18.3925
18.3829
18.3449
18.334
18.3312
18.4369
18.3723
18.3518
18.3809
18.2582
18.2788
18.2879
18.2572
18.1772
18.4614
18.2859
18.4406
18.3287
18.3898
18.2941
18.3029
18.283
18.1
18.4708
18.3548
18.408
18.371
18.2056
18.2117
18.3548
18.3741
18.1942
18.3448
18.3833
18.4463
18.3423
18.2965
18.3648
18.3865
18.1353
18.2146
18.1497
18.1469
18.3596
18.2312
18.0752
18.2144
18.375
18.3591
18.3735
18.0985
17.9591
18.2395
18.3104
18.1047
18.2478
18.1329
18.0679
18.2515
18.1695
18.3306
