2.35978
2.56491
2.61799
2.61823
2.42482
2.41971
2.59992
2.61062
2.42683
2.61206
2.62436
2.39651
2.40925
2.41801
2.54914
2.37553
2.45044
2.44846
2.4447
2.3228
2.55202
2.33589
2.54706
2.32831
2.35668
2.43729
2.59395
2.44114
2.27161
2.3608
2.33315
2.47338
2.62467
2.44164
2.4065
2.4331
2.19872
2.36706
2.42189
2.23169
2.21288
2.32723
2.31808
2.28127
2.35814
2.35204
2.28496
2.32676
2.23416
2.39096
2.4483
2.22024
2.14673
2.61252
2.18943
2.18424
2.45991
2.31078
2.3473
2.4107
2.16268
2.35334
2.23037
2.32257
2.06613
2.23511
2.21667
2.32878
2.32545
2.2096
2.3317
2.43154
2.22039
2.32866
2.32603
2.35836
2.34392
2.28269
2.34118
2.33455
2.41548
2.29588
2.4386
2.33712
2.34231
2.10641
2.1751
2.247
2.35386
2.2162
2.09007
2.16496
2.1877
2.30695
2.24444
2.34521
2.2302
2.17217
2.17035
2.19082
2.11038
2.1656
2.30017
2.18179
2.16647
2.3089
2.24384
2.31483
2.18649
2.0516
2.13402
2.06421
2.29427
2.22849
2.38241
2.23611
2.15927
2.28249
2.33601
2.31903
2.29634
2.21455
2.31633
2.09305
2.32668
2.04439
2.2335
2.28686
2.32478
2.2312
2.35149
2.34405
2.15686
2.33353
2.28812
2.17144
2.30236
2.30336
2.1269
2.19195
2.16131
2.07883
2.18832
2.21751
2.28662
2.20616
2.34047
2.16516
2.13539
2.30735
2.15616
2.28157
2.30417
2.31272
2.17292
2.20178
2.07925
2.14542
2.22153
2.32717
2.29135
2.31923
2.3028
2.31082
2.15538
2.14505
2.13684
2.33877
2.17021
2.16132
2.18469
2.12862
2.19571
2.16909
2.17266
2.20194
2.30691
2.14309
2.35294
2.19496
2.21461
2.12473
2.3748
2.28322
2.39767
2.13989
2.29148
2.17641
2.12513
2.18496
2.16192
2.12696
2.32783
2.16901
2.09616
2.17095
2.32435
2.32496
2.18142
2.14961
