  0.0122805
  0.0108315
 0.00629154
 0.00166214
9.53023e-05
4.36901e-05
  0.0014564
 0.00618658
  0.0112801
  0.0132129
  0.0134288
  0.0122385
 0.00752972
 0.00221821
0.000197273
1.40601e-05
 0.00149986
 0.00726923
  0.0141608
  0.0172418
   0.017869
  0.0169443
  0.0111636
 0.00369281
 0.00045976
1.18252e-07
 0.00197635
  0.0113321
  0.0242911
  0.0314431
  0.0336486
  0.0341069
  0.0251998
 0.00986191
 0.00168178
4.17619e-05
 0.00475089
  0.0367668
   0.101589
   0.161136
   0.194364
    0.26066
   0.346862
   0.400669
   0.411335
   0.408007
   0.385161
   0.319821
   0.233178
   0.172484
   0.143339
  0.0926876
  0.0386122
  0.0095597
 0.00157103
0.000184296
0.000879984
 0.00537229
 0.00883008
 0.00926675
 0.00888435
 0.00725169
 0.00394561
 0.00123112
0.000253599
4.43817e-05
9.40723e-05
0.000772994
 0.00141656
 0.00156486
 0.00153368
 0.00129954
0.000741194
0.000245036
5.62721e-05
1.25643e-05
1.17814e-05
0.000121707
0.000222688
0.000239396
0.000230076
0.000185691
 9.6274e-05
2.82892e-05
6.16962e-06
 1.5109e-06
5.15952e-07
4.69908e-06
4.07619e-06
1.52337e-06
4.99743e-07
1.65582e-07
3.06783e-06
4.47039e-06
  2.438e-06
1.02129e-06
3.16608e-07
1.42973e-05
5.50231e-05
 9.3121e-05
0.000112061
0.000139913
0.000139012
8.34235e-05
 3.3753e-05
1.36528e-05
1.21104e-06
8.10302e-05
0.000276649
0.000434968
0.000506644
0.000599405
0.000564127
0.000332968
0.000140107
6.14662e-05
1.25486e-06
0.000249785
0.000909831
 0.00147274
 0.00174148
 0.00212918
 0.00213209
 0.00138075
0.000648001
0.000316112
1.45191e-07
 0.00111033
 0.00509068
 0.00969635
  0.0125894
  0.0190732
  0.0293946
  0.0385304
  0.0428503
  0.0442239
  0.0450722
  0.0418823
  0.0343663
  0.0277672
  0.0242341
  0.0174612
 0.00900062
 0.00331603
 0.00114894
 0.00051663
9.88338e-06
0.000363212
 0.00107329
 0.00138813
 0.00145408
 0.00139511
 0.00098044
0.000458362
0.000185324
9.18242e-05
3.92585e-06
5.62906e-05
0.000195855
0.000269398
 0.00028936
0.000289209
0.000212999
0.000103878
4.38052e-05
2.26124e-05
1.52272e-06
9.77014e-06
 3.6158e-05
4.90691e-05
 5.1961e-05
4.99442e-05
3.38972e-05
1.48151e-05
5.74276e-06
2.86065e-06
2.25465e-07
5.30076e-07
 1.2612e-06
9.35207e-07
6.14348e-07
8.56492e-08
2.57115e-07
1.06867e-06
1.12655e-06
8.92659e-07
1.97901e-07
7.88133e-07
7.30742e-06
1.60427e-05
2.14055e-05
 3.1921e-05
4.08803e-05
3.46255e-05
2.21869e-05
1.48577e-05
2.96516e-06
4.98277e-06
4.33232e-05
8.74799e-05
0.000112251
0.000156567
0.000186238
0.000151078
9.63863e-05
6.53973e-05
1.49986e-05
1.44229e-05
 0.00014933
0.000312058
0.000406213
0.000582898
0.000728934
0.000634241
0.000433883
0.000309379
8.58543e-05
5.30245e-05
0.000782253
 0.00190141
 0.00268381
 0.00460371
 0.00809144
  0.0117463
   0.013886
  0.0147614
   0.015914
  0.0160365
  0.0143169
  0.0123168
  0.0111291
 0.00865145
 0.00514974
 0.00239713
 0.00113245
0.000685286
0.000157927
1.63125e-05
0.000249034
0.000431642
0.000501253
0.000567192
0.000495506
 0.00030351
0.000167456
0.000109433
3.02891e-05
1.65585e-06
4.40389e-05
8.33097e-05
9.99319e-05
0.000118956
  0.0001098
7.01839e-05
3.98713e-05
2.65571e-05
7.90669e-06
 1.6124e-07
8.36397e-06
1.60593e-05
1.91538e-05
2.22179e-05
1.92234e-05
 1.1191e-05
5.87269e-06
3.74487e-06
1.03663e-06
 3.4592e-09
4.20616e-07
5.53135e-07
4.96602e-07
2.40316e-07
 3.4344e-10
2.63034e-07
4.96177e-07
 5.3258e-07
3.70911e-07
3.84548e-33
1.11017e-06
3.69973e-06
5.65448e-06
1.03556e-05
1.69555e-05
1.87038e-05
1.55429e-05
1.27367e-05
6.20294e-06
3.28384e-08
7.27586e-06
2.24561e-05
3.28627e-05
5.56524e-05
8.31429e-05
8.61371e-05
6.98668e-05
5.69952e-05
2.83152e-05
5.16568e-07
 2.4332e-05
8.01492e-05
 0.00011943
0.000208137
0.000324605
  0.0003557
0.000303915
0.000256369
0.000139638
5.58953e-06
0.000111917
0.000439037
0.000706263
 0.00143949
 0.00296942
 0.00482378
  0.0060759
 0.00665471
 0.00758264
 0.00825385
 0.00796087
 0.00724055
 0.00674219
 0.00558812
 0.00372938
 0.00204707
 0.00115845
0.000805789
0.000315283
1.59594e-05
4.49348e-05
0.000142093
0.000193131
0.000270355
  0.0002962
 0.00022663
 0.00015281
0.000115132
5.23946e-05
3.96795e-06
6.94489e-06
2.60043e-05
3.70433e-05
5.54484e-05
6.50163e-05
5.22279e-05
3.62128e-05
 2.7679e-05
1.30527e-05
1.21986e-06
1.21012e-06
 5.0641e-06
7.28693e-06
 1.0827e-05
1.21253e-05
 9.0251e-06
5.84336e-06
4.29188e-06
1.86002e-06
 1.6664e-07
 6.9977e-08
2.51587e-07
 3.0279e-07
2.66302e-07
5.29392e-08
2.97072e-08
1.65515e-07
2.39779e-07
2.99591e-07
1.05213e-07
7.73938e-08
7.46863e-07
1.43308e-06
3.49392e-06
7.54826e-06
1.05855e-05
1.06386e-05
9.85466e-06
6.93829e-06
1.62306e-06
4.72573e-07
4.94781e-06
9.13735e-06
2.04647e-05
3.96608e-05
 5.1315e-05
4.96388e-05
4.53568e-05
 3.1561e-05
7.96258e-06
1.17731e-06
1.70055e-05
3.25612e-05
7.58267e-05
0.000153119
0.000207592
0.000209256
0.000196125
0.000145347
4.36781e-05
3.26169e-06
8.13166e-05
0.000170659
0.000462785
 0.00118831
 0.00220931
 0.00298737
 0.00337942
 0.00408176
 0.00480418
 0.00499502
 0.00478662
 0.00458193
 0.00402173
 0.00295778
 0.00184498
 0.00118178
0.000894857
0.000451635
8.89315e-05
2.28441e-07
3.32941e-05
6.32768e-05
0.000125147
0.000181065
0.000171511
 0.00013536
0.000112291
6.64796e-05
1.65075e-05
2.36088e-09
5.36956e-06
1.12038e-05
2.45228e-05
3.87431e-05
3.89213e-05
3.16865e-05
2.66645e-05
1.62343e-05
4.31271e-06
2.06742e-08
9.72522e-07
2.16535e-06
4.88546e-06
7.54969e-06
7.15355e-06
 5.5027e-06
 4.4754e-06
2.52431e-06
5.94061e-07
  6.625e-09
5.72711e-08
 1.1998e-07
1.96216e-07
 1.1837e-07
3.56935e-09
2.59907e-08
  6.852e-08
1.62453e-07
1.64568e-07
 1.0991e-08
7.30904e-08
2.54934e-07
1.04109e-06
3.24224e-06
5.83942e-06
6.92008e-06
 7.0355e-06
6.23419e-06
3.09929e-06
 2.0616e-07
4.71906e-07
1.73318e-06
 6.6458e-06
1.83293e-05
2.99317e-05
 3.3725e-05
3.35912e-05
2.89174e-05
 1.4348e-05
1.28241e-06
1.30621e-06
5.72877e-06
2.40531e-05
6.97279e-05
0.000118686
 0.00013833
0.000140604
0.000127011
7.00864e-05
8.80054e-06
4.30231e-06
2.51674e-05
0.000129521
0.000469403
 0.00103966
 0.00152883
 0.00179413
 0.00231049
 0.00295259
 0.00331099
 0.00333811
  0.0032804
 0.00303691
 0.00243487
 0.00168838
 0.00118806
0.000954946
0.000564411
0.000182327
1.87409e-05
8.51709e-07
1.03549e-05
4.74685e-05
0.000104384
0.000125373
0.000114242
0.000102445
7.27696e-05
2.94985e-05
4.05322e-06
3.63328e-08
1.46923e-06
8.59935e-06
2.14566e-05
2.77455e-05
2.62341e-05
2.39082e-05
1.74729e-05
7.40182e-06
1.15095e-06
6.29795e-11
2.33104e-07
1.68742e-06
4.29561e-06
5.34494e-06
4.83246e-06
4.28224e-06
 2.9326e-06
1.10496e-06
1.56213e-07
1.06977e-09
1.24882e-08
9.19015e-08
 1.3094e-07
4.22184e-08
8.56629e-10
4.35424e-09
5.50372e-08
1.33081e-07
 7.3597e-08
3.39866e-09
8.96825e-09
2.17602e-07
1.23823e-06
3.00708e-06
4.19771e-06
4.63597e-06
4.91086e-06
3.64506e-06
 1.2036e-06
7.95349e-08
3.90907e-08
 1.4863e-06
7.57776e-06
1.64178e-05
 2.1532e-05
2.31536e-05
2.35162e-05
1.68825e-05
5.78084e-06
5.68868e-07
4.26807e-08
5.03333e-06
2.82584e-05
6.38723e-05
8.62432e-05
9.43057e-05
9.95535e-05
7.72789e-05
3.04656e-05
 4.3146e-06
1.18939e-09
 2.2968e-05
0.000167134
0.000476003
0.000777996
0.000953935
 0.00132237
 0.00184852
 0.00224219
 0.00237843
 0.00239826
 0.00233659
 0.00202845
 0.00154209
 0.00117135
0.000985846
0.000651999
0.000278043
6.81277e-05
9.89058e-06
6.62259e-07
9.73883e-06
5.19383e-05
8.52429e-05
9.03377e-05
8.71223e-05
7.19271e-05
3.95581e-05
 1.2128e-05
2.24673e-06
2.78342e-07
1.46298e-06
1.00554e-05
1.82075e-05
2.01974e-05
1.98595e-05
1.69381e-05
9.70481e-06
3.14294e-06
6.58593e-07
1.15962e-07
2.47402e-07
2.02431e-06
3.62641e-06
3.89588e-06
 3.7476e-06
3.03082e-06
1.56849e-06
4.49342e-07
9.01816e-08
1.85094e-08
1.41329e-08
9.32196e-08
7.57288e-08
2.58977e-08
7.25564e-09
5.45406e-09
6.93948e-08
9.44904e-08
4.74213e-08
1.72968e-08
1.26883e-08
3.73493e-07
1.38377e-06
2.32449e-06
2.79193e-06
3.47716e-06
3.43414e-06
 2.0131e-06
7.65117e-07
2.78211e-07
6.91381e-08
2.47622e-06
8.11522e-06
1.26592e-05
1.47148e-05
1.73606e-05
1.62379e-05
9.37423e-06
3.73232e-06
1.50172e-06
1.32531e-07
8.90689e-06
3.09551e-05
4.96394e-05
 5.8545e-05
7.13253e-05
7.09488e-05
4.50007e-05
 2.0111e-05
9.13457e-06
2.01406e-07
4.60436e-05
0.000200585
0.000378897
0.000491244
0.000744367
 0.00115199
 0.00151985
  0.0016988
 0.00175794
 0.00180115
 0.00168634
 0.00139311
 0.00112984
0.000987566
0.000712818
0.000366578
 0.00013282
4.42549e-05
1.89045e-05
8.65898e-08
1.86367e-05
5.13309e-05
6.54208e-05
6.82145e-05
 6.5005e-05
4.52222e-05
 2.0708e-05
8.06134e-06
3.81713e-06
7.97945e-08
3.25699e-06
1.04395e-05
1.41125e-05
1.50733e-05
 1.4939e-05
1.08719e-05
5.19018e-06
2.11208e-06
1.04737e-06
4.46314e-08
   6.29e-07
2.11631e-06
 2.8147e-06
2.96055e-06
2.81605e-06
1.88322e-06
  8.036e-07
3.00542e-07
1.44227e-07
8.17329e-09
3.67987e-08
7.68686e-08
5.39815e-08
3.40295e-08
3.53823e-09
1.94458e-08
7.02815e-08
 7.0206e-08
5.35035e-08
9.18074e-09
6.54682e-08
5.32155e-07
1.13843e-06
1.50609e-06
2.21756e-06
2.79527e-06
2.31663e-06
1.44119e-06
9.37607e-07
1.53944e-07
 4.5047e-07
3.37572e-06
6.64337e-06
8.45534e-06
1.16544e-05
1.36627e-05
1.08635e-05
6.74614e-06
4.46039e-06
8.73255e-07
1.44516e-06
 1.2549e-05
2.55137e-05
3.29321e-05
4.66912e-05
5.75684e-05
4.91609e-05
3.28121e-05
2.28622e-05
5.56688e-06
5.97365e-06
7.13733e-05
0.000168759
 0.00023639
0.000401797
0.000701695
  0.0010161
 0.00120047
 0.00127603
 0.00137571
 0.00138665
 0.00123792
 0.00106444
0.000961304
0.000745979
0.000441589
0.000202879
9.39452e-05
 5.5795e-05
1.17008e-05
2.29842e-06
2.49451e-05
4.17363e-05
4.79706e-05
5.35163e-05
 4.6021e-05
2.76691e-05
1.49394e-05
9.58521e-06
2.43963e-06
2.82951e-07
4.71937e-06
8.58007e-06
1.01744e-05
1.19212e-05
1.08144e-05
 6.7795e-06
 3.7703e-06
2.46793e-06
6.81987e-07
3.67598e-08
9.49502e-07
1.74374e-06
2.05333e-06
2.33994e-06
 1.9851e-06
1.13081e-06
 5.8017e-07
3.63504e-07
9.38586e-08
1.44308e-09
4.88496e-08
6.01466e-08
5.25085e-08
2.34848e-08
3.42894e-10
3.24997e-08
5.72377e-08
5.97478e-08
3.86075e-08
3.93823e-10
1.48004e-07
4.65987e-07
7.01156e-07
1.25747e-06
2.01517e-06
2.17709e-06
 1.7738e-06
1.43232e-06
6.60663e-07
4.69419e-32
1.01028e-06
2.93684e-06
4.23191e-06
7.02471e-06
1.02886e-05
1.04573e-05
8.32938e-06
6.70384e-06
3.17205e-06
1.63225e-08
3.56764e-06
1.09962e-05
1.61199e-05
2.75214e-05
4.20904e-05
4.52947e-05
3.80543e-05
3.17065e-05
1.65315e-05
3.29927e-07
1.74882e-05
6.37688e-05
0.000100904
0.000201788
0.000410378
0.000661587
0.000830462
0.000908283
 0.00103249
 0.00112062
 0.00107782
0.000978185
0.000909717
0.000751793
 0.00049864
0.000270815
0.000151308
0.000104195
3.93469e-05
1.41363e-06
7.54605e-06
2.16508e-05
2.88298e-05
3.93927e-05
4.22424e-05
3.17305e-05
2.10585e-05
1.56936e-05
6.89563e-06
3.99039e-07
1.24353e-06
4.15351e-06
5.78275e-06
8.42802e-06
9.65402e-06
7.60516e-06
5.18877e-06
3.92337e-06
1.78946e-06
1.34416e-07
2.30038e-07
8.40707e-07
1.17926e-06
1.70145e-06
1.85693e-06
1.35254e-06
8.60476e-07
6.24812e-07
2.61786e-07
1.94555e-08
1.38555e-08
4.19173e-08
4.86745e-08
4.04252e-08
6.66197e-09
6.32084e-09
2.90864e-08
4.05868e-08
4.78784e-08
1.41431e-08
1.78479e-08
1.40612e-07
 2.6122e-07
6.14604e-07
1.28949e-06
1.76883e-06
1.74897e-06
 1.6038e-06
1.09752e-06
2.24636e-07
1.17296e-07
9.55229e-07
1.70477e-06
3.68481e-06
6.94652e-06
8.80694e-06
 8.3927e-06
7.59761e-06
5.15048e-06
1.15734e-06
3.28861e-07
3.41452e-06
6.29447e-06
1.41151e-05
2.77177e-05
 3.6848e-05
3.66241e-05
3.40299e-05
2.46216e-05
6.68849e-06
1.09096e-06
 1.7149e-05
3.45141e-05
9.00381e-05
0.000225555
0.000414123
0.000556796
 0.00062837
0.000755936
0.000885401
0.000916541
 0.00087565
0.000836847
 0.00073199
0.000534971
0.000330691
 0.00020985
0.000157865
7.81437e-05
1.42189e-05
2.11728e-07
7.33044e-06
1.31785e-05
2.48395e-05
3.48176e-05
3.23107e-05
2.51491e-05
2.06932e-05
1.19923e-05
2.76432e-06
7.99417e-09
1.24193e-06
2.42766e-06
5.03461e-06
7.68361e-06
7.55123e-06
6.05941e-06
5.05675e-06
3.01438e-06
7.47527e-07
1.05311e-10
2.35089e-07
4.84511e-07
1.02905e-06
1.53116e-06
1.41623e-06
1.07228e-06
8.64252e-07
4.76689e-07
1.04881e-07
3.85938e-10
  1.416e-08
2.69141e-08
 4.0573e-08
2.22989e-08
2.92141e-10
6.83682e-09
