0.0283014
0.14795
0.081692
0.0823246
0.0748367
0.0742921
0.0762865
0.0803011
0.078205
0.0725702
0.0729626
0.0675595
0.0723405
0.0719901
0.068323
0.0685037
0.063147
0.0601702
0.0637597
0.0572559
0.0554662
0.0559914
0.0519901
0.0495605
0.0544612
0.0530432
0.0523685
0.0515721
0.0503191
0.0496365
0.0512618
0.0448431
0.0495026
0.0523682
0.0454773
0.0457861
0.0433026
0.0495942
0.0516415
0.0469072
0.0395622
0.0429713
0.0424773
0.0448335
0.0413627
0.0440601
0.043451
0.0397432
0.042302
0.040381
0.0448232
0.0395818
0.0421491
0.0370447
0.0370385
0.0365826
0.032477
0.0371146
0.0390658
0.0348673
0.0344152
0.0341512
0.0345395
0.0351588
0.0350734
0.0359533
0.034236
0.0380683
0.0401266
0.0339301
0.0344183
0.0343974
0.0303684
0.03309
0.0320533
0.0357663
0.035718
0.0326492
0.0389646
0.030713
0.0294489
0.035328
0.0315356
0.0337696
0.0346077
0.0298336
0.0353029
0.0249084
0.031152
0.0277966
0.0272266
0.0266126
0.0264152
0.0322436
0.0281645
0.0271313
0.0305885
0.0297572
0.027186
0.0298351
