21.2354
19.0103
23.2215
23.4565
23.2431
25.3205
24.8771
24.8598
24.1578
22.6246
22.1921
23.2801
23.5367
23.6973
22.2908
23.5227
24.6441
25.2689
24.3739
25.2041
25.328
25.1044
25.3042
24.8563
24.0999
24.6475
22.7022
22.3885
21.4882
20.6245
17.861
18.0268
14.8288
13.2008
12.085
10.3989
9.49622
8.32544
8.7859
9.39453
9.05697
9.44287
9.10377
9.26791
9.38821
9.4193
9.07976
8.91556
9.10626
9.55087
9.35637
9.11798
9.66702
9.55154
9.68574
9.7324
10.1792
9.50917
10.0395
9.64809
9.87091
10.0352
9.81157
9.31813
9.54357
9.79222
9.57721
10.1239
9.52069
10.05
10.1557
10.5089
9.86241
10.4316
10.163
10.7118
10.4742
10.2576
10.5435
10.1548
11.0919
10.1403
10.3381
10.5545
10.2546
10.8044
10.3331
10.3965
10.3324
10.3777
10.4149
10.8649
10.3488
11.0371
10.2719
10.0733
10.0889
9.71324
9.9801
9.70193
10.2707
10.1186
9.79966
9.55016
9.7488
9.73534
9.965
10.1012
10.0635
9.96248
9.82904
10.1517
10.3102
10.2195
10.0688
9.85215
9.5645
9.83084
10.2323
9.94764
9.92808
10.1603
9.95835
10.0936
9.98692
10.0564
10.1349
9.73823
10.1069
10.0854
9.54977
10.353
9.58322
9.62424
9.8069
9.862
10.1461
9.71731
9.5354
9.83078
9.81389
9.47215
9.93556
9.91825
9.57007
10.0042
9.51015
9.52121
9.70193
9.39376
9.74443
9.5129
9.62364
9.77827
9.96192
9.48222
9.80943
9.60312
9.62499
9.444
9.63361
9.67036
9.67384
9.10899
8.88147
9.13549
9.38264
9.68878
9.5483
9.46996
9.21537
8.99943
9.11641
9.27401
8.96238
9.47189
8.83271
9.00772
9.17999
9.25669
8.96126
9.17916
9.21546
9.17624
9.08981
8.89807
9.598
8.95447
9.09934
9.41702
8.96507
9.10437
9.06564
8.9504
8.80659
9.09883
9.11196
8.95822
8.62383
8.56163
