12.2346
13.7535
16.3563
15.3442
14.2778
12.9366
14.4808
13.5835
15.35
15.5751
13.9885
15.476
15.8899
15.2761
16.3356
15.9947
15.8623
16.6518
15.9865
15.0613
15.6802
15.1434
16.733
15.4124
15.1433
15.1799
14.5549
15.7458
14.5832
16.2597
15.2465
15.6758
14.7616
15.9092
15.4712
17.299
15.0183
15.5069
14.9029
16.1777
15.4399
15.123
15.7778
14.817
15.0738
14.7159
14.8175
15.2954
14.9161
15.9757
15.5252
14.899
15.2144
14.2273
15.8679
15.2843
14.8128
15.2364
14.2732
15.4809
15.4677
15.2536
15.8225
15.5003
14.3393
15.4052
14.4192
15.3732
15.7124
15.072
15.2398
15.2987
15.4052
16.9973
15.7138
15.3342
15.7504
14.5078
14.7162
14.4802
14.5153
15.3778
15.3954
15.5747
15.4969
14.8849
15.4697
16.4254
15.0332
15.4975
16.4516
14.6525
16.0265
15.6465
15.1659
15.1869
14.5094
15.7925
15.5825
15.8043
