0.394019
0.269398
0.280075
0.352438
0.115519
0.043073
0.0427516
0.0409631
0.0429389
0.0424329
0.0439024
0.0424017
0.041314
0.0426675
0.0431092
0.0435181
0.0443537
0.0447344
0.0441542
0.0432765
0.0445532
0.0497391
0.0477916
0.0484625
0.0490769
0.0479113
0.0499306
0.0488627
0.050747
0.0502366
0.05331
0.0543087
0.0540425
0.0562061
0.0546972
0.056413
0.0566337
0.0604573
0.0611526
0.0590121
0.0603531
0.0641161
0.0658891
0.0641076
0.0629934
0.0622948
0.0676793
0.0682903
0.0674615
0.0691299
0.068762
0.0687533
0.0723352
0.0759358
0.0779964
0.0770158
0.0794469
0.0806316
0.0794306
0.085374
0.0836041
0.0843417
0.085643
0.0874865
0.0901166
0.0920955
0.0926715
0.0944927
0.0923395
0.0954559
0.0983487
0.0972077
0.101658
0.102144
0.105236
0.104696
0.105105
0.108657
0.108361
0.107378
0.113023
0.11619
0.115815
0.119359
0.113629
0.120503
0.117851
0.116613
0.120981
0.118355
0.12886
0.12834
0.131591
0.130504
0.133662
0.135439
0.141931
0.142219
0.14623
0.146973
