6.30321
5.20446
7.39367
4.50281
6.15194
4.48678
5.48671
5.39429
6.26241
4.69295
8.53311
7.75306
4.83911
5.66244
5.71696
5.16154
5.16148
5.22349
6.92498
5.21146
5.94974
6.82044
6.40728
6.24012
6.27885
5.51187
6.58011
5.8648
7.34715
5.49304
5.18154
5.49518
9.22254
7.38829
7.49169
7.64565
7.61793
8.0652
7.63317
5.33811
6.80511
5.19098
7.1631
6.58233
8.14909
7.22671
6.92872
5.29565
7.4307
6.63657
6.08358
6.73637
5.63729
7.19141
6.88101
7.80242
7.87519
5.41603
6.92249
5.93237
6.81851
7.14956
8.09063
7.10947
6.67944
6.73378
6.68506
7.47482
7.94161
5.50005
7.18204
6.74841
10.2404
7.04902
9.25774
9.62678
7.67375
9.89901
9.79909
9.89319
8.16777
10.0874
7.43509
10.7428
7.34857
9.81803
9.39241
7.92893
9.82316
9.81767
9.82794
9.82794
9.89034
9.83631
9.82353
9.85678
9.85417
9.82316
9.85678
9.85417
