0.130602
0.0323686
0.0216835
0.0210064
0.0230577
0.0242122
0.0233986
0.0237436
0.0194074
0.0127306
0.0169263
0.022275
0.0244114
0.0255831
0.0280599
0.0288267
0.0298908
0.0343555
0.0312619
0.0309188
0.0307885
0.0320958
0.0336959
0.0299201
0.0389625
0.0374072
0.0383488
0.0412248
0.044645
0.0422204
0.0485689
0.0472934
0.0579217
0.0588085
0.0626166
0.0698653
0.0739015
0.0717328
0.0740215
0.0763655
0.0901854
0.0873646
0.0902839
0.0872718
0.0965761
0.0951701
0.100115
0.0953215
0.0988437
0.0925596
0.0906962
0.0992785
0.102137
0.101467
0.101699
0.105506
0.10255
0.109116
0.101927
0.105161
0.102578
0.106551
0.107126
0.100729
0.105999
0.105097
0.100426
0.104738
0.102315
0.104002
0.10511
0.106296
0.102022
0.10097
0.101307
0.100985
0.0995255
0.0992111
0.0984842
0.100163
0.0986136
0.0999634
0.0991888
0.0986412
0.0960378
0.0961127
0.096578
0.0977346
0.0976931
0.096679
0.0949087
0.0977519
0.097676
0.0921278
0.090971
0.0965252
0.0903221
0.0873772
0.0952313
0.0919113
0.0895187
0.0907287
0.0915128
0.0868708
0.0890727
0.0881964
0.0858855
0.0865779
0.0798876
0.0851771
0.0817461
0.0819841
0.0815258
0.0812071
0.0766433
0.0767201
0.0757516
0.0752755
0.0775911
0.0716653
0.0712259
0.07352
0.0700509
0.0696975
0.0708189
0.0680056
0.0649925
0.0651575
0.0634817
0.063927
0.0629945
0.0634768
0.0637165
0.0624691
0.0622166
0.0616735
0.0612599
0.0626682
0.0580223
0.0579458
0.0578707
0.0588671
0.0573321
0.0577425
0.0569628
0.0600648
0.0571922
0.0567846
0.0593219
0.0571339
0.0587144
0.0578598
0.0554251
0.0546785
0.054556
0.057512
0.0562317
0.0563141
0.0565221
0.0562151
0.0565153
0.0589878
0.0536195
0.0569834
0.0558714
0.0589288
0.0586044
0.0589523
0.0586301
0.0619911
0.0589745
0.0593009
0.0614043
0.0607168
0.0610342
0.0602086
0.0618139
0.0614535
0.0625824
0.06287
0.0642887
0.0653301
0.0662674
0.0639115
0.0625641
0.062879
0.0647003
0.0659692
0.0692689
0.0661178
0.0667397
0.0668841
0.0686331
0.0682567
0.066908
0.0679358
0.0666405
0.0691499
0.0698214
0.0671055
