0.117989
0.0303582
0.0310345
0.0357262
0.0351259
0.0323714
0.0332743
0.0322378
0.0368679
0.0412885
0.0364539
0.0351964
0.0358131
0.0341813
0.0359097
0.0373826
0.0383197
0.0394579
0.0425033
0.0410959
0.0423807
0.0435913
0.0426588
0.0436547
0.0432597
0.0449885
0.0439448
0.0439643
0.046477
0.0460592
0.0443037
0.0429786
0.044899
0.0440986
0.0441462
0.0452074
0.0453417
0.0447019
0.043331
0.0443722
0.0435616
0.0431345
0.0449986
0.043203
0.0459245
0.0458987
0.0432019
0.0482955
0.0441281
0.0447216
0.0456388
0.0472509
0.0479753
0.0509437
0.0505808
0.0505377
0.0544349
0.0535749
0.0574559
0.0583385
0.0579275
0.0585749
0.0630081
0.0629898
0.0658343
0.0675815
0.0698533
0.0717828
0.0739914
0.074907
0.0739303
0.0798349
0.0802295
0.0822741
0.0861802
0.0873685
0.0907403
0.0933229
0.0909103
0.0954311
0.0959031
0.0995132
0.102281
0.104453
0.107548
0.108038
0.111125
0.115797
0.117397
0.119784
0.114529
0.122786
0.124092
0.126882
0.127265
0.1304
0.131195
0.133494
0.132807
0.132681
