6.67857
6.70967
6.68214
6.66353
6.59324
6.6324
6.71926
6.66371
6.65515
6.73939
6.71033
6.7073
6.64966
6.7195
6.58981
6.31529
6.70004
6.61589
6.63926
6.69654
6.65392
6.61019
6.57714
6.7015
6.63019
6.62299
6.61677
6.65073
6.57568
6.73115
6.6908
6.69424
6.63532
6.73289
6.69759
6.67362
6.61931
6.6828
6.63274
6.44612
6.56442
6.67973
6.68913
6.42535
6.59436
6.60381
6.73304
6.42235
6.73229
6.52264
6.53601
6.5133
6.63357
6.66663
6.63039
6.70988
6.73811
6.58014
6.36577
6.70514
6.55448
6.4003
6.53396
6.72464
6.51249
6.0145
6.66842
6.6755
6.50656
6.19716
6.65869
6.54272
6.56415
6.37655
6.50576
6.60502
6.70642
6.54859
6.65756
6.3076
6.69658
6.62657
6.71776
6.53152
6.44914
6.68284
6.07467
6.68919
6.58322
6.27812
5.80172
6.54378
6.5346
5.83898
5.93533
6.3494
6.08487
6.20368
5.82106
6.00871
6.7028
6.38571
6.59267
6.39786
6.07215
6.48967
6.14527
6.2008
6.28023
6.52942
5.85071
6.27262
6.49278
6.20853
6.11439
5.99616
6.43193
6.49391
6.04047
6.56499
6.28879
6.43023
5.91951
6.41797
6.06047
6.26928
6.14689
6.4255
6.4118
5.69325
6.28593
5.99821
6.60506
5.82264
6.01261
6.6077
6.54333
6.16168
6.1336
5.51628
5.38313
6.24119
5.82938
5.80088
5.98941
6.55045
6.5143
6.43839
6.43155
6.42301
6.20194
6.11241
5.93606
6.57783
6.04258
6.04183
5.94795
5.90121
5.94606
5.53282
6.44267
6.08699
6.41826
6.30806
6.36467
6.26139
6.31102
6.16679
6.41522
6.34457
5.92852
5.92582
5.84754
6.41891
6.57465
6.22167
6.05388
6.58141
5.75226
5.76121
6.45703
6.23109
6.37237
5.94716
5.76597
6.0134
6.38764
6.14627
6.22925
6.38959
5.74168
5.96551
6.32139
6.37596
5.80663
6.53322
6.01411
6.08986
6.49744
6.67121
