25.5169
25.5986
21.9707
23.5751
24.8575
23.2005
23.5213
22.4746
24.8126
25.5594
23.1575
22.6997
22.0644
23.3674
23.2232
24.722
22.2996
23.8325
22.9405
22.8244
25.3082
24.3453
25.502
22.1194
25.0405
23.5629
24.6889
22.924
23.0796
23.3302
23.2274
23.9461
23.4185
23.525
22.2819
23.4834
25.1702
22.3712
23.22
23.2818
21.8346
21.348
24.0103
23.3658
22.5347
23.3711
25.2742
22.3323
21.9033
23.678
22.9454
22.2967
22.8403
22.9849
22.6716
24.0714
22.0993
22.8596
24.9498
21.5626
21.0476
22.8657
21.3287
20.0503
24.4944
23.1941
20.1176
25.1533
21.2347
24.1142
20.1686
23.6324
21.3461
23.3906
24.3245
23.9147
23.7457
20.7655
22.4484
23.0829
22.6935
21.9816
22.0025
22.7292
23.1925
22.1477
23.8788
23.5796
22.6389
25.5356
23.9677
22.5998
23.4374
22.5841
22.3355
23.229
22.793
23.0925
24.0963
21.6777
23.8489
22.7252
21.3814
23.2018
24.2611
21.7826
22.7642
22.7433
23.0707
25.032
23.153
22.7841
22.4745
22.8895
23.0324
23.1772
22.5949
23.0555
22.0325
21.6089
20.0202
21.9628
25.0234
22.6584
22.9858
23.3108
19.1821
21.1065
19.1863
25.0035
22.9632
20.4053
21.8039
20.7853
20.5339
22.4402
20.2782
23.8935
18.7517
21.2709
20.2866
21.9442
20.6855
21.995
21.8284
20.2536
20.6101
25.1909
20.7262
20.0459
22.3512
20.3302
20.2906
20.3886
20.8609
20.419
24.7797
22.5534
21.8249
21.3282
21.9844
22.7695
23.0592
22.9987
20.1174
24.4723
20.7529
23.201
21.933
21.4859
22.5464
22.0223
21.6992
22.4959
23.2271
22.8387
21.6321
21.7085
21.6421
22.9532
23.0585
23.1866
21.7997
21.976
22.17
22.1895
21.9023
22.7704
21.9863
22.1461
22.075
21.8548
22.2925
22.7947
20.3179
22.0268
21.4783
21.5197
21.6511
20.5284
