3.3379
3.32887
3.3231
3.31721
3.32632
3.34276
3.31762
3.34856
3.329
3.41264
3.34603
3.32007
3.34848
3.32913
3.33377
3.34475
3.31644
3.3461
3.33726
3.33798
3.34323
3.41603
3.34214
3.35911
3.35754
3.33369
3.32171
3.39698
3.34249
3.31986
3.32914
3.3431
3.34463
3.35026
3.37154
3.34166
3.35715
3.49635
3.34007
3.34927
3.80732
3.48949
3.38609
3.41579
3.54195
3.45311
3.41233
3.52572
3.63032
3.434
3.47934
3.42964
3.70472
3.50444
3.6148
3.40904
3.40504
3.70542
3.58168
3.59804
3.68274
3.65099
3.57595
3.48703
3.58712
3.54264
3.67528
3.75571
3.91353
3.79417
3.6383
3.69916
3.67222
3.7093
3.5855
3.77955
3.66338
4.00465
3.59167
3.96378
3.69355
3.80276
3.67399
3.80189
3.78774
4.00536
3.89296
3.88736
4.15913
3.68554
3.98556
4.15695
3.81353
3.69283
4.09105
4.01053
3.96866
4.00011
3.77097
3.92405
4.14621
3.90923
4.16891
4.17319
4.0731
4.03754
3.93599
4.03037
3.89193
4.02651
3.9769
3.959
3.9286
4.01996
3.9792
3.92161
4.16012
3.98737
3.80588
4.1942
4.04142
4.17423
4.34594
3.94938
3.91959
4.01187
4.10441
4.114
4.16365
4.09188
4.04207
4.14042
4.12555
4.07033
4.28489
4.17558
4.18412
4.19018
4.20804
4.09849
4.20191
4.04907
4.21466
4.08148
4.1666
4.28134
4.1523
4.22297
4.23241
4.274
4.16784
4.17692
4.17744
4.09544
4.24124
4.19233
4.10952
4.04964
4.13139
4.20137
4.16883
4.24211
4.20384
4.16388
4.22978
4.3137
4.27237
4.27653
4.23332
4.23851
4.10047
4.233
4.27237
4.29352
4.12381
4.23155
4.28147
4.29189
4.23086
4.20513
4.27272
4.2693
4.1552
4.26183
4.24044
4.29408
4.20873
4.33142
4.31513
4.23835
4.20513
4.14304
4.26399
4.28422
4.17567
4.16592
4.26509
4.29189
4.2704
4.21917
