8.25518
9.27731
8.93883
8.84153
9.1285
10.0897
11.1608
7.89394
0.913438
0.933203
0.970547
0.990385
0.95824
0.949198
0.979358
0.965378
0.935359
0.899585
0.860583
0.799464
0.755246
0.734017
0.749634
0.732525
0.718897
0.716145
0.72808
0.737865
0.731482
0.733866
0.726336
0.717039
0.717857
0.725043
0.709663
0.711906
0.722234
0.724872
0.723239
0.713137
0.751892
0.735752
0.751233
0.760883
0.739718
0.759611
0.723304
0.748597
0.736583
0.761566
0.762277
0.748456
0.759625
0.74188
0.766941
0.756846
0.753833
0.773244
0.764299
0.771347
0.752792
0.731269
0.738841
0.750309
0.730353
0.727103
0.72469
0.725553
0.718649
0.700658
0.690004
0.692474
0.706404
0.669669
0.653507
0.625107
0.621516
0.600001
0.585112
0.578164
0.578738
0.534413
0.522928
0.509288
0.501575
0.473616
0.460922
0.450322
0.439565
0.428487
0.421776
0.404873
0.410367
0.402003
0.376038
0.384676
0.370248
0.365155
0.361635
0.354677
