19.8258
18.4148
19.9646
19.2626
19.4834
19.8418
18.7004
17.6919
20.1165
19.2193
19.2878
18.9358
18.7716
18.5471
19.8815
19.1161
18.8312
19.1213
18.844
19.2014
19.5172
19.2364
18.6026
19.2418
19.4773
19.4336
20.0074
18.2303
18.7598
18.362
19.2961
19.5574
18.8908
19.3608
18.8871
18.6841
19.144
18.9143
18.7741
18.3754
19.2018
18.8449
17.8492
18.8878
18.5386
18.5566
18.1904
18.4394
18.1945
18.3279
18.167
18.6467
18.3614
17.7064
18.6772
18.3365
18.8063
18.5759
17.9455
18.4815
17.6646
18.1014
18.4788
18.5834
18.4886
18.2309
17.7252
18.2805
18.0875
18.2807
18.6893
18.0212
18.3805
18.6753
18.4064
18.5415
18.3498
18.3656
18.2185
18.651
18.0288
18.5929
18.4588
18.5419
18.6195
18.9145
19.1282
18.6841
18.7507
18.5768
18.7719
18.7938
19.2837
18.725
18.6625
18.9808
18.3921
18.6263
18.7085
19.039
