94.1193
97.518
95.7901
98.2347
96.1485
94.8148
93.8613
90.5018
92.3886
92.2817
93.2468
97.6241
99.101
104.444
104.589
111.01
114.266
119.506
132.062
142.797
153.02
158.526
157.533
156.953
148.974
146.276
144.737
139.666
136.414
135.927
136.781
136.255
134.408
135.33
130.892
133.497
134.401
136.001
129.286
128.795
126.115
121.053
121.381
118.01
115.328
115.808
113.091
110.484
108.224
106.969
107.236
108.059
104.154
106.201
105.157
102.15
102.884
99.7067
101.572
101.414
99.2337
98.8491
99.0592
96.8584
97.6004
97.6321
93.9902
98.7604
101
94.6604
94.319
93.9189
93.4106
92.5341
89.7352
89.6476
89.5007
87.7762
85.3762
85.6042
86.6357
86.2465
85.4195
84.2512
83.5764
84.0128
82.7648
81.266
80.6877
82.0304
79.9819
79.6175
79.04
77.7897
78.0558
76.6142
75.5095
76.9416
74.4257
73.8127
73.5782
72.8117
73.6894
72.002
72.567
71.5641
71.6346
70.1675
71.6454
70.7721
70.0189
67.6225
68.255
67.859
68.2978
67.9169
66.0399
66.3048
66.535
67.1099
64.7303
66.116
64.444
63.2159
63.4003
62.8307
61.7801
63.4186
62.076
61.1804
62.21
59.782
59.5954
59.9042
59.8478
58.8995
59.0088
57.8677
58.5904
58.5725
58.3738
56.6679
56.7952
55.4953
55.6527
55.4924
54.4121
53.7299
53.8579
52.8852
54.0097
53.1347
52.8338
52.8363
53.1386
51.9102
51.6324
52.0922
51.2204
51.3525
51.0851
49.7592
50.3412
49.3206
50.6063
51.4352
49.1444
49.9146
48.8007
47.0585
48.9339
47.6714
48.2607
47.6712
47.675
46.5715
47.4748
46.7416
46.806
46.1932
45.9327
46.1382
46.7756
44.6199
45.0527
45.8424
44.7818
44.6722
44.9987
44.3695
45.3117
43.8027
43.6139
27.101
25.4183
25.13
24.3063
24.7863
24.0886
24.0964
