0.0351957
0.0259414
0.0322231
0.0418438
0.0346811
0.0379958
0.0364492
0.0356494
0.0353335
0.0392058
0.0387279
0.0393519
0.0368595
0.0378724
0.0384999
0.036956
0.0400484
0.0427997
0.0421467
0.0418889
0.0438942
0.0454767
0.0444179
0.0478994
0.047448
0.0464852
0.0493463
0.0502777
0.0483645
0.0507446
0.0516093
0.0536136
0.0538283
0.0536717
0.0569594
0.0542857
0.0578365
0.0566865
0.0599854
0.0606387
0.0592742
0.0606063
0.0611503
0.0618426
0.0640239
0.0670538
0.0663255
0.063287
0.0636261
0.0634167
0.0666557
0.0659146
0.0684042
0.0684935
0.0703141
0.06863
0.0691445
0.072071
0.0733648
0.0751741
0.0736897
0.0756873
0.0768747
0.0765394
0.0742284
0.0788643
0.0775888
0.0773733
0.0809445
0.080591
0.0797945
0.0802144
0.0859982
0.0798071
0.0849551
0.0819541
0.0853665
0.0856968
0.0862311
0.0878746
0.0849298
0.086533
0.0930569
0.0890113
0.0917424
0.0943729
0.0955948
0.10606
0.101666
0.104461
0.11167
0.113126
0.11144
0.118718
0.114513
0.116559
0.125185
0.127188
0.127421
0.13112
