4.16559
3.81031
8.86001
4.64266
5.88996
4.46887
4.713
7.18488
4.42431
7.97876
4.88998
7.38381
5.8153
5.09769
5.7371
6.11494
5.2744
6.65436
7.79063
5.20934
6.1407
7.26084
6.52676
5.20033
5.22957
6.29877
7.50876
6.03114
7.51283
7.87644
5.27404
6.46333
6.34712
6.89801
5.20591
5.58415
8.81301
7.89995
7.16096
5.90596
6.55493
9.99783
10.8434
5.22455
8.07703
8.58953
9.43239
6.16926
5.69383
6.67536
7.06704
7.56291
6.42915
12.792
7.62469
7.56543
7.92759
7.37042
6.75439
7.16851
7.77393
5.67174
8.33766
7.7477
5.41429
8.45003
6.34271
7.28192
7.07974
7.69998
6.57855
8.13261
8.53723
8.062
9.19624
9.09022
9.36716
7.2298
9.10159
6.13966
9.81564
9.82794
7.3543
9.82227
9.82794
9.82794
10.2063
10.2472
10.1391
9.82794
9.82253
9.84318
10.217
9.82794
11.0316
9.86373
9.87672
11.4158
9.83607
9.85417
