1.00398
1.00401
1.00425
1.00404
1.00396
1.0042
1.0039
1.00422
1.0041
1.00389
1.00419
1.00378
1.00417
1.00425
1.00435
1.00408
1.00417
1.00413
1.00416
1.00408
1.00425
1.00508
1.00405
1.00431
1.00422
1.00394
1.00386
1.00398
1.00395
1.00393
1.00413
1.00349
1.00523
1.00395
1.00518
1.00419
1.00381
1.00418
1.00579
1.00423
1.00341
1.00552
1.00729
1.00438
1.00446
1.0035
1.00378
1.00542
1.00576
1.00515
1.00321
1.00446
1.00484
1.00677
1.00464
1.00574
1.0066
1.00595
1.0065
1.00393
1.00654
1.00787
1.00424
1.00515
1.00578
1.0066
1.00919
1.01205
1.00788
1.00857
1.00449
1.00611
1.00636
1.01151
1.00491
1.00773
1.00959
1.00592
1.00655
1.01029
1.00585
1.01029
1.01209
1.00832
1.00627
1.00885
1.00891
1.00778
1.00573
1.0078
1.00659
1.00864
1.00776
1.00688
1.00787
1.00513
1.00801
1.01067
1.00781
1.0056
1.00831
1.0077
1.00595
1.00794
1.0078
1.0062
1.00593
1.00829
1.00774
1.00658
1.01056
1.00815
1.00882
1.01012
1.01036
1.01063
1.01015
1.0067
1.01001
1.00802
1.00881
1.00711
1.01498
1.00901
1.01078
1.01663
1.0128
1.00969
1.0102
1.0106
1.00938
1.0086
1.01072
1.00764
1.00705
1.00966
1.01537
1.01004
1.00987
1.01561
1.01156
1.01017
1.01336
1.01094
1.01069
1.01561
1.01305
1.01135
1.01417
1.01305
1.01815
1.01173
1.01713
1.01263
1.0105
1.01561
1.0097
1.01082
1.00892
1.01274
1.01279
1.01063
1.01741
1.01132
1.01309
1.0183
1.01412
1.01466
1.01049
1.01134
1.01308
1.01227
1.01046
1.01335
1.01172
1.0145
1.01735
1.01611
1.00947
1.00968
1.01111
1.0154
1.01482
1.01533
1.01096
1.01585
1.0149
1.01298
1.01635
1.01553
1.01322
1.01313
1.01009
1.01273
1.01226
1.01711
1.01221
1.01752
1.01417
1.0143
