0.970401
0.988942
0.959253
0.918593
0.90357
0.869154
0.893705
0.929222
0.901813
0.891614
0.917177
0.941113
0.868415
0.849638
0.78294
0.82232
0.786594
0.78777
0.777032
0.740628
0.747354
0.749782
0.764687
0.770244
0.747679
0.733981
0.765903
0.75534
0.735643
0.704507
0.707797
0.701889
0.702645
0.725923
0.725048
0.692447
0.681297
0.689817
0.666189
0.674315
0.647539
0.674544
0.641915
0.658175
0.643603
0.620518
0.618933
0.604657
0.617985
0.610891
0.599558
0.585092
0.598991
0.580992
0.600189
0.585139
0.589388
0.587932
0.58989
0.579666
0.583759
0.582492
0.568974
0.587311
0.584292
0.56797
0.583483
0.582445
0.592802
0.586719
0.589312
0.58756
0.62747
0.606534
0.583701
0.585249
0.601243
0.598527
0.599992
0.613024
0.596834
0.600366
0.583841
0.608698
0.616505
0.632362
0.629588
0.629167
0.642658
0.642306
0.654524
0.644018
0.644415
0.644396
0.628427
0.64521
0.6492
0.642287
0.635746
0.639889
