0.107938
0.0391929
0.0403375
0.032451
0.0336498
0.0360991
0.0333796
0.0312488
0.0312538
0.0321581
0.0316836
0.0313254
0.0330974
0.0343768
0.0330559
0.0353307
0.0349122
0.0320466
0.0356373
0.0347101
0.0335755
0.0345409
0.0336785
0.0353287
0.0344582
0.0344352
0.0358552
0.0345773
0.0356473
0.0347063
0.0362129
0.0368884
0.0360905
0.0350656
0.0358299
0.0351063
0.0373211
0.0360562
0.036031
0.0349851
0.0365563
0.0352207
0.0361941
0.0368928
0.0363951
0.0361981
0.0385942
0.0373771
0.0374333
0.038262
0.0387972
0.0391949
0.0385865
0.0394602
0.0398242
0.0397345
0.0400565
0.0418572
0.0405623
0.0422753
0.0415849
0.0426856
0.0432166
0.0430913
0.0452456
0.0441275
0.0457571
0.045116
0.0465009
0.0463015
0.0459144
0.0476283
0.0478089
0.0483079
0.046783
0.0491496
0.049052
0.0494921
0.050291
0.050782
0.0517501
0.0512797
0.0515579
0.0527175
0.0537691
0.0535234
0.0542632
0.055457
0.0564784
0.0569159
0.059225
0.0602947
0.0633998
0.0629443
0.0651852
0.0668572
0.0705655
0.07173
0.0731609
0.0754536
