2.81595
3.12621
2.9281
2.62131
2.53729
2.53331
2.60807
2.60609
2.4622
2.44338
2.37727
1.29022
1.36595
1.38006
1.45325
1.5296
1.64453
1.54781
1.57743
1.51095
1.54145
1.54689
1.4575
1.42256
1.48517
1.4404
1.46303
1.44938
1.44129
1.484
1.46199
1.42814
1.44945
0.772349
0.124199
0.113474
0.108926
0.115687
0.106015
0.111426
0.115285
0.113878
0.11316
0.114365
0.113919
0.117283
0.111839
0.116656
0.118741
0.109505
0.116688
0.117406
0.120897
0.115863
0.111242
0.1147
0.111424
0.107494
0.103302
0.103905
0.104023
0.103237
0.100596
0.100057
0.095207
0.0999388
0.0921145
0.0985425
0.0949993
0.0918321
0.093674
0.0962043
0.0933967
0.0948201
0.0933907
0.0929682
0.0926664
0.0954135
0.0977092
0.0924154
0.0897315
0.0970815
0.0925116
0.0973658
0.0972341
0.0968906
0.0936843
0.09433
0.0957739
0.092047
0.0928314
0.0911396
0.0927489
0.0933512
0.0925648
0.0929381
0.094051
0.0959364
0.0897283
0.0871897
0.0923505
0.0944184
0.0916111
0.0877057
0.0917871
0.08691
0.0876219
0.0946704
0.0904865
0.0925115
0.0918316
0.0876564
0.0883221
0.0862458
0.0895401
0.0905136
0.0879003
0.092186
0.0917169
0.0867202
0.0870664
0.0896826
0.0913464
0.0902059
0.0873499
0.0899572
0.0905331
0.0879203
0.0881845
0.0920885
0.0924951
0.0907831
0.0910263
0.0912581
0.0870891
0.0851947
0.0874136
0.0925575
0.0874364
0.0878
0.0880228
0.0887966
0.0896215
0.0880853
0.0873417
0.0866497
0.0872184
0.0883411
0.0866397
0.0834817
0.087529
0.0853061
0.0867789
0.0913926
0.0908961
0.0889378
0.0908832
0.0851159
0.0837976
0.089435
0.0883563
0.0900191
0.0875367
0.0893652
0.0875036
0.0865004
0.0902202
0.0848853
0.0851068
0.0914066
0.0883699
0.0874735
0.0889146
0.0893385
0.0875614
0.0910236
0.0893779
0.0868833
0.087167
0.0878071
0.0903586
0.0907058
0.0887249
0.0887628
0.0896767
0.0866523
0.0877463
0.0913942
0.089023
0.0879331
0.0892035
0.0882599
0.0839423
0.0851384
0.0858151
0.0865302
0.0903531
0.08796
0.0832845
0.0917734
