0.00837348
 0.0167592
 0.0251697
 0.0336172
 0.0421144
  0.050674
 0.0593093
 0.0680335
 0.0768604
 0.0858041
 0.0948792
  0.104101
  0.113485
  0.123047
  0.132806
  0.142777
   0.15298
  0.163435
   0.17416
  0.185176
  0.196507
  0.208172
  0.220197
  0.232603
  0.245416
  0.258659
  0.272356
  0.286533
  0.301211
  0.316413
   0.33216
   0.34847
  0.365358
  0.382835
  0.400908
  0.419579
  0.438842
  0.458686
  0.479092
  0.500033
  0.521473
  0.543369
  0.565673
  0.588328
  0.611274
  0.634447
  0.657784
  0.681221
  0.704699
  0.728162
  0.751564
  0.774864
  0.798031
  0.821046
  0.843895
  0.866576
  0.889098
  0.911472
  0.933721
  0.955871
  0.977953
