0.0596962
0.0603001
0.0739061
0.0708061
0.0696089
0.0664415
0.0718096
0.060269
0.0118659
0.0188574
0.0233813
0.0187341
0.0241318
0.0146631
0.0229972
0.0244348
0.0211819
0.0182545
0.0303919
0.0141114
0.031504
0.0226039
0.0261109
0.0420753
0.0416928
0.0378462
0.0294896
0.0335408
0.0397686
0.0496005
0.033985
0.0487735
0.0450946
0.0379103
0.0382079
0.0473372
0.0407246
0.0238582
0.030861
0.0309511
0.0360862
0.0262798
0.0437593
0.0352979
0.0408889
0.0553103
0.029112
0.0431437
0.0439513
0.0404114
0.0367753
0.0526388
0.0510245
0.034149
0.0403232
0.0466989
0.0403026
0.0567806
0.0378929
0.0364893
0.0447512
0.0346385
0.0355747
0.0286074
0.0449536
0.0392788
0.0333079
0.0404268
0.0413781
0.040865
0.0257739
0.0416249
0.0406749
0.035777
0.0492751
0.033046
0.0387014
0.0357216
0.0421441
0.0326409
0.0291789
0.0401497
0.0365641
0.0317651
0.0318531
0.0240357
0.0309057
0.0289795
0.0436146
0.0251694
0.0375438
0.0343003
0.0326288
0.0234277
0.0231983
0.0244667
0.020408
0.0179645
0.0184477
0.0227271
