0.324223
0.335041
0.335335
0.318949
0.308879
0.316036
0.308732
0.336025
0.326463
0.334446
0.30582
0.267716
0.229133
0.203791
0.206644
0.189807
0.206639
0.20703
0.252718
0.235051
0.257177
0.247821
0.230952
0.249507
0.233628
0.230357
0.243443
0.238913
0.234886
0.239158
0.24793
0.233828
0.219749
0.235969
0.236875
0.233116
0.235366
0.240725
0.233754
0.231813
0.229899
0.229707
0.234278
0.236074
0.231517
0.244312
0.235668
0.231123
0.245264
0.232285
0.228268
0.235736
0.242425
0.228966
0.236905
0.231751
0.23641
0.234118
0.243251
0.23856
0.229214
0.236731
0.227581
0.235776
0.230075
0.23414
0.2295
0.240319
0.230056
0.226312
0.225225
0.231196
0.234802
0.221006
0.220757
0.220886
0.218486
0.225974
0.226794
0.233019
0.227956
0.234919
0.227486
0.22957
0.226055
0.234862
0.218883
0.227675
0.226918
0.226848
0.225018
0.218997
0.226789
0.219696
0.219969
0.218124
0.215454
0.228902
0.225034
0.217719
0.221614
0.216987
0.221188
0.219997
0.223174
0.212665
0.220726
0.219408
0.220496
0.219714
0.216181
0.214281
0.211455
0.215945
0.210311
0.210959
0.2199
0.211495
0.20997
0.216431
0.215607
0.212888
0.214499
0.216955
0.213798
0.205327
0.206734
0.209188
0.202691
0.20577
0.210827
0.205296
0.212031
0.212972
0.194027
0.203301
0.206853
0.200412
0.200446
0.204182
0.19657
0.200996
0.200911
0.200219
0.201541
0.195069
0.198785
0.197667
0.190634
0.192394
0.19033
0.192773
0.196275
0.195538
0.192268
0.186212
0.191174
0.193846
0.190663
0.190543
0.194261
0.183824
0.185323
0.178868
0.193439
0.188996
0.186003
0.188027
0.189052
0.185322
0.184812
0.188714
0.190381
0.178877
0.186903
0.189271
0.180509
0.181913
0.179879
0.185038
0.182413
0.187501
0.185454
0.182034
0.178676
0.186729
0.187423
0.192318
0.180675
0.18319
0.187309
0.185624
0.182288
0.186823
0.187006
0.186527
0.182042
0.178768
0.183412
0.177749
