1.00417
1.00406
1.00413
1.00401
1.00404
1.00373
1.00387
1.004
1.00406
1.00409
1.00423
1.00406
1.00434
1.00413
1.0042
1.00432
1.00405
1.00399
1.00411
1.00398
1.00395
1.00412
1.00431
1.00709
1.00474
1.00396
1.00802
1.0036
1.00415
1.00452
1.00397
1.00453
1.00417
1.00351
1.00449
1.00442
1.00404
1.00545
1.00429
1.00396
1.00587
1.00388
1.00424
1.00348
1.0041
1.00455
1.0035
1.00415
1.00935
1.0052
1.00541
1.00326
1.0046
1.00314
1.00413
1.00673
1.00779
1.0029
1.00772
1.0038
1.00521
1.00555
1.00476
1.00403
1.00673
1.00679
1.00556
1.00729
1.00671
1.00796
1.0055
1.00777
1.00533
1.00672
1.00621
1.0083
1.0067
1.00907
1.00585
1.00628
1.0064
1.00565
1.00906
1.00662
1.00901
1.00767
1.006
1.00766
1.01327
1.00815
1.01209
1.00809
1.00931
1.01173
1.01016
1.00738
1.01545
1.01052
1.00649
1.00893
1.00897
1.00782
1.00732
1.00762
1.00626
1.0087
1.00705
1.00843
1.00855
1.00965
1.00653
1.01194
1.01102
1.00764
1.00793
1.00976
1.01007
1.01146
1.01183
1.01445
1.0095
1.00921
1.01272
1.00791
1.0086
1.01057
1.0092
1.01398
1.01103
1.01448
1.01278
1.01557
1.00944
1.01709
1.01451
1.01077
1.01168
1.0123
1.01206
1.0093
1.00933
1.01097
1.00769
1.01103
1.01193
1.00946
1.01279
1.01585
1.0088
1.01692
1.01291
1.0115
1.01196
1.01041
1.01097
1.00868
1.01377
1.01453
1.01507
1.01391
1.01321
1.01502
1.013
1.01528
1.01375
1.01375
1.01676
1.00773
1.01171
1.0113
1.01524
1.01243
1.01278
1.0169
1.01288
1.01261
1.0136
1.01079
1.01153
1.01718
1.01041
1.01421
1.01176
1.01544
1.00914
1.01232
1.01179
1.00987
1.01576
1.01711
1.01477
1.01602
1.01174
1.01258
1.01594
1.01561
1.01499
1.01792
1.01794
1.01516
