1.59786
1.63358
1.70104
1.6091
1.59799
1.56414
1.60588
1.66557
1.58665
1.63148
1.54971
1.62114
1.58577
1.67121
1.61657
1.61347
1.56028
1.60763
1.59955
1.53358
1.58178
1.56412
1.62122
1.5846
1.59726
1.66596
1.61905
1.66827
1.61349
1.60155
1.69895
1.69486
1.66792
1.71032
1.67709
1.70665
1.66993
1.70218
1.69194
1.70991
1.69395
1.6934
1.69851
1.67171
1.68703
1.70858
1.69681
1.6637
1.69124
1.68843
1.67103
1.69422
1.68232
1.69139
1.6824
1.68188
1.64338
1.66072
1.70713
1.70987
1.65688
1.68804
1.6718
1.67176
1.62215
1.68852
1.65865
1.67549
1.66851
1.70207
1.70244
1.67541
1.66656
1.69572
1.68009
1.66905
1.69292
1.67463
1.67241
1.68713
1.69242
1.63598
1.66535
1.64086
1.67405
1.70193
1.67468
1.6855
1.68737
1.68002
1.70763
1.68064
1.69708
1.67501
1.68737
1.68394
1.69517
1.68859
1.67185
1.68058
1.69218
1.67903
1.68592
1.67744
1.70145
1.66209
1.6808
1.66755
1.66952
1.67658
1.661
1.67746
1.69212
1.63519
1.69194
1.66421
1.65514
1.63849
1.67974
1.67611
1.66239
1.64795
1.66143
1.66483
1.66411
1.67345
1.67109
1.63286
1.68197
1.65848
1.708
1.65859
1.65677
1.6698
1.63156
1.66214
1.67374
1.63552
1.67231
1.66657
1.6688
1.60626
1.68131
1.66168
1.65794
1.69263
1.69264
1.67709
1.61887
1.66086
1.64695
1.67344
1.63777
1.62792
1.65211
1.65162
1.653
1.6809
1.6463
1.66236
1.68716
1.64497
1.66176
1.61948
1.66432
1.64762
1.65971
1.65986
1.67199
1.66456
1.68603
1.63578
1.67302
1.65252
1.66627
1.66355
1.65451
1.65391
1.66098
1.679
1.64631
1.66923
1.6501
1.66899
1.61823
1.64014
1.66641
1.66314
1.61998
1.6687
1.65499
1.65287
1.6727
1.65664
1.61818
1.65673
1.62991
1.6388
1.65583
1.68116
