0.0112287
0.0108287
0.0114225
0.0113614
0.0110781
0.0107828
0.010744
0.0105332
0.0103479
0.0102033
0.0102371
0.0102345
0.0105141
0.00608864
0.00414469
0.00443961
0.00474928
0.0046297
0.00485191
0.00478865
0.00448291
0.00481893
0.00428292
0.00435209
0.0045393
0.00409108
0.00477115
0.0036687
0.00337895
0.00371085
0.00392262
0.00388514
0.00407071
0.00374223
0.00392296
0.00402667
0.00366138
0.00370327
0.0037547
0.00370233
0.00384102
0.00373416
0.00365655
0.00407136
0.0037329
0.00365641
0.00411369
0.00367001
0.00374604
0.00370552
0.00388029
0.00380506
0.00398084
0.00368791
0.00347952
0.00297916
0.00319175
0.0031582
0.00312307
0.00299672
0.00333705
0.00338186
0.00325834
0.00320003
0.00336061
0.00319992
0.00313479
0.00317056
0.00300498
0.0033151
0.00329515
0.00320187
0.00307196
0.00318209
0.00319631
0.00325353
0.00341986
0.00324303
0.00330025
0.00331808
0.00322147
0.00339912
0.00321354
0.00322738
0.00323837
0.00340278
0.00331876
0.00323261
0.00339106
0.00338298
0.00347239
0.00332417
0.00335986
0.00334992
0.00334049
0.00324952
0.00344969
0.00331245
0.00330227
0.00331879
0.0033346
0.00337488
0.00344022
0.00322577
0.00301964
0.00338459
0.00324512
0.00323023
0.00312883
0.00341205
0.00325223
0.00323509
0.00335389
0.00327546
0.00337815
0.0032077
0.0034428
0.00346165
0.00340606
0.00328314
0.00325173
0.00323845
0.00316744
0.00322426
0.0033012
0.00315579
0.00331075
0.00308739
0.00329497
0.00326734
0.00328705
0.00327444
0.00319884
0.00325168
0.0033154
0.00318494
0.00323586
0.00314052
0.00303859
0.00332086
0.00320315
0.00305701
0.00318619
0.00321341
0.00329437
0.00327284
0.00307494
0.0032899
0.00310234
0.00327823
0.00331731
0.00329936
0.003237
0.00308606
0.0029794
0.0031048
0.00316366
0.00311516
0.00315804
0.00305838
0.00323372
0.00313166
0.00324535
0.00310478
0.00314409
0.00296341
0.00310275
0.00326768
0.00314428
0.00320226
0.00310239
0.00307379
0.00316509
0.00304596
0.00312341
0.00318363
0.00303849
0.003157
0.00313229
0.00320045
0.00315895
0.00315807
0.00310301
0.00311272
0.00317423
0.00326124
0.00310986
0.00317894
0.00307158
0.00308153
0.00304145
0.00312757
0.00307395
0.00312616
0.00300296
0.00305083
0.00322351
0.0030975
0.00311608
0.00318436
