3.22671
2.42925
2.51322
2.42102
1.91289
0.557361
0.558593
0.521449
0.527559
0.534124
0.515768
0.520293
0.511028
0.516642
1.46285
0.507073
0.483161
0.458323
0.430077
0.429225
0.429543
0.426794
0.430935
0.413603
0.422774
0.420852
0.408774
0.415916
0.411416
0.414848
0.427361
0.421901
0.424841
0.414419
0.412905
0.418906
0.413577
0.425211
0.41904
0.401704
0.414495
0.411275
0.420974
0.412685
0.412904
0.406274
0.417756
0.388882
0.407208
0.403246
0.412066
0.411043
0.404712
0.406324
0.399127
0.40246
0.409328
0.407463
0.411715
0.405351
0.400901
0.407475
0.400323
0.390866
0.408198
0.421111
0.408575
0.403048
0.406054
0.395896
0.389966
0.389532
0.393777
0.405806
0.402617
0.394616
0.410486
0.407512
0.396282
0.39909
0.402577
0.40468
0.405769
0.404257
0.406062
0.400277
0.405794
0.401145
0.41424
0.421931
0.409384
0.427326
0.423228
0.427516
0.419196
0.43398
0.429608
0.431922
0.452
0.441086
