1.86764
0.6979
0.710511
0.740366
0.731919
0.70946
0.679101
0.634193
0.662034
0.654009
0.65182
0.603195
0.577563
0.586755
0.562645
0.57311
0.586603
0.592217
0.570569
0.550834
0.578813
0.56264
0.551247
0.562755
0.555937
0.540155
0.556538
0.567791
0.547341
0.556447
0.554817
0.532629
0.548098
0.532028
0.547558
0.534817
0.518993
0.529456
0.5353
0.5389
0.528172
0.538354
0.534547
0.546431
0.531342
0.5279
0.535085
0.536651
0.557009
0.529024
0.54735
0.539064
0.534873
0.548496
0.572451
0.562581
0.550532
0.563633
0.55568
0.572399
0.57646
0.569263
0.594121
0.585466
0.583004
0.584661
0.573112
0.576566
0.581546
0.577908
0.589333
0.592912
0.593072
0.594257
0.595815
0.607131
0.580881
0.595405
0.584155
0.597682
0.597563
0.592709
0.584819
0.570973
0.584308
0.581501
0.570752
0.568983
0.569541
0.561989
0.555822
0.536956
0.547705
0.544997
0.541021
0.558046
0.540104
0.540206
0.538542
0.542876
