4.85102
5.05592
4.69091
4.83993
6.18597
10.285
10.8091
11.0501
11.0752
5.60117
0.199896
0.192753
0.204163
0.197485
0.218445
0.255585
0.253581
0.293253
0.305641
0.335492
0.347011
0.381971
0.387504
0.385646
0.392517
0.360332
0.366467
0.351718
0.364252
0.341851
0.338462
0.330978
0.33633
0.313262
0.33077
0.323447
0.312336
0.319016
0.324494
0.314266
0.316615
0.319643
0.322667
0.321872
0.336666
0.33667
0.318806
0.340082
0.343612
0.341825
0.348345
0.358989
0.377608
0.392867
0.392264
0.412228
0.406215
0.412807
0.429267
0.429629
0.448796
0.44694
0.460075
0.467445
0.476939
0.486079
0.494117
0.482789
0.504878
0.495421
0.531113
0.527204
0.537887
0.533696
0.546861
0.523399
0.554964
0.559287
0.562875
0.573128
0.55984
0.559316
0.569692
0.577397
0.581863
0.572198
0.569411
0.570554
0.594854
0.574411
0.56754
0.572856
0.590395
0.581984
0.598446
0.584336
0.584697
0.611314
0.599511
0.601142
