13.1635
12.1906
12.3977
12.4303
13.2064
13.041
13.1521
12.1565
12.7035
11.0999
12.5876
12.8037
13.1013
13.1932
13.1955
12.0558
13.1873
13.1061
12.3455
13.1943
13.0829
11.9173
11.2836
13.4919
12.9969
11.0179
11.9174
12.1315
11.0325
13.1189
12.0552
12.528
12.8703
11.8471
11.1485
12.0025
13.0916
13.2464
12.2156
11.0374
12.0193
10.6332
9.9191
11.6585
12.3616
11.2322
10.1471
9.93328
11.5405
12.3539
12.5204
12.5148
9.15777
9.62656
10.909
11.3351
12.152
9.64596
9.7386
12.2073
12.2673
8.94926
9.49964
10.2229
9.39333
9.74593
9.17049
9.53931
9.84704
9.37741
9.02839
9.08812
9.31636
10.0111
9.5994
9.79232
9.5627
10.3194
9.62807
9.61121
9.67407
9.68985
9.72132
9.63547
10.3428
9.91169
11.6269
10.5695
10.6721
10.8287
10.374
10.7344
10.5722
10.3741
11.5262
10.4388
10.3942
10.6601
10.1027
10.1366
11.462
10.3424
11.2078
11.2858
11.5142
10.0603
11.3459
10.7251
10.159
11.4634
10.1439
10.2986
10.4854
11.663
10.6746
10.8413
10.8683
11.5817
10.627
11.1302
10.6792
11.3736
10.5579
11.0427
11.5848
10.546
10.5532
11.2053
11.5275
11.6
10.502
10.5212
11.0636
10.8568
10.8977
10.8003
11.0212
11.7437
11.6709
11.3695
11.4712
11.7342
11.5558
11.7016
11.2455
11.7375
11.7177
11.1441
11.4574
11.4603
11.1951
11.5379
11.3457
11.5728
11.4833
11.417
11.3622
11.4145
11.3218
11.4004
11.7523
11.7341
11.4366
11.6649
11.4482
11.4749
11.5019
11.3993
11.5431
11.4962
11.7602
11.1441
11.3136
11.4265
11.7247
11.3868
11.6086
11.5681
11.7814
11.7971
11.4314
11.4962
11.5318
11.674
11.7715
11.5955
11.7057
11.8113
11.479
11.644
11.7828
11.6776
11.521
11.7604
11.5061
11.6023
11.5463
11.6071
11.5861
11.4829
