1.32104
0.934163
0.956275
0.887247
0.899878
0.936894
0.819041
0.80133
0.850448
0.949056
0.9751
0.941394
0.942741
0.9284
0.925374
0.882528
0.832049
0.802025
0.758718
0.733085
0.725738
0.695858
0.692892
0.696182
0.693693
0.683402
0.692931
0.673511
0.68125
0.667522
0.680822
0.6806
0.679123
0.678932
0.669603
0.707047
0.668316
0.66818
0.662241
0.680391
0.66215
0.627808
0.617562
0.606308
0.60419
0.609997
0.594686
0.569503
0.550995
0.543451
0.539022
0.50998
0.517238
0.504312
0.506009
0.491984
0.486214
0.48917
0.459255
0.459181
0.460744
0.462496
0.457638
0.453662
0.463666
0.452752
0.437498
0.442224
0.443106
0.446116
0.437439
0.435833
0.43887
0.427886
0.425035
0.420301
0.424944
0.422451
0.411344
0.41266
0.410631
0.399167
0.404898
0.400745
0.383556
0.397977
0.39923
0.393284
0.392695
0.386819
0.386486
0.388114
0.384905
0.388517
0.393279
0.375164
0.377594
0.369275
0.37407
0.378799
