125.149
80.3894
77.9833
84.3066
81.7361
88.3138
91.5114
96.5973
94.6552
95.0531
96.2714
95.1093
93.3762
94.0048
97.1491
97.312
97.9606
96.0291
96.7265
100.884
103.655
100.208
101.045
106.551
103.184
102.257
102.364
103.624
104.952
106.048
102.732
106.456
106.987
107.144
104.394
105.814
104.041
106.082
104.406
106.172
103.74
100.912
102.368
101.796
100.839
102.982
101.722
103.392
104.097
96.5033
96.373
99.5475
96.5846
100.086
99.1899
94.9924
93.7602
94.6333
91.5605
85.0269
85.5803
83.8218
87.3595
82.394
84.3032
79.7109
78.8838
79.0206
76.4183
78.0178
77.2553
75.3431
74.0431
74.3899
74.5137
67.0089
67.775
69.5111
67.4726
65.5261
64.4637
64.9327
65.3869
62.5625
61.6364
63.4215
62.6835
61.1539
63.1023
59.7151
62.2635
63.3148
62.4364
59.9715
59.3358
61.536
59.8427
60.2563
59.0786
58.8799
60.1459
62.3506
58.065
58.9741
55.8912
55.2692
51.0737
46.6041
44.1211
46.5819
46.0554
45.3174
48.9182
47.7396
50.9437
49.2051
50.3963
51.0807
52.1426
51.7255
51.5988
51.8196
49.2664
50.8959
50.5484
51.605
51.0412
49.8408
49.6961
51.0498
52.084
51.0666
50.5159
51.1704
50.0526
51.0676
51.1194
51.0037
50.1394
49.9934
50.0804
51.7606
50.7322
52.1696
50.1931
50.5538
52.1607
50.2697
49.3754
50.1903
52.1283
48.8775
50.9547
49.7122
50.5484
47.8534
50.3034
49.9347
49.8554
50.4276
48.2093
48.3514
49.3193
48.2275
49.0205
49.6284
47.6895
48.4888
49.1879
47.7228
48.9049
46.5472
47.4519
48.2287
48.197
47.5869
47.5179
47.9519
48.6771
47.5655
47.5919
47.6098
48.4969
47.2875
45.5259
46.1659
46.0211
46.0887
47.1904
47.3049
46.8434
45.9413
43.9209
47.3638
47.0073
45.1943
47.7365
46.7671
46.7902
47.4254
