105.512
105.515
105.619
104.929
105.657
105.742
105.485
105.309
105.625
105.747
105.073
105.669
105.606
105.401
105.331
105.848
105.703
105.482
106.16
105.562
105.243
105.383
105.186
105.693
105.666
105.84
105.359
105.798
105.758
105.657
105.525
105.003
105.528
106.006
104.913
105.381
105.126
105.067
105.42
105.131
104.74
105.615
105.269
105.69
105.771
104.8
105.441
104.774
105.406
106.266
105.195
105.399
105.749
105.456
104.164
105.042
104.984
104.659
105.251
103.19
104.238
103.096
103.99
104.729
103.854
103.246
102.823
103.86
102.077
104.282
105.538
104.055
102.805
103.175
103.646
104.295
102.771
102.482
103.238
102.697
101.348
101.948
102.72
105.218
102.531
103.13
104.951
102.391
101.543
101.576
100.452
105.297
99.8679
102.185
100.917
99.6304
101.137
100.883
100.811
101.529
103.425
101.123
103.437
100.87
102.092
101.148
102.822
101.546
103.176
104.749
104.759
102.099
103.153
103.986
102.611
102.208
102.84
103.449
103.2
101.052
100.866
104.076
100.676
102.727
103.049
103.446
101.675
101.462
98.7396
101.038
101.505
102.598
101.669
101.983
101.258
101.593
103.036
102.866
102.014
101.037
100.876
100.03
102.652
98.8691
100.008
101.498
100.91
100.102
101.193
100.056
101.167
102.387
101.675
100.74
101.411
101.399
103.077
102.323
101.53
102.062
99.1646
101.242
104.089
101.513
98.9793
102.155
100.489
103.257
99.7396
97.6748
99.7004
100.464
98.1122
100.407
103.502
101.98
100.159
99.8956
101.896
100.118
100.868
99.4651
99.8439
98.9322
98.8844
102.076
99.5117
99.9275
100.729
97.7341
100.111
97.4864
99.2874
102.018
100.544
103.11
97.9733
100.282
99.5077
99.2513
