2.06702
2.06895
1.67479
1.27102
1.17552
1.4099
1.61574
1.79544
1.98331
2.11276
2.15104
2.34954
2.38796
2.45577
2.45232
2.56968
2.52805
2.62958
2.56226
2.38088
2.40523
2.40103
2.29779
2.35721
2.29075
2.23064
2.21636
2.18879
2.20842
2.12144
2.1335
2.14709
2.14878
2.12734
2.14753
2.14712
2.13374
2.13599
2.0911
2.19352
2.14604
2.18705
2.13064
2.16916
2.21133
2.16945
2.1694
2.1709
2.11864
2.18154
2.16826
2.17517
2.12804
2.08879
2.0965
2.10682
2.11595
2.11801
2.09778
2.10282
2.08273
2.0635
2.08805
2.09636
2.10817
2.18748
2.1749
2.25704
2.26321
2.32832
2.28924
2.31097
2.36517
2.40674
2.43418
2.48467
2.48472
2.55881
2.57705
2.61418
2.61452
2.58609
2.65815
2.70687
2.80468
2.71771
2.66759
2.73356
2.82563
2.81466
2.77334
2.79403
2.83698
2.88334
2.86691
2.95418
2.89983
2.95668
2.99179
3.02213
