50.2873
50.1595
50.2073
50.3041
50.2097
50.3077
50.2485
50.2056
50.2035
50.3169
50.1863
50.3013
50.319
50.3066
50.3265
50.3203
50.2418
50.3345
50.0675
50.3212
50.2737
50.2501
50.3423
50.2669
50.2239
50.3244
50.3268
50.2679
50.3408
50.3251
50.245
50.324
50.316
50.322
50.2819
50.3086
50.2661
50.2447
50.3252
50.2984
50.2363
50.3183
50.2701
50.3229
50.3188
50.3175
50.2922
50.2204
50.2924
50.3105
50.2514
50.2773
50.2424
50.2499
50.231
50.0752
50.2397
50.249
50.2461
50.3165
50.1555
50.2408
50.0353
50.3212
50.0849
50.1571
50.2501
50.14
50.063
50.3202
49.7465
49.7022
50.0966
50.2173
50.2522
49.948
49.4635
49.6318
50.0341
50.1581
49.7179
49.9482
49.9391
49.9491
49.5069
50.027
49.4383
49.8462
49.1306
49.4487
49.6337
49.8543
49.8326
49.9515
50.036
49.7368
49.8382
49.9602
48.6951
49.318
50.1226
49.411
48.776
49.4309
49.2
50.1449
50.0297
49.5562
49.6322
49.1133
49.1808
49.2496
49.3411
49.4164
49.4159
49.4465
49.5516
49.0098
49.0572
50.1134
49.2045
49.0269
49.7069
49.1939
49.3254
49.673
48.6954
47.8475
48.2021
49.834
48.7093
48.6273
49.4204
50.034
49.6179
49.0776
48.5753
49.4993
49.435
49.1544
49.039
48.6233
48.9382
48.1311
49.1327
48.6899
48.4598
48.923
48.3171
48.7096
49.6468
48.5815
48.7792
49.507
49.4415
48.589
49.2874
48.6665
49.1506
49.0471
48.6787
48.9638
48.9208
48.0465
48.6796
49.3538
49.2247
48.3913
48.9662
48.4383
49.0873
48.7047
48.4997
49.1027
48.5786
49.0015
48.6043
48.7045
48.7611
48.3895
49.8356
49.2509
49.3869
49.0423
49.324
48.3767
49.1991
48.8314
49.0487
48.7645
48.7532
48.5765
49.0204
48.3049
50.0395
48.4791
48.8729
48.731
49.2477
48.5135
