84.8245
84.7949
84.9748
85.0067
84.9946
84.7866
85.1767
84.7338
84.8739
85.0849
85.0045
84.8594
85.1915
84.9888
84.8119
85.1617
84.8216
85.0776
85.4492
85.0255
84.8336
84.6269
84.9735
84.8658
85.1174
85.0085
84.7722
84.8071
84.6173
84.7796
84.6608
85.1301
84.8195
85.043
84.8315
84.965
84.3592
84.9254
84.5023
84.5643
85.1064
85.0147
84.786
84.635
84.9957
84.7195
84.9917
85.2854
84.8567
84.5217
84.5013
84.5742
84.9846
85.0177
84.7867
84.4772
84.7408
84.5351
85.0973
82.4704
83.7842
83.5266
84.2761
83.8028
83.7982
82.7007
83.8275
83.806
83.9716
84.4213
84.7725
83.3196
83.0765
83.3619
82.5564
82.1154
82.288
84.3038
82.7655
82.5294
82.6458
83.7556
82.1153
83.763
82.7535
83.4917
82.3898
82.2541
84.1892
82.8987
81.7011
83.3438
82.7419
82.6357
83.586
82.8477
80.1529
83.4799
81.4479
82.88
84.9005
81.0676
81.0793
81.7023
83.0232
80.5776
80.8773
82.1707
81.1393
84.2649
83.2058
83.3115
82.8531
83.3855
84.0814
82.7213
84.0901
84.2577
84.2513
84.8452
84.4755
84.1501
84.2666
84.7666
84.9854
84.4136
85.0238
84.4081
83.9193
85.184
83.9912
84.0688
84.6647
84.765
83.1335
84.5529
83.8145
84.6193
83.8462
83.7836
84.3089
83.3782
84.2085
84.0289
83.6624
84.3838
83.879
83.8638
82.1251
84.7891
83.2414
81.8573
83.8694
84.6434
84.4519
83.5361
83.6035
84.0121
84.4743
82.8734
83.1406
83.7073
80.6461
82.373
83.2276
83.7248
84.459
84.4956
83.3007
83.7763
84.8249
83.2455
84.3913
84.558
84.6351
83.1736
84.3356
82.0426
82.359
83.0917
84.2859
83.1706
81.523
81.1058
84.9514
84.5901
82.8088
85.0982
84.0167
81.8685
80.9043
79.6342
83.0676
85.0573
83.9014
84.1684
84.5035
80.9027
84.4717
82.1902
