0.809689
0.878834
0.893985
0.865528
0.941372
0.920944
0.912644
0.940119
0.945408
0.959701
0.918346
0.963602
0.955133
0.933678
0.954119
0.980417
0.897509
0.95266
0.925625
0.929232
0.945373
0.932209
0.912172
0.911186
0.948661
0.924906
0.914831
0.941026
0.923936
0.936722
0.939055
0.925306
0.918931
0.942003
0.946313
0.907029
0.9086
0.908792
0.924215
0.92592
0.90872
0.920702
0.897338
0.895528
0.939275
0.879282
0.893463
0.885449
0.882261
0.875233
0.917047
0.875623
0.879336
0.869199
0.894196
0.876849
0.879108
0.881639
0.83622
0.816741
0.843846
0.842315
0.865368
0.817624
0.762419
0.664862
0.771571
0.726466
0.685921
0.768322
0.682883
0.696757
0.69989
0.719684
0.718643
0.644729
0.637846
0.682326
0.658704
0.667306
0.628212
0.665075
0.638329
0.630398
0.602323
0.610934
0.633374
0.612121
0.630712
0.596819
0.615464
0.587635
0.58886
0.603332
0.601777
0.578078
0.57599
0.573045
0.573347
0.531619
0.516481
0.48744
0.507453
0.481216
0.478054
0.484384
0.469539
0.476091
0.487159
0.470941
0.456327
0.455223
0.500683
0.477814
0.460012
0.455919
0.458893
0.428158
0.456245
0.417949
0.425393
0.440069
0.421214
0.425127
0.417537
0.423956
0.405666
0.412182
0.398658
0.443321
0.422816
0.410946
0.40358
0.423536
0.425174
0.405939
0.411872
0.407025
0.421975
0.410521
0.418907
0.412684
0.432472
0.419209
0.402671
0.411077
0.397594
0.396997
0.40977
0.400425
0.407975
0.402886
0.373937
0.404596
0.375192
0.406387
0.39266
0.392572
0.392808
0.372909
0.395017
0.384654
0.378208
0.377715
0.389779
0.392982
0.419053
0.396171
0.395934
0.37887
0.375552
0.385952
0.382287
0.365034
0.367389
0.381597
0.386307
0.368764
0.36965
0.385929
0.369071
0.364025
0.39198
0.38119
0.378579
0.392232
0.374671
0.373362
0.364031
0.361716
0.393328
0.37783
0.352603
0.354799
0.360981
0.365536
0.367508
0.365219
0.356935
0.360768
