0.692
0.721969
0.914104
0.848022
0.851856
0.823462
0.790235
0.793588
0.812503
0.894613
0.911787
0.875875
0.884819
0.833809
0.774503
0.715227
0.679542
0.647248
0.618627
0.600973
0.579718
0.556978
0.559773
0.56809
0.565646
0.543392
0.561727
0.546154
0.549423
0.53179
0.540076
0.506859
0.513417
0.4995
0.495017
0.499786
0.51396
0.497361
0.497939
0.483232
0.491102
0.487168
0.494775
0.497213
0.514349
0.477364
0.503472
0.498922
0.507609
0.499481
0.496707
0.509532
0.516316
0.503444
0.515886
0.528898
0.50921
0.540555
0.521846
0.520024
0.537568
0.527307
0.530466
0.534619
0.535099
0.532997
0.54617
0.540278
0.541529
0.546094
0.526605
0.534462
0.534424
0.544673
0.551549
0.545178
0.553501
0.54699
0.553697
0.548577
0.555072
0.547028
0.537968
0.547685
0.541516
0.530444
0.532377
0.527124
0.533448
0.525957
0.523574
0.527608
0.516322
0.489802
0.495639
0.49367
0.496527
0.48698
0.477617
0.485904
