17.3222
17.0192
17.3548
18.43
16.5883
17.5205
17.6841
18.0774
16.8884
17.801
15.9176
17.8368
17.8362
18.4886
18.3367
17.7913
16.4133
16.8336
16.4265
18.0812
16.9293
18.3351
18.3321
18.4634
17.745
17.7424
18.1598
17.955
17.9471
17.5226
18.2042
18.1493
18.0808
17.3441
17.7244
17.558
17.8105
18.1952
17.9169
17.9084
17.9777
17.9416
17.5478
18.0572
17.8578
17.6745
17.7161
18.3071
17.7337
17.4547
17.2772
17.4961
17.9345
17.4992
18.0364
17.5809
18.0349
17.9533
17.8051
17.2654
17.2894
18.0444
17.1194
17.2564
18.1893
16.8872
17.618
16.8868
17.8815
17.4803
17.2832
17.0235
17.4394
17.8128
16.9942
17.4342
16.6586
16.9293
16.8378
16.6514
16.9577
16.3766
17.3573
16.9032
17.3468
16.633
16.5478
16.6662
17.0062
16.6232
16.6537
16.6405
16.6121
17.5828
16.4414
16.3873
16.7867
16.627
16.7726
17.0471
