23.2288
23.156
23.1968
23.269
23.2293
23.2324
23.191
23.2227
23.1947
23.1885
23.2191
23.2137
23.171
23.1941
23.2278
23.2478
23.2159
23.2131
23.192
23.2355
23.2273
23.2121
23.2771
23.1714
23.2212
23.1987
23.2094
23.2292
23.2151
23.2263
23.2139
23.175
23.2349
23.2175
23.2167
23.1919
23.2375
23.1908
23.2105
23.2024
23.2308
23.1895
23.2023
23.127
23.179
23.1952
23.2152
23.1791
23.232
23.2251
23.1335
23.2291
23.1579
23.2034
22.9709
22.9846
23.0791
22.9232
23.2434
23.1367
23.2012
23.112
23.2303
23.1244
23.1135
23.2305
23.1558
23.208
23.2246
23.2187
23.2188
22.9611
23.12
23.1536
23.1639
23.225
23.1822
23.1659
23.0683
23.2256
23.1928
23.108
23.1473
23.1613
23.0767
23.0183
23.1821
23.1508
22.9941
23.0497
22.9413
23.1641
23.175
22.9711
23.0328
23.0765
23.0803
23.1701
23.1406
23.0203
23.2055
22.9575
22.8802
23.149
23.0025
23.0752
23.0749
22.9525
23.0884
23.0578
23.1253
23.0114
23.1368
23.0715
23.1806
22.8362
23.0162
23.1059
23.0773
22.8681
23.0666
22.9341
23.1396
23.1052
23.098
22.9084
22.9022
22.993
23.148
22.8625
23.0011
22.892
23.0861
22.9697
22.9855
22.8812
22.8158
22.8026
22.9388
22.832
22.8791
23.0223
22.8702
22.7899
22.9864
22.9762
22.5707
22.9082
22.8324
22.9067
22.9415
22.9459
22.5799
22.9387
22.9911
23.0027
22.8661
23.3028
23.1757
23.0794
22.9163
23.1185
22.8436
22.7919
23.1243
22.9045
22.9617
22.8548
22.9847
23.1082
22.7662
22.9518
22.7345
22.9214
22.7789
22.6899
22.6522
23.0532
22.8223
23.0123
22.9804
22.6912
22.7285
23.0166
23.1126
22.7621
22.8858
22.8834
22.986
22.8397
22.8501
22.8857
22.886
22.9402
23.0161
22.6993
22.8681
22.6741
22.8455
23.03
