0.0157362
0.0315146
0.0473138
0.0631239
0.0790162
0.0950564
 0.111203
 0.127373
  0.14356
 0.159822
 0.176191
  0.19268
  0.20935
 0.226269
 0.243411
 0.260646
 0.277872
 0.295094
 0.312375
  0.32976
 0.347282
    0.365
 0.382961
 0.401117
 0.419319
 0.437429
 0.455413
 0.473328
 0.491236
 0.509174
 0.527183
 0.545313
 0.563564
 0.581834
 0.599966
 0.617864
 0.635543
 0.653075
 0.670514
 0.687888
 0.705235
 0.722594
  0.73994
  0.75716
 0.774145
 0.790879
 0.807435
 0.823873
 0.840212
 0.856469
  0.87269
 0.888895
  0.90503
 0.921024
 0.936886
 0.952693
 0.968492
 0.984265
