0.0072118
0.00909138
0.00902291
0.00886447
0.0095308
0.0100476
0.0105688
0.0107602
0.00631803
0.00517418
0.00345818
0.00436386
0.00374167
0.0033389
0.003421
0.00344175
0.00340263
0.00297906
0.0030164
0.00337657
0.00343769
0.00307342
0.00275381
0.00274838
0.00285725
0.00266547
0.0029171
0.00268191
0.00284217
0.00272778
0.00269147
0.00257377
0.00253495
0.00259761
0.00250761
0.00266026
0.00244815
0.00240143
0.00256912
0.00251917
0.00249507
0.00252067
0.00277655
0.00268706
0.00271732
0.00286669
0.00288291
0.00267887
0.00281359
0.00277833
0.00288576
0.00286207
0.00265701
0.00266662
0.00278678
0.00261247
0.00271883
0.00286754
0.0027402
0.0026538
0.00266041
0.00261276
0.00269773
0.00263103
0.00244447
0.00260107
0.00267062
0.00263619
0.00269009
0.00249027
0.00265559
0.00268174
0.00275046
0.00281309
0.00264836
0.00264574
0.00266043
0.00287315
0.00278004
0.00263971
0.00279497
0.00286653
0.00279509
0.00273453
0.00280218
0.00286848
0.00284569
0.00245276
0.00284382
0.00284806
0.00279022
0.002734
0.00276243
0.00285558
0.0028645
0.00270946
0.00265137
0.00274441
0.00277664
0.00269972
0.00273309
0.00285569
0.00283845
0.0028798
0.00286635
0.00286119
0.00278129
0.0026823
0.00280587
0.00268595
0.00274341
0.00280615
0.00272539
0.00268488
0.00270916
0.00288372
0.00280482
0.00269741
0.00277856
0.00279778
0.00286897
0.00281392
0.00277351
0.00285247
0.00264482
0.0027549
0.00275127
0.00273375
0.00280369
0.00286143
0.00286615
0.00282085
0.00289737
0.00279544
0.00279924
0.00287201
0.0028994
0.00281737
0.00283777
0.00287022
0.00283707
0.00281706
0.00274054
0.00268432
0.00279031
0.00289375
0.00282033
0.00280458
0.00288888
0.00275755
0.00293669
0.00280763
0.00282005
0.00285904
0.00266595
0.00284426
0.00280897
0.00280073
0.00283197
0.00276723
0.00278414
0.0027305
0.002799
0.00274828
0.00295018
0.00280457
0.00294539
0.00287431
0.00278699
0.00273009
0.00286012
0.00273397
0.00280655
0.00272729
0.00283415
0.00279977
0.0028993
0.00264776
0.0029156
0.00278024
0.00271215
0.00268384
0.00276324
0.00265276
0.00278913
0.00263582
0.00281112
0.00283734
0.00279218
0.00276642
0.00281079
0.00276576
0.00269809
0.00283531
0.0027728
0.00273008
0.00264532
0.00276098
0.00277489
0.00274371
