15.3432
13.8948
14.3559
15.1405
14.1573
15.3575
14.7744
14.2565
15.4136
15.226
14.0316
14.9614
14.2771
14.8282
14.5073
14.1671
15.1754
15.3351
15.4072
14.0219
14.2992
14.1501
14.3404
15.2662
15.3874
15.3732
15.4153
14.3702
14.3001
15.3774
14.0555
15.1681
15.4079
13.8338
15.4315
15.4285
11.9698
14.0402
13.6146
13.5708
12.8393
14.1675
13.8149
13.6749
13.0663
13.8815
11.8973
14.5459
12.7187
13.6996
14.0666
15.215
13.0813
12.6664
11.4701
12.811
14.1045
15.1556
12.5344
14.4503
12.887
14.1746
13.3295
14.4273
10.5543
10.6075
12.055
13.7804
13.8224
11.955
11.9647
12.892
10.5726
13.1176
12.0531
12.057
14.3139
13.1784
13.5369
14.1759
13.6798
11.5577
11.2665
13.9357
10.7273
12.8641
11.6473
10.4822
14.785
11.2027
11.3074
13.6148
10.588
10.8682
14.8191
10.9367
13.5007
10.7117
12.0162
11.0225
12.0637
10.8559
12.2669
11.2745
11.5996
11.2799
10.3583
10.8517
10.8448
11.1245
11.1239
11.3269
10.9516
12.1183
12.3708
12.167
11.0569
10.9537
11.6207
11.2658
11.5924
14.1057
10.9723
11.1427
11.223
11.1771
11.237
10.9311
11.0414
11.1878
11.0035
11.0137
11.3105
10.7381
11.1768
11.2168
11.2642
11.1053
11.2288
10.978
11.832
11.3353
11.0172
11.0047
11.9683
11.3316
11.2611
11.2936
11.0584
11.3432
11.6841
11.3696
11.3236
11.0787
11.2519
11.0265
12.1567
11.0715
11.2998
11.1857
11.2043
15.431
11.3847
11.3715
11.2972
12.9688
11.3397
11.2793
11.6187
11.1787
11.5202
11.6362
11.3446
11.3642
11.358
11.3384
13.3652
11.3232
11.3383
11.3031
11.3775
11.2869
11.3025
15.3395
11.4809
11.3502
11.3296
11.3667
11.3681
11.3908
11.3829
11.6524
11.3483
11.33
11.369
11.3889
11.3064
11.3402
11.3006
11.3213
