0.0154273
0.0349053
0.0553618
0.0717613
0.0868831
 0.105086
 0.125675
 0.143315
 0.158841
 0.176078
 0.196008
 0.214622
 0.231007
 0.247808
 0.266782
 0.285828
 0.303157
 0.319936
 0.338076
 0.357116
 0.375191
 0.392139
 0.409724
 0.428585
 0.447101
 0.464215
 0.481522
 0.500244
 0.518906
 0.536071
 0.553349
 0.572067
 0.590599
 0.607676
  0.62518
  0.64401
  0.66211
 0.679028
 0.697059
 0.715963
 0.733311
 0.750172
 0.769042
 0.787709
   0.8041
 0.821255
 0.841087
 0.858989
 0.874543
 0.892519
 0.912953
 0.929694
 0.944937
 0.964114
 0.984312
