0.0517018
0.0554204
0.0608406
0.0618758
0.0525619
0.0465335
0.0482079
0.0524725
0.0535154
0.0504321
0.0564985
0.0511018
0.053379
0.0550156
0.052036
0.0539315
0.0519458
0.0540889
0.0564131
0.0595033
0.062583
0.0631889
0.063196
0.063578
0.0684563
0.0666653
0.0716814
0.0702106
0.0711515
0.0731986
0.0773397
0.0836472
0.0889544
0.0947208
0.0937541
0.0992424
0.10507
0.10721
0.113664
0.110972
0.122669
0.12697
0.126869
0.133371
0.129191
0.134985
0.140675
0.141856
0.145726
0.154297
0.157627
0.160057
0.160678
0.171695
0.171884
0.178334
0.184514
0.188252
0.190441
0.199294
0.209072
0.216683
0.22089
0.223155
0.230636
0.229336
0.239542
0.246384
0.253911
0.25888
0.265083
0.27128
0.274399
0.292871
0.291573
0.304046
0.299536
0.307959
0.302843
0.316211
0.322019
0.326529
0.323659
0.339268
0.335441
0.341967
0.348444
0.345494
0.355862
0.355959
0.361075
0.362417
0.375244
0.381876
0.372676
0.380221
0.388944
0.396209
0.394079
0.392302
