0.200174
0.162087
0.144136
0.161694
0.227835
0.218383
0.217021
0.217612
0.13747
0.149244
0.142906
0.147457
0.038737
0.0132319
0.0129637
0.0124014
0.0121944
0.0125971
0.0133852
0.0129228
0.012882
0.0128722
0.0128199
0.0132933
0.0128463
0.00430146
0.00559461
0.00559151
0.00557108
0.00509295
0.002721
0.00259037
0.00409345
0.00418032
0.00478871
0.0042597
0.00442872
0.00464326
0.00492477
0.00463456
0.00489235
0.00483812
0.00477182
0.0047399
0.00536443
0.00537327
0.00482218
0.00523781
0.0049719
0.00509828
0.00532828
0.00535626
0.00495397
0.00531776
0.00535463
0.00538935
0.00546297
0.00522981
0.00544713
0.00551455
0.00557868
0.00598397
0.00558406
0.00558083
0.00548527
0.00549609
0.00534081
0.00573709
0.00585672
0.00566134
0.00583724
0.00578957
0.00593054
0.00591273
0.00587734
0.00596945
0.00573926
0.00587214
0.00602004
0.00606999
0.00587722
0.00604065
0.00618048
0.00617276
0.00579971
0.00625058
0.00623943
0.00601947
0.00617455
0.00618839
0.00611834
0.00604485
0.00638486
0.00623032
0.00631233
0.00615738
0.00629547
0.00620214
0.00625736
0.00616166
0.00621066
0.00615521
0.00629727
0.00620733
0.00612711
0.00649916
0.00644609
0.00647197
0.00636177
0.00636416
0.00639032
0.0063477
0.0064742
0.00641957
0.00639265
0.00654374
0.00618674
0.00622407
0.00661022
0.00633925
0.00613547
0.00663847
0.00638997
0.00649054
0.00638628
0.00655192
0.00647378
0.00625868
0.00655051
0.0063579
0.00631669
0.00646252
0.00651792
0.00633797
0.00635681
0.00643628
0.0065039
0.00644966
0.0062885
0.00657698
0.00664383
0.00652997
0.00672758
0.00646293
0.00647925
0.00638687
0.00653823
0.00645669
0.00665761
0.00649184
0.00666026
0.00652396
0.00685953
0.00673058
0.00653358
0.00662133
0.00663367
0.00657335
0.00676459
0.00646915
0.00684552
0.0066415
0.00669807
0.00681366
0.00650271
0.00680779
0.00693639
0.00665371
0.00633344
0.00635033
0.00665461
0.00646853
0.00655848
0.00665278
0.00656118
0.00647769
0.00639559
0.0067512
0.00628449
0.00674555
0.00651793
0.00662755
0.00660321
0.0066918
0.00664868
0.00643145
0.00661446
0.006752
0.0066043
0.0064724
0.00641969
0.00659378
0.00667698
0.00622161
0.00673014
0.00639679
0.00645396
0.00631356
0.00669032
0.00678371
