1.37245
1.32994
1.2611
1.29198
1.34739
1.24376
1.23776
1.3216
1.39086
1.29296
1.4044
1.4026
1.37755
1.29919
1.30612
1.23781
1.42355
1.44749
1.33292
1.4389
1.36232
1.37207
1.35535
1.31964
1.38047
1.4333
1.37565
1.38549
1.44988
1.44841
1.40596
1.45451
1.39512
1.39472
1.41217
1.48603
1.47056
1.41873
1.41732
1.357
1.46452
1.45577
1.38168
1.44367
1.48279
1.4343
1.3985
1.44749
1.40448
1.42583
1.46803
1.48883
1.45502
1.44741
1.4068
1.48291
1.43326
1.42638
1.43127
1.32278
1.43806
1.44768
1.3013
1.45596
1.47303
1.44483
1.42414
1.48059
1.48612
1.43759
1.44905
1.42613
1.37396
1.45059
1.47494
1.48332
1.45292
1.42029
1.41241
1.39749
1.41797
1.36051
1.47823
1.4416
1.28239
1.43151
1.44477
1.32056
1.48658
1.43334
1.28509
1.47519
1.49361
1.48964
1.4786
1.40731
1.39685
1.43519
1.39256
1.34388
1.41337
1.37715
1.38584
1.45333
1.4001
1.44909
1.43828
1.4234
1.4501
1.40002
1.25483
1.48463
1.4057
1.49141
1.32961
1.34395
1.47156
1.48469
1.45504
1.39458
1.2863
1.36377
1.40371
1.38433
1.36741
1.33093
1.40824
1.48258
1.27888
1.33441
1.39604
1.31085
1.33075
1.27703
1.23269
1.31377
1.40525
1.36562
1.44061
1.22582
1.38432
1.24819
1.37419
1.4711
1.23427
1.31555
1.33745
1.44643
1.31185
1.32126
1.32138
1.41023
1.3132
1.35827
1.19823
1.40258
1.44717
1.20288
1.30919
1.40599
1.34348
1.48032
1.40295
1.35852
1.22166
1.22374
1.44379
1.20176
1.37553
1.30215
1.31628
1.2388
1.26983
1.44552
1.4766
1.34546
1.27432
1.19021
1.43757
1.43808
1.2299
1.46626
1.2763
1.24669
1.41361
1.23132
1.48036
1.38476
1.39022
1.40129
1.17952
1.22944
1.3412
1.34788
1.30701
1.2429
1.41019
1.31466
1.29413
1.47015
