1.55858
1.61537
1.59341
1.51964
1.55668
1.59473
1.52242
1.61167
1.53339
1.58587
1.58334
1.49543
1.56715
1.59324
1.5647
1.61856
1.55579
1.5855
1.58066
1.60917
1.58368
1.56832
1.53292
1.55754
1.54627
1.5382
1.62283
1.59023
1.56765
1.52769
1.52511
1.52207
1.60873
1.60784
1.63398
1.5566
1.54335
1.74069
1.65092
1.61398
1.67578
1.72889
1.73028
1.72963
1.76113
1.80533
1.78965
1.75789
1.81058
1.81305
1.8067
1.80001
1.78516
1.81408
1.78383
1.79883
1.80146
1.80256
1.81163
1.81209
1.81697
1.75942
1.81687
1.81439
1.81515
1.81147
1.81597
1.81912
1.80055
1.81324
1.81806
1.80156
1.81212
1.81536
1.81443
1.77086
1.80989
1.8183
1.81917
1.81983
1.81279
1.81313
1.82051
1.81788
1.81185
1.81831
1.81836
1.8167
1.81914
1.81588
1.81683
1.81798
1.81815
1.81558
1.81973
1.81825
1.80128
1.81741
1.81739
1.81795
1.81608
1.8218
1.81733
1.8172
1.8175
1.81581
1.82089
1.81816
1.81945
1.81853
1.81907
1.8128
1.81345
1.81774
1.8181
1.81981
1.80395
1.8165
1.81518
1.816
1.80838
1.81844
1.81907
1.81311
1.81855
1.81801
1.81141
1.8169
1.81426
1.81627
1.82218
1.81942
1.81837
1.81567
1.81965
1.82118
1.81506
1.82021
1.81713
1.81272
1.81898
1.81959
1.81871
1.82066
1.82149
1.82178
1.81871
1.82178
1.8216
1.81787
1.81856
1.82071
1.81781
1.8177
1.82179
1.81844
1.81707
1.81733
1.82135
1.81981
1.82054
1.81909
1.81668
1.817
1.81901
1.81812
1.81534
1.82117
1.81913
1.81967
1.81876
1.81718
1.82162
1.82169
1.82206
1.81611
1.81689
1.81887
1.82021
1.82204
1.81977
1.81977
1.82062
1.81752
1.82206
1.81779
1.81933
1.8159
1.81875
1.81971
1.81826
1.81779
1.82148
1.81832
1.82029
1.81652
1.81836
1.82171
1.81876
1.81752
