1.38005
1.31897
1.30242
1.33278
1.32222
1.35804
1.29015
1.3412
1.34702
1.36416
1.35772
1.39137
1.39653
1.38744
1.36026
1.391
1.3648
1.33526
1.35558
1.35182
1.36705
1.31624
1.33763
1.33019
1.39878
1.39753
1.39232
1.32855
1.39385
1.38763
1.34662
1.39524
1.40035
1.36851
1.36722
1.40232
1.36587
1.39592
1.39628
1.37377
1.38701
1.35716
1.39888
1.36561
1.35439
1.39634
1.28976
1.35082
1.3736
1.36714
1.36366
1.41369
1.3562
1.39546
1.40229
1.35122
1.36553
1.41814
1.4009
1.35333
1.4037
1.40689
1.35874
1.31118
1.3699
1.41019
1.36034
1.32479
1.35337
1.39425
1.3797
1.30919
1.38606
1.3723
1.39888
1.35299
1.38475
1.35785
1.37041
1.29904
1.30699
1.34127
1.24708
1.33609
1.33591
1.34411
1.34318
1.40123
1.29521
1.38008
1.3486
1.35856
1.28296
1.36764
1.35948
1.36478
1.36816
1.36088
1.29739
1.37108
1.35458
1.36215
1.36889
1.34902
1.33479
1.32774
1.32069
1.3328
1.36781
1.35967
1.40004
1.35316
1.34026
1.34507
1.31989
1.36562
1.34205
1.35358
1.33039
1.36239
1.36178
1.36301
1.38293
1.36502
1.35218
1.38884
1.36668
1.37141
1.37173
1.41403
1.34128
1.31809
1.38709
1.40264
1.43114
1.35442
1.35505
1.36335
1.36742
1.34956
1.34725
1.37979
1.36454
1.34657
1.33731
1.36669
1.34576
1.39364
1.32069
1.37244
1.34299
1.37826
1.37801
1.35491
1.37742
1.38162
1.33653
1.36408
1.33436
1.37004
1.38209
1.3372
1.3581
1.3618
1.36362
1.34826
1.35812
1.37474
1.37323
1.33362
1.33462
1.39719
1.37039
1.37429
1.39051
1.30488
1.31326
1.38118
1.35846
1.40647
1.25424
1.37279
1.32932
1.316
1.33838
1.33312
1.32352
1.35149
1.28869
1.4045
1.37053
1.3773
1.32979
1.37431
1.40535
1.33891
1.31877
1.35398
1.3507
1.33986
