5.30855
3.84002
3.7036
3.62841
3.36926
3.48888
3.45029
3.6934
3.66578
3.58
3.5408
3.47807
3.55325
3.56966
3.64392
3.59258
3.65829
3.52897
3.4805
3.62367
1.16954
0.423996
0.428775
0.434514
0.405312
0.402294
0.414265
0.400006
0.414018
0.406792
0.401782
0.392466
0.397231
0.391774
0.396658
0.407036
0.386958
0.382657
0.405667
0.410622
0.408161
0.417377
0.413436
0.400609
0.414012
0.412965
0.409964
0.412615
0.415783
0.420965
0.436945
0.431192
0.436518
0.414802
0.447581
0.449977
0.436975
0.441766
0.43799
0.433513
0.440386
0.436823
0.450856
0.453462
0.457506
0.454325
0.468643
0.466512
0.469173
0.475523
0.482244
0.482441
0.48343
0.478565
0.47826
0.480654
0.490751
0.488028
0.490588
0.49204
0.486098
0.487257
0.487699
0.470987
0.478844
0.471058
0.484153
0.470767
0.477729
0.470158
0.466185
0.466827
0.465536
0.482019
0.47098
0.463498
0.463111
0.461887
0.470197
0.470949
