17.3204
18.2379
19.2465
18.2186
17.5011
17.5797
17.132
17.1416
15.7812
17.6379
19.0928
17.6618
19.3296
17.3238
16.9347
17.5732
16.4802
17.3515
15.9616
17.8572
18.3713
17.6339
16.9191
17.5825
16.8311
17.7177
17.5626
16.8516
17.0547
17.033
18.0831
18.56
17.0466
18.1609
17.5952
17.7017
18.5413
18.5759
18.4821
18.3453
18.5492
17.7214
18.0974
17.9009
17.3817
18.3671
17.7459
17.7121
18.7436
17.7644
18.6941
18.2871
17.8607
18.5491
18.7935
18.506
18.3931
18.1734
18.8378
18.2055
18.0386
18.8574
18.9924
18.632
18.1682
18.3954
18.8089
18.6381
18.3936
18.7974
18.8077
18.6538
17.9583
18.8431
18.505
19.1232
17.9599
18.9859
18.641
18.9822
18.2784
18.3534
18.7946
18.5777
18.6262
18.8206
18.4682
18.7496
18.1515
18.377
18.4848
18.2482
18.7622
18.717
18.6483
18.5738
18.7169
18.9517
19.0372
18.1517
