1.60974
1.62743
1.55224
1.62236
1.55265
1.56676
1.61555
1.62271
1.59794
1.59279
1.56609
1.62321
1.67601
1.65643
1.60463
1.65294
1.56626
1.67559
1.56899
1.54341
1.60086
1.67584
1.57806
1.57331
1.60739
1.61607
1.59253
1.63577
1.61478
1.60697
1.64709
1.67236
1.61538
1.66712
1.64789
1.58403
1.67502
1.64725
1.66284
1.60081
1.59717
1.60825
1.66304
1.62778
1.64617
1.67169
1.65469
1.63932
1.67311
1.5981
1.68984
1.65552
1.66813
1.65448
1.68642
1.65216
1.6809
1.68123
1.66598
1.69086
1.69186
1.66991
1.69266
1.66605
1.66371
1.67303
1.68913
1.67824
1.63388
1.67042
1.67805
1.69119
1.63051
1.6454
1.66345
1.68883
1.6731
1.70263
1.68773
1.69202
1.69201
1.67514
1.68963
1.68671
1.69674
1.6828
1.69469
1.68641
1.68029
1.59597
1.69187
1.69261
1.66825
1.65674
1.66191
1.66537
1.69745
1.67321
1.68218
1.70013
1.67652
1.64568
1.62906
1.67983
1.65699
1.70254
1.68231
1.65468
1.68858
1.6935
1.67252
1.67589
1.67926
1.70348
1.63656
1.6873
1.69293
1.66423
1.63512
1.6715
1.69841
1.6644
1.667
1.69202
1.68731
1.70008
1.6533
1.60981
1.70002
1.67552
1.70199
1.68201
1.65626
1.65529
1.69849
1.68168
1.69904
1.68688
1.65684
1.66429
1.68117
1.63277
1.67682
1.70757
1.67238
1.67611
1.71285
1.63594
1.70976
1.67287
1.69034
1.6431
1.6921
1.67381
1.6847
1.64605
1.69863
1.62897
1.69574
1.65975
1.65237
1.64501
1.67856
1.67943
1.66567
1.67193
1.65354
1.6719
1.65026
1.6815
1.68721
1.68619
1.69902
1.71514
1.65273
1.64088
1.67047
1.69002
1.70172
1.68257
1.6695
1.7097
1.68128
1.67849
1.68133
1.70257
1.65895
1.69023
1.71092
1.66134
1.69251
1.67345
1.68069
1.70408
1.67786
1.64636
1.70335
1.67804
1.68618
1.68928
