13.7106
15.2243
13.8743
12.1801
14.2855
14.237
13.9308
15.0663
13.6644
13.395
13.4656
15.0914
12.0255
13.2161
15.0856
13.8444
15.1748
13.3419
16.6345
12.8719
11.7004
16.577
14.8823
12.5991
13.7549
12.1511
13.4174
11.3395
13.0048
11.0193
12.4309
11.1453
15.138
15.1259
13.1807
16.6003
10.7544
11.5359
13.3114
16.6461
13.9643
14.1976
12.1484
15.2599
11.4062
12.0068
11.3764
9.12881
13.9677
13.339
7.58552
11.2799
16.2562
15.2465
14.6155
10.5435
13.9333
16.5754
15.1246
14.0026
16.645
10.5618
14.2166
10.5089
11.1331
11.0928
12.3262
16.3908
8.92831
12.2679
9.18986
8.52645
13.4174
13.4143
8.73821
8.87731
11.3098
7.85957
11.2947
7.83609
7.61066
10.5806
14.6964
8.82485
8.66533
7.85922
8.24582
13.7162
7.49035
8.80146
8.32532
8.62297
10.6152
8.26206
8.74738
6.85251
8.01735
9.39881
7.8467
8.52045
8.43627
11.622
8.09662
7.54602
8.98333
9.01864
9.09736
8.15203
8.96679
8.03467
8.27
9.13458
8.84151
9.76293
8.87902
8.79933
9.13065
8.97341
8.91653
8.9244
8.8914
8.97221
8.67126
8.16192
8.22324
9.66735
8.50547
9.11933
9.78271
8.5125
8.44849
9.44373
8.22036
9.57178
8.46949
7.9476
9.07758
9.7171
8.6784
8.53737
9.11435
8.41385
7.97981
8.37985
8.97488
9.15113
8.1738
8.94826
8.65594
8.18046
9.30949
9.18463
8.85648
9.15012
8.12672
9.35185
9.34551
8.0095
8.42885
8.13717
8.99316
8.8207
8.26094
9.73677
8.58627
8.69739
8.61399
8.05849
9.10399
8.0037
9.88693
9.94337
9.07558
8.48683
8.92739
7.61326
9.44235
8.7603
8.15857
8.73296
9.22991
9.22991
8.93856
8.70463
8.79436
9.15878
8.06087
9.83293
8.37934
10.1255
8.24891
9.56287
8.16194
8.3479
9.70032
8.68682
9.87006
8.87284
8.15857
8.99663
