8.44781
11.4734
9.77121
10.5325
10.4753
13.268
19.4771
11.5053
10.3932
9.88794
10.0326
12.2308
10.8819
9.28218
10.7439
9.98947
10.5258
10.4161
10.6244
12.3349
12.8498
13.089
9.96122
10.8676
12.0408
11.3837
11.3963
10.7294
9.57016
10.892
10.7081
12.0613
10.7507
11.7717
12.9107
11.9412
11.0024
12.5954
11.5612
11.9659
11.4796
11.0055
11.6907
10.6417
12.9653
12.3336
12.1731
13.1796
11.5279
13.5709
12.8868
12.0903
12.5417
12.9403
13.4684
12.3204
12.6178
11.6386
12.3786
12.1478
12.8217
12.1841
12.5742
11.7042
12.8303
13.6143
12.6791
11.6516
12.5363
11.6702
12.55
12.3904
12.303
14.0719
12.2643
12.4891
11.3341
12.5479
12.8949
12.5154
11.5739
12.1801
12.2263
11.3102
11.5282
12.1574
11.6091
12.6428
12.3019
11.1028
12.3169
12.3033
12.7545
12.2255
12.2267
12.1826
12.2258
11.3053
11.9371
12.3441
