1.14575
1.16578
1.27736
1.32135
1.35084
1.32746
1.40247
1.39556
1.40148
1.41751
1.3617
1.42188
1.36954
1.35781
1.3807
1.39415
1.47677
1.40095
1.38082
1.40567
1.36911
1.43832
1.32316
1.35611
1.3763
1.38474
1.44191
1.37087
1.35708
1.3532
1.38602
1.39164
1.38626
1.3843
1.38257
1.32746
1.36591
1.29657
1.35988
1.36095
1.31304
1.38738
1.36765
1.35524
1.36023
1.30738
1.4039
1.3531
1.33943
1.29197
1.37658
1.34077
1.39377
1.34847
1.34285
1.35592
1.36818
1.39782
1.33915
1.3734
1.36254
1.36344
1.37373
1.27297
1.3531
1.32501
1.3837
1.32818
1.35875
1.33947
1.31642
1.3783
1.3239
1.35791
1.40574
1.39037
1.37567
1.37875
1.32322
1.3393
1.38583
1.37176
1.2854
1.39508
1.37219
1.3594
1.35116
1.35161
1.37981
1.34822
1.3793
1.35749
1.38249
1.42304
1.30598
1.31272
1.32697
1.36411
1.39168
1.36664
1.28469
1.3276
1.34613
1.33895
1.33499
1.39553
1.44625
1.3001
1.34684
1.40857
1.33924
1.35536
1.32318
1.35253
1.37441
1.42196
1.35269
1.35748
1.38294
1.38005
1.37402
1.3492
1.34224
1.36759
1.37394
1.39307
1.32791
1.33649
1.30226
1.36496
1.31306
1.36738
1.38474
1.33678
1.33566
1.33438
1.39159
1.36006
1.35155
1.34239
1.35265
1.28737
1.40397
1.40458
1.41743
1.40798
1.32293
1.40082
1.3081
1.35194
1.35052
1.36683
1.37071
1.38398
1.4041
1.30844
1.36025
1.37453
1.38518
1.33466
1.35651
1.32469
1.34665
1.35132
1.37317
1.37528
1.36079
1.37072
1.31521
1.36766
1.33942
1.3922
1.34251
1.36183
1.37014
1.3727
1.31579
1.37841
1.38354
1.35437
1.43407
1.3519
1.3737
1.38248
1.36951
1.34591
1.36923
1.37124
1.35739
1.33901
1.42321
1.32967
1.38335
1.35319
1.35868
1.37987
1.35401
1.32438
1.38885
1.34291
