0.0178508
0.0357019
0.0535541
0.0714057
0.0892617
 0.107113
 0.124975
 0.142825
 0.160695
 0.178543
 0.196419
 0.214265
 0.232146
 0.249991
 0.267872
 0.285718
 0.303596
 0.321444
 0.339316
 0.357166
 0.375031
 0.392882
 0.410741
 0.428593
 0.446447
 0.464298
 0.482149
      0.5
 0.517851
 0.535702
 0.553553
 0.571407
 0.589259
 0.607118
 0.624969
 0.642834
 0.660684
 0.678556
 0.696404
 0.714282
 0.732128
 0.750009
 0.767854
 0.785735
 0.803581
 0.821457
 0.839305
 0.857175
 0.875025
 0.892887
 0.910738
 0.928594
 0.946446
 0.964298
 0.982149
