2.00958
1.96129
1.83832
1.18859
0.760926
0.776966
0.744885
0.747231
0.821138
0.71889
0.630808
0.629352
0.612582
0.57914
0.550221
0.564708
0.564792
0.57895
0.571811
0.601678
0.640128
0.66273
0.646278
0.668462
0.618821
0.610222
0.6569
0.626043
0.641373
0.641215
0.633235
0.617657
0.608126
0.617155
0.630894
0.626513
0.637824
0.641695
0.625704
0.626897
0.637586
0.618804
0.61042
0.606911
0.60587
0.604792
0.594496
0.592657
0.588127
0.592643
0.584889
0.574985
0.562021
0.553102
0.554403
0.532063
0.518271
0.520496
0.493796
0.499427
0.487923
0.478389
0.475073
0.468125
0.463986
0.452331
0.442606
0.442569
0.42433
0.42076
0.41035
0.392633
0.408876
0.382134
0.374031
0.378953
0.367592
0.35445
0.356181
0.354081
0.340155
0.333743
0.331422
0.328779
0.327771
0.324119
0.314472
0.310168
0.321374
0.311971
0.300983
0.307602
0.299031
0.300607
0.29802
0.299183
0.288646
0.282895
0.288995
0.275294
