19.2202
18.536
19.2893
18.7431
18.8999
19.0049
20.1085
19.0967
19.0681
19.4935
18.5631
18.7998
18.6635
18.8205
19.3093
19.2734
18.3662
19.1819
18.063
18.2716
18.8324
18.7482
18.1889
19.109
17.5359
18.0078
19.2503
18.2469
18.5431
19.0052
17.6728
17.787
18.149
18.708
17.9938
18.2094
17.7218
17.1116
17.3025
17.5024
17.0151
18.2683
18.2937
17.8828
17.8838
18.9557
17.0113
17.7797
17.2414
18.0391
17.3352
17.6769
17.5188
18.0042
17.5703
17.9379
17.8384
17.4605
17.2917
16.9417
17.1996
17.6953
18.2055
17.9591
17.7194
16.721
17.9052
18.763
17.4551
17.3319
16.5903
18.2476
16.5335
18.48
17.1818
17.7196
17.1122
18.732
17.8495
18.4342
18.4678
17.7699
16.5812
17.1184
18.1908
18.4617
17.9873
16.8378
17.6586
18.0503
19.286
18.1066
17.9677
18.1703
18.5271
19.8018
18.2604
19.2536
18.8359
19.7534
