0.0114625
0.0106288
0.0115613
0.0111494
0.0113751
0.0109752
0.0108342
0.0106233
0.0109976
0.0106271
0.0106416
0.0104252
0.0103481
0.0103143
0.0101249
0.00550477
0.00495754
0.00448541
0.00416104
0.00396571
0.00395268
0.00418631
0.00395232
0.00379446
0.00353668
0.00396858
0.00405511
0.00382008
0.00396246
0.00375007
0.0036211
0.00336461
0.00379847
0.00354213
0.00357298
0.00364674
0.00335093
0.00369887
0.00361656
0.0035943
0.00357278
0.00362028
0.00330918
0.00373465
0.00354644
0.00351616
0.0038203
0.00359378
0.00351791
0.00359795
0.00360044
0.00381744
0.0038196
0.00370769
0.00405177
0.00378707
0.00396916
0.00366787
0.00375337
0.00409237
0.00399389
0.00382772
0.00373662
0.00392375
0.00387877
0.00421772
0.00416998
0.00391456
0.00384258
0.00410733
0.00410158
0.00405098
0.0040866
0.0041563
0.0039387
0.0040053
0.00421098
0.004004
0.00420833
0.00392629
0.0037889
0.0040715
0.00391682
0.00385575
0.00434354
0.00380127
0.00391274
0.00383503
0.00404138
0.00405925
0.00399495
0.00406727
0.00413017
0.00380702
0.00383589
0.00379607
0.00359296
0.00376318
0.00390063
0.00370291
0.00381
0.00373686
0.00360196
0.00381067
0.00351924
0.00367679
0.00379104
0.00372059
0.00370804
0.00375688
0.00367081
0.00343926
0.00359166
0.00354377
0.00344105
0.00358993
0.00349361
0.00346954
0.00352585
0.00336376
0.00342905
0.00330768
0.0033146
0.00332488
0.00340331
0.00336151
0.00324175
0.00345461
0.00329543
0.00331375
0.00312302
0.0032045
0.00310243
0.00296402
0.00322289
0.00314544
0.0033616
0.0032677
0.00330244
0.00322882
0.0031698
0.00303062
0.0032727
0.00311409
0.00312613
0.00303025
0.00332531
0.0032136
0.00308117
0.00309341
0.00315376
0.00308526
0.0031984
0.00319178
0.00304331
0.00302986
0.0033303
0.00304384
0.00313743
0.00311558
0.00311195
0.00310168
0.00308528
0.00301743
0.0030568
0.0030742
0.00328284
0.00305335
0.00318967
0.00305191
0.00300108
0.00304693
0.00304074
0.00312523
0.00306392
0.00299806
0.00328959
0.00296524
0.00296436
0.00300612
0.00290101
0.00297976
0.00303528
0.00306828
0.00307909
0.0030836
0.0031056
0.00305155
0.00316585
0.00314146
0.00291887
0.00303936
0.00305815
0.00298936
0.00305479
0.00314792
0.00299688
0.00301768
0.00313151
0.00298704
