0.113865
0.0851724
0.0780955
0.0772946
0.0761442
0.0711746
0.0763893
0.0789185
0.121331
0.126455
0.124567
0.126329
0.119889
0.115051
0.0380691
0.0121353
0.0118655
0.0119161
0.0119741
0.0121814
0.011865
0.0121554
0.0122238
0.0118729
0.0113659
0.00291831
0.003098
0.00260224
0.0024439
0.00275577
0.00323491
0.00306014
0.00278181
0.00280374
0.00262641
0.00255533
0.00275221
0.00287364
0.00260854
0.00294935
0.00290334
0.00244965
0.00197111
0.00236868
0.00231931
0.0026997
0.00238672
0.00239758
0.00260093
0.00243617
0.00254029
0.00296436
0.0028122
0.00277286
0.00271235
0.00276601
0.00266032
0.00285152
0.00274232
0.0028172
0.0027949
0.00295119
0.00298004
0.00305734
0.00289903
0.00302623
0.0030378
0.00304103
0.00309305
0.00316051
0.00297396
0.00306847
0.00303313
0.00323321
0.00312117
0.00332132
0.00295368
0.00323534
0.00331872
0.00340822
0.00332935
0.00343097
0.00347967
0.0033396
0.00346586
0.00340034
0.00336181
0.00363611
0.00352771
0.00350726
0.00353404
0.00373758
0.00372829
0.00363501
0.003677
0.00363227
0.00349381
0.00375591
0.00369904
0.0036226
0.00370968
0.00374746
0.00370431
0.00361306
0.00381483
0.0037334
0.00374312
0.00372006
0.00394109
0.00367003
0.00377997
0.00405588
0.00399139
0.0038992
0.0038757
0.00407478
0.00396967
0.00407448
0.00407797
0.00399416
0.00395033
0.00381046
0.00411224
0.00398261
0.00407248
0.00401224
0.00401417
0.00404532
0.00396028
0.00410529
0.00421542
0.00406974
0.00397937
0.00408208
0.00418873
0.00411859
0.00402799
0.00400473
0.00404499
0.00404248
0.00407788
0.0038532
0.00404841
0.00414824
0.0040918
0.00393928
0.00401786
0.00402954
0.00411782
0.00416868
0.00404466
0.00392668
0.00398519
0.00413463
0.00408882
0.00407102
0.00413157
0.00428869
0.00411782
0.00419699
0.00405606
0.0042007
0.00413673
0.00393941
0.00372733
0.003792
0.00371724
0.00357773
0.003573
0.0036767
0.0036644
0.0033758
0.0033932
0.00334869
0.00361929
0.00327185
0.00346906
0.00337517
0.00349929
0.00360378
0.00359942
0.00357682
0.00353271
0.00353772
0.00352532
0.00358801
0.00357677
0.00334436
0.00348966
0.00354031
0.00358167
0.00362411
0.00345793
0.00353059
0.00362709
0.00354073
0.00359987
0.00355801
0.00358651
0.00369291
