1.65285
1.66031
1.74628
1.66198
1.63772
1.71609
1.54477
1.6521
1.63371
1.60668
1.75336
1.74146
1.63375
1.73012
1.7392
1.62959
1.54045
1.75181
1.58386
1.62292
1.7496
1.62779
1.61067
1.60406
1.67544
1.60473
1.61659
1.58437
1.59677
1.65487
1.55062
1.66289
1.57498
1.71602
1.65109
1.60817
1.61351
1.59148
1.57676
1.52235
1.59715
1.64858
1.62194
1.63618
1.53502
1.42759
1.72523
1.54803
1.66694
1.58876
1.46814
1.62073
1.71067
1.53107
1.72144
1.6189
1.53768
1.23565
1.31602
1.52586
1.39775
1.26467
1.29188
1.27408
1.28644
1.22435
1.32765
1.31903
1.3192
1.31038
1.26526
1.24694
1.31987
1.32436
1.53639
1.22644
1.37193
1.24092
1.28628
1.40763
1.28916
1.37489
1.38636
1.33974
1.3447
1.34454
1.31406
1.39801
1.31282
1.37775
1.27374
1.3136
1.2489
1.18939
1.36514
1.43127
1.34548
1.37354
1.40381
1.34389
1.34341
1.40423
1.27752
1.24778
1.2762
1.31232
1.38675
1.37306
1.35631
1.36009
1.33099
1.38588
1.37482
1.32333
1.26264
1.37896
1.36251
1.39458
1.35951
1.38071
1.39905
1.39172
1.32293
1.37015
1.35086
1.404
1.3671
1.30734
1.29249
1.35012
1.39901
1.37926
1.33074
1.33208
1.33133
1.2244
1.3362
1.40498
1.38214
1.36864
1.36859
1.35719
1.29587
1.17544
1.25459
1.37867
1.35674
1.42776
1.3658
1.36283
1.35622
1.33756
1.34004
1.30144
1.36751
1.32365
1.32851
1.32521
1.36297
1.41236
1.37571
1.24704
1.35038
1.44291
1.36172
1.35851
1.40052
1.43668
1.39207
1.39473
1.42959
1.37248
1.38552
1.32702
1.43828
1.20443
1.37329
1.37094
1.37352
1.39364
1.37841
1.3863
1.45084
1.28007
1.2978
1.42682
1.35021
1.40393
1.38746
1.42526
1.40148
1.34144
1.42204
1.36115
1.29156
1.23619
1.38445
1.24412
1.32017
1.43076
