3.66361
3.55521
3.54414
3.61532
3.47325
3.85772
4.0763
4.27798
5.44728
6.32458
6.29011
6.02779
6.17042
6.14394
6.28672
7.70461
11.4976
9.02521
8.04512
7.37789
7.22363
6.57247
6.28707
6.03841
6.26379
6.26968
6.05232
5.84879
5.80691
5.55182
5.63939
5.60243
5.7321
5.71288
5.71562
5.28961
5.42769
5.33605
5.3076
5.27589
5.04609
5.073
5.00449
4.95742
4.89292
4.98162
4.86904
4.91937
4.83017
4.72947
4.57165
4.83166
4.72352
4.64564
4.57577
4.53888
4.61528
4.42297
4.336
4.5158
4.41461
4.35845
4.36945
4.29464
4.26023
4.33052
4.33323
4.04868
4.25088
4.00406
4.17758
4.06955
4.05754
4.08231
4.0654
3.97356
3.92762
3.93762
3.94307
3.83619
3.92598
3.80836
3.82752
3.80295
3.8831
3.68839
3.75459
3.75901
3.76147
3.68404
3.71201
3.63786
3.57299
3.63363
3.69345
3.58265
3.67415
3.60527
3.54833
3.53317
3.54589
3.61733
3.51885
3.45146
3.5272
3.5762
3.44807
3.40274
3.39997
3.36111
3.33592
3.43802
3.40852
3.50191
3.35031
3.3281
3.37767
3.35249
3.2911
3.33887
3.39299
3.31
3.27319
3.25521
3.33538
3.29922
3.27262
3.18746
3.33066
3.26178
3.19679
3.19502
3.22149
3.21128
3.22762
3.11175
3.17964
3.13613
3.12708
3.20562
3.13061
3.08032
3.1238
3.03854
3.07759
3.11674
3.10784
3.02295
2.97124
2.97496
2.98332
2.98007
2.90579
2.95119
2.97177
2.92139
2.95932
2.91083
2.8812
2.8622
2.94989
2.90831
2.92773
2.86388
2.85253
2.86119
2.90123
2.88316
2.84268
2.72697
2.8339
2.80988
2.83384
2.74806
2.8363
2.77375
2.7797
2.70781
2.76623
2.69973
2.75041
2.60936
2.69697
2.65536
2.71641
2.70999
2.6125
2.68672
2.62099
2.63598
2.60601
2.65072
2.54793
2.5277
2.502
2.6009
2.53136
2.54447
2.4893
2.53894
