0.297956
0.0672829
0.055746
0.050987
0.0494122
0.0468724
0.0472998
0.0485922
0.0484489
0.0464617
0.0473669
0.048131
0.0491902
0.0471917
0.0474393
0.0500334
0.0528458
0.053939
0.0528879
0.0526903
0.053371
0.052853
0.0526087
0.0555162
0.0557991
0.0573834
0.0589288
0.056321
0.0586784
0.0635495
0.0568914
0.0648178
0.0633504
0.0684294
0.0666542
0.0681316
0.0697093
0.0690783
0.0722699
0.0733168
0.0753948
0.0779529
0.0782914
0.0808134
0.0779501
0.0816101
0.0828946
0.0829935
0.0846288
0.0826179
0.0861773
0.0870596
0.0888157
0.0933937
0.0932125
0.0937704
0.0942406
0.0988379
0.0996551
0.0978553
0.10477
0.106353
0.104748
0.10906
0.105056
0.113037
0.114685
0.113105
0.117887
0.115666
0.119751
0.118045
0.12265
0.125916
0.126547
0.12577
0.126658
0.13561
0.135093
0.134882
0.134758
0.136895
0.140384
0.141511
0.1396
0.145835
0.145002
0.14643
0.149144
0.151956
0.154498
0.159114
0.158069
0.163564
0.166376
0.177412
0.178056
0.176912
0.183519
0.188266
