0.116467
0.0312734
0.0337938
0.0371678
0.0392505
0.0413386
0.040304
0.0447199
0.0436013
0.0465458
0.0446461
0.044698
0.0423395
0.0470447
0.0452191
0.0503659
0.0521737
0.0511509
0.0534199
0.050672
0.0537817
0.0517414
0.0499055
0.0558815
0.0565271
0.0547747
0.0536875
0.0553016
0.0556611
0.0603612
0.0564656
0.0573765
0.0607737
0.0570947
0.0571972
0.0568297
0.0637535
0.0595197
0.0618901
0.0647867
0.0624542
0.0664256
0.065322
0.0683815
0.0701461
0.0708159
0.0702949
0.0720755
0.0739613
0.0728331
0.0731845
0.0795708
0.0815043
0.082336
0.0846056
0.0864875
0.0895293
0.0893059
0.0932656
0.0928943
0.0939954
0.0952588
0.10028
0.102648
0.102242
0.104832
0.107918
0.108877
0.111191
0.113636
0.112325
0.116689
0.118411
0.119197
0.121959
0.119679
0.121431
0.123842
0.12806
0.129872
0.131135
0.130089
0.130082
0.130172
0.132805
0.1337
0.13412
0.135812
0.137245
0.139466
0.137328
0.142851
0.141598
0.138032
0.140776
0.14101
0.142714
0.141242
0.142464
0.14449
