200.634
145.538
142.455
151.74
168.494
174.31
176.8
172.904
167.649
164.486
174.043
171.877
174.887
176.824
172.483
180.457
175.664
177.768
173.945
179.136
175.949
181.125
180.662
179.01
180.126
178.714
174.401
178.756
180.15
175.446
179.316
172.704
181.026
183.261
176.59
177.306
178.54
175.648
179.859
183.017
177.555
174.251
175.191
176.515
174.287
175.263
172.016
173.313
178.413
175.603
177.241
172.886
171.7
169.106
177.937
175.545
168.904
174.428
169.082
167.913
159.896
158.909
153.045
152.023
132.681
125.762
122.308
108.574
100.901
97.2776
95.8835
94.6013
95.1495
98.1845
95.8027
96.9897
93.4251
101.001
100.764
99.8017
101.455
98.5098
97.6485
99.0462
98.9606
94.5099
96.2868
102.018
99.5803
96.5963
95.7955
94.201
95.0891
97.1543
95.8673
93.0654
93.5604
93.2927
92.2962
77.7617
73.0765
75.9511
81.4566
82.4705
88.0248
83.1117
80.0967
85.5139
83.3657
82.8203
83.6501
80.5983
83.0321
82.5908
81.274
86.5246
86.7242
80.9531
87.4747
84.8222
85.759
84.4674
84.9838
87.835
84.1621
84.011
87.2797
82.904
82.5085
84.2021
82.502
87.1553
85.587
82.3895
82.3575
80.6569
80.5388
86.0988
82.0603
82.8626
78.8606
80.4235
80.8931
84.5231
81.4906
83.0377
86.4946
80.9177
80.3183
79.9551
81.2861
80.7463
81.4611
81.5455
81.8768
81.1589
80.5858
84.8011
79.4015
77.5769
77.9165
77.8305
81.5867
79.4468
77.7967
75.5488
77.992
78.7534
76.2991
76.2721
79.1261
76.1422
75.6947
76.5271
78.4973
80.1362
79.3855
77.0203
77.3567
78.8327
78.0191
72.9305
73.4461
77.1962
74.5642
76.1903
76.8221
75.1242
76.9334
76.7252
75.9527
73.7411
73.7842
70.9927
72.128
74.3282
73.7508
74.4575
74.0513
72.8741
