6.76339
5.66164
4.11299
6.38327
5.05613
5.10081
6.86946
8.36365
6.05237
4.98136
6.54156
5.51616
7.58245
5.02097
5.5771
3.7892
6.14002
4.63224
3.59815
6.0361
5.80221
6.21686
5.63322
6.63419
4.14499
4.83313
7.42305
5.53083
6.8516
7.27995
5.61176
5.63041
6.57084
5.60405
5.60482
6.48934
5.60407
5.60415
5.63443
5.44893
7.31214
7.28188
7.56281
5.76957
10.6764
6.87287
10.6764
10.6692
10.6764
10.6764
10.6764
10.6764
10.6764
10.6764
11.1963
10.6764
10.6764
10.6764
10.6928
11.9119
10.6764
10.6764
10.6764
10.6928
10.6928
10.6937
10.7295
10.6766
10.6928
10.6764
10.679
10.6764
10.6989
10.6769
10.7341
10.7108
10.6928
10.6927
10.7117
10.6811
10.686
10.6913
10.6848
10.9039
10.6891
10.6927
10.7104
10.694
10.6779
10.6801
10.6928
10.6944
10.7376
10.677
10.6928
11.0228
10.6973
10.6809
10.7123
10.6798
