1.08749
1.13928
1.04015
1.05798
1.11397
1.07031
1.06126
1.06103
1.06034
1.03616
1.05217
1.03672
1.10943
1.05349
1.075
1.05639
1.08632
1.11059
1.0579
1.17772
1.04761
1.05936
1.11032
1.13746
1.05285
1.05981
1.15109
1.17982
1.11388
1.11261
1.18134
1.12875
1.10985
1.14778
1.14803
1.15621
1.12968
1.08822
1.11391
1.1875
1.11724
1.13485
1.12834
1.11914
1.13409
1.12584
1.15843
1.12163
1.08619
1.14028
1.13365
1.17223
1.18326
1.09752
1.12977
1.14117
1.16996
1.1419
1.17849
1.13913
1.13582
1.19722
1.13598
1.17542
1.14072
1.17733
1.16343
1.11924
1.13551
1.17526
1.13803
1.18665
1.13377
1.14263
1.13945
1.13372
1.14922
1.1671
1.20091
1.1279
1.16858
1.20681
1.14073
1.15501
1.18117
1.15504
1.14038
1.18688
1.23109
1.1455
1.156
1.16342
1.16831
1.19202
1.21571
1.227
1.23739
1.2246
1.1833
1.15494
1.18953
1.2255
1.20088
1.14965
1.22915
1.152
1.16765
1.19197
1.20376
1.15817
1.19271
1.19068
1.24695
1.14337
1.17441
1.18318
1.19778
1.16796
1.24412
1.19102
1.16645
1.19092
1.19269
1.19626
1.18121
1.18863
1.20688
1.20258
1.19003
1.23091
1.20233
1.18964
1.1513
1.2145
1.20229
1.23443
1.18395
1.21181
1.20028
1.23821
1.20993
1.20125
1.22566
1.181
1.2238
1.20609
1.17707
1.24148
1.19531
1.1998
1.18571
1.23771
1.18449
1.22121
1.2292
1.21986
1.17665
1.18466
1.17882
1.18973
1.19023
1.28273
1.23781
1.20249
1.21102
1.16123
1.20892
1.25693
1.21969
1.23074
1.2837
1.20418
1.27737
1.19651
1.19042
1.18479
1.19865
1.16517
1.21951
1.23685
1.18723
1.1773
1.21391
1.18792
1.24284
1.18532
1.17027
1.15582
1.21578
1.26451
1.27256
1.28673
1.19498
1.28673
1.16853
1.28673
1.19435
1.19292
1.21144
1.19391
