0.617167
0.661547
0.74945
0.735325
0.739638
0.707375
0.73728
0.721275
0.730927
0.774014
0.743718
0.701132
0.703616
0.673652
0.66535
0.629502
0.608166
0.594277
0.563273
0.562097
0.573112
0.558953
0.54098
0.530004
0.507319
0.520577
0.526647
0.494901
0.509616
0.487855
0.499143
0.471798
0.475191
0.477286
0.472143
0.472498
0.4704
0.475979
0.464417
0.465215
0.465338
0.468755
0.457608
0.477983
0.48813
0.489679
0.484467
0.497751
0.484873
0.486429
0.491266
0.493415
0.500721
0.490751
0.50775
0.524111
0.536986
0.516685
0.521615
0.532602
0.535105
0.54146
0.549901
0.547119
0.540919
0.561978
0.563711
0.5628
0.586203
0.579972
0.577877
0.588979
0.573085
0.575783
0.56996
0.569046
0.583896
0.577583
0.569525
0.560869
0.571653
0.563507
0.565657
0.567526
0.573429
0.584776
0.568175
0.567145
0.583131
0.576221
0.561884
0.568197
0.557967
0.66211
0.568716
0.550727
0.572041
0.560895
0.570133
0.565043
