0.0319913
0.00937795
0.0106889
0.0105197
0.0104894
0.0106579
0.0105063
0.0105159
0.0105689
0.0103044
0.0097298
0.00491761
0.00549305
0.00482411
0.0048334
0.0045935
0.00379994
0.00440666
0.00436629
0.0048079
0.00447845
0.00427606
0.00418357
0.00418958
0.00413506
0.0037919
0.00382296
0.00402864
0.00358959
0.00345524
0.00347377
0.00328202
0.00330475
0.00305675
0.00328098
0.00346203
0.00313831
0.00324786
0.00346389
0.00328203
0.003629
0.00337435
0.00377735
0.00375629
0.00350718
0.00333776
0.00348847
0.003348
0.00343793
0.00367754
0.00345362
0.00341314
0.00337777
0.00343585
0.00332055
0.00331188
0.00350553
0.00330031
0.00339075
0.00325563
0.00332075
0.00361071
0.00338401
0.00337683
0.0034133
0.00341941
0.00349096
0.00333532
0.00343864
0.00331418
0.00352973
0.00364731
0.00350861
0.00343415
0.00343187
0.0033427
0.00340901
0.00368408
0.00370717
0.00353386
0.00345067
0.00344183
0.00341342
0.00340725
0.00333542
0.00337115
0.00350458
0.00351515
0.00336635
0.00334989
0.00328602
0.00331216
0.00333412
0.00327824
0.00338441
0.0032369
0.00325034
0.00325542
0.00325216
0.00337184
0.00322993
0.00328654
0.00303894
0.00311001
0.00319455
0.00316842
0.00316386
0.00305175
0.00309556
0.00325877
0.0030941
0.00302435
0.00313654
0.00260459
0.00278361
0.0028945
0.00297545
0.00314128
0.00294585
0.00314737
0.00300697
0.00300405
0.00306415
0.00299842
0.00298176
0.00303821
0.00286277
0.00289378
0.00304084
0.00293818
0.00289174
0.00289742
0.00289422
0.00294722
0.00301636
0.00313246
0.00301745
0.00286883
0.00294403
0.00300758
0.00285315
0.00316499
0.00305875
0.00309923
0.00288868
0.00309357
0.00310539
0.00307482
0.00293851
0.00286302
0.00286471
0.00305425
0.00301318
0.00290611
0.00318215
0.00283935
0.00297104
0.00295976
0.00292693
0.00302661
0.00299903
0.00294408
0.00293035
0.00295562
0.00295257
0.00286988
0.00279166
0.00310371
0.00293148
0.00302898
0.00293075
0.00297241
0.0028652
0.00280893
0.00289412
0.00301338
0.00289645
0.00284517
0.00291616
0.00282603
0.00299821
0.00297235
0.00293877
0.00309748
0.00285603
0.00285659
0.00292771
0.00284627
0.00296228
0.00273416
0.00283015
0.00283221
0.00289452
0.00272687
0.00286081
0.00295361
0.00290739
0.00279564
0.00287128
0.0029172
