7.51477
6.89468
8.84263
7.94977
6.78839
7.51753
10.8378
8.14902
8.58762
10.0328
7.10224
8.9051
9.06759
8.41644
9.92683
7.60609
9.93704
7.46338
7.38078
8.83589
10.483
10.826
8.60964
9.07786
10.7873
10.2577
9.54052
10.8278
9.45444
11.7854
9.38598
11.5706
9.28131
8.97291
10.0923
9.28285
9.23015
11.8129
10.2365
10.0024
10.7371
9.4987
10.6561
9.26056
10.1904
10.2206
9.84358
11.7373
8.90471
12.098
10.6713
9.39047
9.90441
10.4438
9.95386
9.74557
10.7163
9.25211
12.0294
10.3136
10.0809
10.0338
10.2239
10.0834
10.0336
10.0949
11.1577
10.1691
10.2966
10.8251
10.7557
10.6463
10.2655
10.9821
10.4628
10.1025
11.4118
12.1578
11.3072
10.7165
10.2639
10.9113
11.6497
9.89014
10.0093
10.4442
11.332
10.2549
10.7407
10.9464
11.0096
10.2491
9.9639
11.3392
10.1397
10.3255
10.5731
10.5421
10.5368
10.2162
