64.0271
64.0049
63.9985
64.0378
63.9998
64.0562
64.0709
64.047
63.8919
64.0594
64.0633
63.9527
64.058
64.068
64.0451
64.0644
64.0822
64.0766
64.0793
64.0345
64.0139
63.9636
64.0972
64.0529
64.0451
63.999
63.9517
64.0874
64.0568
63.9857
63.9603
64.0223
64.0467
64.0063
63.99
64.0037
63.8685
64.0199
64.0873
63.9834
64.0236
63.7712
64.0568
64.0062
64.082
64.0221
64.1198
63.7717
64.0142
64.0054
63.997
63.7035
64.0185
64.0979
63.9252
63.9733
63.9922
64.0378
64.0638
63.7335
64.0585
63.9335
63.5037
63.399
62.7168
63.6584
61.8654
62.3227
63.3595
62.8906
62.2667
62.4853
63.7106
63.4089
62.3976
62.7661
62.6489
63.0201
63.7104
62.8421
63.0552
62.2722
63.0278
62.4976
61.675
62.9178
61.8201
61.1071
63.3792
61.6033
62.1776
61.4359
60.6079
61.3003
62.6453
62.3396
60.5044
62.8342
63.6232
61.5882
60.5751
63.6018
61.1541
61.1329
62.1943
63.2956
63.8405
62.1015
59.786
62.4413
60.7654
59.4988
60.2143
62.5677
61.1234
61.9706
60.424
61.7839
61.8747
61.0154
60.1486
60.2139
61.1902
61.2818
60.4986
61.5055
61.108
62.861
61.8793
61.7725
62.8957
63.8923
62.9579
62.464
63.0546
63.2382
62.7902
61.8995
62.4085
62.5395
62.2904
61.9317
62.5582
64.0564
61.3025
62.888
62.7989
62.3606
62.0278
63.6908
61.6531
63.081
61.1465
62.8314
63.3681
62.7867
62.4887
63.1562
62.1802
62.8573
62.4527
63.5507
62.8154
62.3138
62.0372
62.6588
63.1574
61.3312
63.3556
62.2963
62.6172
62.7187
63.5142
62.0801
62.3354
62.4717
61.6206
62.6392
62.7157
63.8606
63.1656
63.1597
63.2104
62.6792
63.0738
62.0378
63.1738
63.4602
63.6911
63.0844
62.7317
62.3049
61.9999
63.3346
62.0339
62.9255
63.6539
63.1923
63.4555
62.1054
