50.5487
50.6893
50.2956
50.4254
50.5719
50.6754
50.3351
50.3403
50.6178
50.4215
50.3534
50.45
50.1782
50.4406
50.4074
50.5525
50.4042
50.1462
50.3685
50.4831
50.4583
50.6115
50.4721
50.6663
50.4566
50.602
50.6383
50.3046
50.5438
50.3794
50.5003
50.4161
50.4436
50.4781
50.3553
50.4487
50.7961
50.4827
50.3937
50.4962
50.6739
50.3946
50.7137
50.5082
50.598
50.7491
50.633
50.1254
50.2981
50.9556
50.4507
50.5781
50.5004
50.614
50.3908
50.5573
50.5458
50.421
50.54
50.804
50.351
50.3221
50.3341
49.835
50.6113
49.8042
50.435
50.5665
50.4346
49.9992
50.0639
50.5846
49.6318
50.617
50.5349
49.8615
50.1771
49.9118
50.0548
49.682
49.9227
49.6989
49.9301
49.6153
49.3464
50.5331
50.2229
49.7118
49.3059
48.5667
49.5699
49.8687
48.9924
50.2777
50.084
50.0609
49.327
49.566
49.8352
49.5097
49.0333
49.5101
49.8542
49.1066
48.9309
49.0873
49.7646
49.6781
49.0772
49.249
49.2323
50.07
49.004
49.8101
48.9363
49.3367
48.782
49.6399
49.1494
49.3547
49.0692
49.0837
49.5202
50.1714
48.8821
50.3494
49.3356
48.6353
49.5371
50.4206
49.083
49.2818
48.9832
49.2238
49.3716
50.1613
50.3295
49.5869
49.7466
49.8153
49.3522
50.0065
49.8047
50.0216
49.2552
49.7569
49.5285
50.4922
49.5841
49.8522
49.5016
50.187
49.5599
50.1314
49.5269
49.1177
50.4996
50.0447
49.8344
50.3863
50.1233
49.9953
50.0661
50.0366
49.7645
50.0238
49.8407
48.9145
49.7975
49.3323
49.294
49.4404
50.2506
49.0953
49.733
49.0754
49.3094
50.1227
48.8023
48.7386
50.7108
50.445
48.6674
50.698
49.5747
50.3486
50.7277
50.1055
50.405
50.6183
49.4908
49.8187
50.6381
49.4702
50.4615
50.722
50.7091
50.1523
50.4721
49.7775
