3.29217
2.56222
2.57588
3.02274
2.51541
3.18306
2.8568
2.55905
2.68356
3.06627
3.20679
2.97337
3.19969
2.96879
3.07191
3.16775
3.11459
3.13546
3.00154
3.10822
3.29747
3.20408
3.34836
3.24378
3.08226
3.34259
3.12271
3.04173
3.5636
3.35473
3.28813
3.44411
3.27479
3.24565
3.59016
3.28786
3.43801
4.01337
3.44479
3.58309
3.4406
3.81084
3.49171
3.92334
3.85335
3.66657
3.56505
3.48389
3.74844
3.71887
4.02833
3.94843
3.78845
3.5559
3.83839
3.48929
3.90395
3.95796
3.83726
3.8519
3.93597
3.84998
4.04703
4.09365
3.64923
4.07167
4.08584
3.77724
3.89957
4.50816
3.89345
3.8461
4.05821
3.91037
4.82664
4.56582
4.15901
4.13317
4.55198
4.51848
4.02534
4.9536
4.65406
4.93817
4.78428
4.96448
4.95233
4.93937
4.92738
4.93524
5.03179
4.9307
4.74069
5.02117
5.0228
5.01249
5.07195
5.03763
5.07217
4.97376
5.02928
5.02305
4.96382
5.10584
5.0504
5.04067
5.04782
5.03916
5.03298
5.10584
5.05706
4.9878
5.07671
5.0406
5.02594
5.03176
5.07981
4.95613
5.07671
5.06367
5.11039
5.07662
5.00998
5.10069
4.99768
5.02094
5.03946
5.03916
5.06233
5.02209
4.97504
5.01808
5.05174
5.10584
5.08126
5.10584
5.04363
5.09326
5.02233
5.07936
5.10584
5.09268
5.10584
5.10584
5.10584
5.10584
5.02144
5.08456
5.04646
5.09565
5.02725
5.10584
5.10584
5.08773
5.12057
5.10584
5.10584
5.07671
5.11914
5.10584
5.10584
5.10584
5.08126
5.10584
5.10584
5.11765
5.10584
5.10584
5.10584
5.12054
5.08126
5.10584
5.10584
5.05573
5.10584
5.09323
5.0825
5.08126
5.10584
5.10584
5.12054
5.12057
5.11765
5.10584
5.0504
5.10584
5.09138
5.10798
5.08126
5.10584
5.11512
5.0504
5.10798
5.11705
5.10584
5.10943
5.12054
5.10584
5.07662
5.12057
