0.0611158
0.0546819
0.0532599
0.051299
0.0520242
0.0244918
0.00864573
0.00624561
0.00464365
0.00379869
0.00376686
0.00355403
0.0035912
0.00369164
0.0123753
0.0185656
0.0187089
0.0272249
0.0185694
0.029087
0.0098061
0.0227464
0.0204667
0.0305577
0.0391086
0.0226606
0.0182272
0.0158411
0.016689
0.0230069
0.0249708
0.0289247
0.0185895
0.024692
0.0227945
0.0210011
0.0227476
0.0205017
0.0184827
0.0228906
0.018707
0.0211138
0.0342975
0.0141175
0.0241532
0.0411854
0.0263354
0.0341313
0.0292878
0.0261068
0.0210743
0.0334684
0.0467804
0.0290377
0.0210588
0.0296887
0.0339711
0.0134511
0.0291088
0.0198139
0.0219522
0.0302734
0.0272091
0.0335269
0.019092
0.0375536
0.0333222
0.0220714
0.0225335
0.0230517
0.033325
0.0224387
0.0183858
0.0236987
0.0109814
0.0125079
0.0193288
0.0138759
0.0253008
0.0327529
0.0204456
0.0259884
0.0374662
0.0248158
0.0509897
0.0368065
0.0547592
0.0412714
0.0339381
0.0415854
0.0432311
0.0413415
0.0533042
0.0562717
0.0439811
0.0476584
0.0553284
0.04099
0.0362929
0.0455491
