5.6227
7.49339
8.50168
2.52525
0.634133
0.662217
0.705998
0.722991
0.777034
0.797325
0.77902
0.732541
0.684746
0.652176
0.609484
0.58917
0.593496
0.589723
0.581931
0.592964
0.5653
0.548889
0.551093
0.551532
0.545323
0.540661
0.533573
0.549947
0.549673
0.549512
0.543644
0.546551
0.527695
0.512894
0.523875
0.526763
0.525881
0.506527
0.494426
0.511016
0.49722
0.495272
0.489434
0.490864
0.495641
0.484677
0.483188
0.47553
0.479021
0.479807
0.482616
0.46906
0.473728
0.482997
0.487786
0.493686
0.48572
0.488912
0.49218
0.492037
0.502057
0.489181
0.511474
0.503418
0.501615
0.513598
0.510615
0.506013
0.512748
0.51772
0.505481
0.520621
0.512066
0.515853
0.516802
0.517456
0.50729
0.508848
0.552705
0.530202
0.528504
0.524966
0.51753
0.523775
0.534611
0.528281
0.544604
0.536978
0.5389
0.550488
0.536047
0.548068
0.538591
0.534409
0.532511
0.53724
0.532407
0.524656
0.533917
0.525696
