0.121008
0.105322
0.0949972
0.0912874
0.0743594
0.0165934
0.0155089
0.0164458
0.015467
0.0163764
0.0160937
0.0160283
0.0166718
0.0160635
0.0162545
0.0158246
0.0157812
0.0160423
0.0127249
0.0106984
0.0103631
0.0106477
0.0105136
0.0108086
0.0106852
0.0111695
0.00975081
0.00959051
0.00954327
0.00958532
0.0106754
0.00999019
0.0094577
0.009124
0.00912834
0.00887747
0.00827977
0.00869462
0.00804071
0.00810921
0.007683
0.00769861
0.00718332
0.00754385
0.00708547
0.00722868
0.00704084
0.00738005
0.00709163
0.00723516
0.00697493
0.00628054
0.00686369
0.00628127
0.00654038
0.00695115
0.00647066
0.00633173
0.00643214
0.00616776
0.00601525
0.00587962
0.00593582
0.0062324
0.00601518
0.00614154
0.00639269
0.00560084
0.0061135
0.00599887
0.00573867
0.00543448
0.00544734
0.00568142
0.00537142
0.00556789
0.00528271
0.00539097
0.00553871
0.00568605
0.00526613
0.00516327
0.00527871
0.00482923
0.00500147
0.00520304
0.00493176
0.00507862
0.00517267
0.00494828
0.00498472
0.00485515
0.00537827
0.00489861
0.00525444
0.00523529
0.00486438
0.00507483
0.00506095
0.00523141
0.00511905
0.00493457
0.00490071
0.00508757
0.00511049
0.0049348
0.004832
0.00505536
0.00488579
0.00514745
0.00510523
0.00482137
0.0049761
0.00493073
0.00506323
0.00477261
0.00477896
0.00495729
0.00495775
0.00475102
0.00475364
0.00485952
0.0045652
0.00477076
0.00441619
0.00462911
0.0045669
0.004667
0.0048027
0.00463506
0.00436783
0.00440825
0.00422471
0.0041726
0.00423446
0.00450474
0.00467639
0.00433709
0.00424669
0.00431795
0.0043434
0.00445457
0.00444284
0.00429057
0.00454331
0.00417336
0.00421891
0.00438877
0.00395312
0.00409966
0.00419875
0.00407098
0.00393525
0.00405364
0.00385643
0.00408318
0.00401231
0.00415962
0.00399207
0.00390076
0.00414676
0.00395694
0.0040151
0.00388302
0.0036863
0.00390491
0.00406361
0.00408071
0.00363397
0.00403483
0.00393347
0.00385009
0.00386463
0.00360497
0.0037185
0.00405438
0.0040375
0.00370168
0.00381102
0.00390363
0.00385152
0.00360605
0.00377697
0.00373014
0.00365256
0.00395587
0.00369381
0.00394355
0.00381933
0.00360179
0.00350211
0.00363996
0.00357876
0.00389004
0.0037945
0.00375727
0.003694
0.00386597
0.00396197
0.00369503
