0.0520135
0.0391135
0.00855344
0.00487722
0.00736846
0.0219284
0.019484
0.0287897
0.0309521
0.0527426
0.0321201
0.0502285
0.0554479
0.0655183
0.0626675
0.0306163
0.0426289
0.0509376
0.0545551
0.0355717
0.0507407
0.0468412
0.0384616
0.0330741
0.0419787
0.0310856
0.0377275
0.0324661
0.0378857
0.026622
0.0322723
0.0342721
0.0219291
0.030819
0.0324379
0.0336623
0.0395408
0.0165835
0.0297351
0.0402422
0.0341708
0.0421457
0.0340975
0.065027
0.0434258
0.0367725
0.0759252
0.0614218
0.0595181
0.0425859
0.0581631
0.0437414
0.0552414
0.0512408
0.0648778
0.0392901
0.053602
0.057934
0.0707065
0.0713582
0.0472993
0.0542521
0.0453832
0.044503
0.0549879
0.0483432
0.0467021
0.0483716
0.055482
0.0416594
0.0354215
0.0526253
0.0677233
0.0448677
0.0594367
0.0544693
0.041208
0.0513897
0.04364
0.0469627
0.0706474
0.0590921
0.0586099
0.0519021
0.0720106
0.0699868
0.0488773
0.0471731
0.0585972
0.0493405
0.0545842
0.0631162
0.0407338
0.0576157
0.0448459
0.0591368
0.0526766
0.0491327
0.0545495
0.040799
