1.58619
1.60412
1.35827
1.10009
1.00646
0.966136
0.966027
0.912485
0.887704
0.877916
0.915917
0.959716
0.988933
0.962015
0.948234
0.931989
0.887216
0.868735
0.840588
0.788681
0.792119
0.748598
0.748377
0.694488
0.687764
0.69399
0.697342
0.664117
0.682041
0.676445
0.677172
0.666851
0.697158
0.688313
0.669377
0.674142
0.675786
0.68417
0.673662
0.66974
0.659603
0.678598
0.679275
0.683273
0.687376
0.687827
0.67463
0.674657
0.67841
0.690232
0.655916
0.668626
0.672552
0.695634
0.663273
0.68547
0.672682
0.669795
0.689737
0.653096
0.640972
0.651735
0.650695
0.676636
0.653327
0.650454
0.667021
0.655504
0.643733
0.618087
0.646298
0.644437
0.616432
0.620994
0.608269
0.608901
0.605411
0.605648
0.583861
0.582245
0.57062
0.555766
0.54669
0.534651
0.536646
0.528548
0.515091
0.515161
0.51968
0.49575
0.478328
0.462806
0.47388
0.464227
0.453325
0.442849
0.440219
0.427364
0.43092
0.412454
