0.189893
0.199687
0.273055
0.285397
0.296092
0.32391
0.323105
0.333498
0.326427
0.335051
0.338774
0.335009
0.27471
0.238947
0.208866
0.17738
0.200027
0.227671
0.225811
0.221806
0.231526
0.231879
0.223492
0.222083
0.233071
0.225318
0.224481
0.225519
0.221176
0.234067
0.230193
0.227875
0.229531
0.230798
0.230712
0.236109
0.242564
0.231445
0.222274
0.220457
0.227556
0.223865
0.236741
0.22511
0.228231
0.217982
0.214058
0.219736
0.218526
0.227217
0.230194
0.22497
0.219155
0.220421
0.210916
0.218499
0.225699
0.225621
0.219839
0.220041
0.22294
0.212744
0.219725
0.207239
0.215231
0.209163
0.216649
0.213387
0.216158
0.215732
0.219728
0.219326
0.21446
0.214358
0.212893
0.215624
0.212244
0.217657
0.217356
0.216357
0.204951
0.212965
0.211573
0.214077
0.21825
0.213034
0.215312
0.210781
0.208163
0.20947
0.212896
0.20208
0.2179
0.209187
0.208304
0.209992
0.208898
0.21304
0.206944
0.204535
0.208195
0.208274
0.212512
0.20678
0.20517
0.199366
0.210661
0.20606
0.203169
0.213353
0.204463
0.205213
0.201841
0.210352
0.207562
0.204286
0.201152
0.200899
0.202455
0.20436
0.195879
0.212482
0.195574
0.19818
0.196787
0.201418
0.201407
0.201345
0.204897
0.191261
0.203634
0.188516
0.203952
0.18671
0.198005
0.192391
0.192824
0.201392
0.19802
0.190749
0.193993
0.190148
0.190333
0.19204
0.187174
0.189904
0.190742
0.190795
0.192793
0.190883
0.190827
0.197223
0.18482
0.189544
0.192534
0.191361
0.195706
0.187662
0.178659
0.179411
0.180042
0.18191
0.178407
0.178708
0.178915
0.172886
0.175111
0.174065
0.177006
0.181683
0.177146
0.178279
0.178685
0.176283
0.172947
0.180148
0.17512
0.180559
0.176242
0.167557
0.167741
0.180765
0.171529
0.175748
0.171196
0.170732
0.183364
0.181445
0.170423
0.175739
0.17425
0.181175
0.184888
0.17867
0.180317
0.177887
0.177294
0.173486
0.17857
0.176514
