0.0605292
0.00941216
0.0112275
0.0107375
0.00743158
0.00343069
0.00528111
0.00408211
0.00463261
0.00185347
0.00154932
0.00195266
0.002062
0.00394485
0.00175252
0.00166523
0.00191078
0.00157344
0.00134149
0.00127095
0.00122419
0.00135181
0.00123121
0.00118429
0.00105597
0.00116626
0.00116818
0.00111919
0.00103222
0.00106093
0.00110016
0.000954479
0.000856233
0.000835152
0.000858691
0.000898955
0.00100023
0.000947583
0.000840802
0.000982196
0.000958557
0.0010487
0.00115152
0.00124117
0.00117699
0.00126251
0.00125482
0.00127405
0.00160442
0.000956435
0.00137664
0.00131236
0.00132688
0.00143602
0.00147465
0.00149507
0.00155447
0.00154484
0.00163953
0.00167973
0.00162568
0.00171148
0.00172894
0.0018365
0.00193339
0.00192552
0.00210819
0.00203313
0.00199581
0.00212719
0.00202819
0.0020102
0.00211016
0.0020373
0.00199198
0.00222459
0.00215297
0.00215043
0.00222418
0.00225397
0.00222572
0.00230149
0.00229001
0.00241492
0.00250535
0.00244466
0.00232363
0.00249405
0.00251939
0.00245234
0.00248943
0.00253147
0.00250648
0.00265439
0.00252288
0.00244479
0.00271699
0.0026687
0.00267018
0.00262383
0.00254803
0.00272691
0.00260142
0.00264048
0.00269151
0.00263929
0.00268641
0.00278513
0.00270753
0.00280463
0.00273343
0.00268333
0.00293646
0.00273006
0.00262697
0.0028501
0.00288234
0.00289885
0.00285781
0.00283838
0.00280229
0.00294605
0.00281505
0.00273748
0.00281776
0.00278186
0.00272468
0.00283682
0.00294213
0.00278957
0.00278368
0.00285152
0.00286998
0.00297113
0.00296572
0.00293168
0.00297096
0.00292831
0.0029124
0.00291607
0.00281841
0.00286898
0.00294065
0.00293864
0.00282967
0.00293114
0.00289052
0.00288989
0.00295131
0.00291732
0.00291113
0.00293431
0.00299958
0.00291931
0.00294141
0.00297497
0.00304459
0.00303255
0.00301584
0.00293985
0.00307033
0.00311907
0.00306189
0.00302971
0.00291679
0.00291022
0.00304318
0.0028562
0.00285457
0.00295286
0.00300125
0.0029245
0.00306302
0.00291513
0.00303482
0.00295983
0.00295246
0.0030996
0.00315814
0.00297413
0.00300546
0.00307417
0.00300143
0.00303556
0.00317542
0.00303084
0.00299238
0.00305771
0.00302649
0.0029383
0.00306338
0.00300507
0.00305145
0.00304441
0.00317252
0.00298104
0.00311591
0.00318602
0.00305395
0.00296412
