1.08685
1.04485
1.11166
1.08821
1.03945
1.11291
1.06106
1.03071
1.0635
1.06204
1.06136
1.06202
1.12332
1.05799
1.07247
1.04859
1.0289
1.07823
1.04171
1.04582
1.08635
1.11383
1.07632
1.12541
1.07713
1.09074
1.05123
1.13333
1.06332
1.11736
1.12605
1.16602
1.11817
1.08767
1.13263
1.10436
1.15288
1.1162
1.06006
1.11858
1.14727
1.13249
1.10437
1.09232
1.13406
1.12057
1.16459
1.13135
1.1178
1.15483
1.14892
1.13032
1.12919
1.15373
1.17207
1.10837
1.16997
1.19493
1.12987
1.12706
1.15415
1.11665
1.09382
1.15087
1.19844
1.18711
1.13422
1.17025
1.17431
1.16332
1.19923
1.1849
1.15208
1.17352
1.19956
1.16758
1.2236
1.16685
1.15347
1.1888
1.14627
1.16951
1.20285
1.17396
1.18533
1.16042
1.13518
1.13577
1.15193
1.18849
1.14226
1.17798
1.18032
1.23588
1.16719
1.20499
1.16091
1.21445
1.21129
1.21668
1.16074
1.17502
1.24647
1.17048
1.16236
1.1605
1.19398
1.19797
1.134
1.21006
1.20306
1.15341
1.18877
1.2256
1.18654
1.29982
1.22866
1.1494
1.16858
1.22043
1.19968
1.2424
1.21249
1.28797
1.24309
1.26328
1.17963
1.19195
1.23042
1.18656
1.18909
1.16589
1.12646
1.1057
1.17065
1.16657
1.17005
1.19757
1.16968
1.13806
1.16865
1.1385
1.22366
1.16831
1.29906
1.28673
1.1881
1.2306
1.20664
1.23107
1.14234
1.22602
1.16844
1.24025
1.17879
1.18116
1.23792
1.1639
1.12648
1.18736
1.18928
1.12652
1.2324
1.27896
1.18962
1.15848
1.16827
1.16635
1.18807
1.17834
1.25773
1.22239
1.20151
1.27912
1.20762
1.21121
1.28515
1.19918
1.24084
1.22614
1.28673
1.20588
1.28673
1.25742
1.28673
1.26298
1.20497
1.27932
1.19707
1.24337
1.27256
1.19316
1.28128
1.208
1.28557
1.25062
1.28673
1.24728
1.28673
1.21122
