0.0555168
0.0514362
0.0605658
0.071372
0.109036
0.146904
0.133807
0.135595
0.140684
0.107649
0.0476081
0.0617697
0.0595048
0.0656006
0.0590815
0.0436749
0.0448854
0.0400151
0.0610914
0.0564585
0.0497404
0.0601358
0.0414667
0.038555
0.054224
0.0462023
0.0508166
0.0583996
0.0452604
0.0496323
0.0451761
0.0463304
0.0554113
0.0646913
0.0522711
0.0626968
0.0445508
0.0455779
0.0484206
0.0338393
0.0750785
0.0553245
0.0577009
0.0609251
0.0602693
0.0483298
0.0523805
0.0556003
0.0453092
0.0417568
0.0576835
0.0660205
0.0857581
0.0781023
0.047986
0.0496017
0.0619631
0.0314526
0.0610585
0.0610213
0.0582208
0.0628216
0.0441036
0.0584179
0.0585575
0.0632074
0.0495313
0.05986
0.0473005
0.0722659
0.0407011
0.0651672
0.0679503
0.0811398
0.0398956
0.0584144
0.0716101
0.0477349
0.04737
0.0712879
0.0523345
0.0649874
0.0613123
0.0542445
0.0688832
0.0479786
0.0562125
0.0595931
0.0643967
0.0546056
0.045961
0.0472142
0.0545288
0.0525763
0.0476343
0.0570677
0.0478421
0.0763416
0.0428048
0.0546205
