20.3354
23.6288
24.0643
25.7825
25.2279
24.5413
23.6821
23.2898
23.7365
23.8155
23.6044
24.0658
23.8272
22.9242
21.8598
22.706
23.0359
22.2892
21.2748
21.5563
21.66
22.0067
21.632
20.9167
21.1334
20.0389
20.5196
20.4301
20.9407
20.5129
20.0851
20.2724
19.832
20.3807
20.0532
19.8447
20.3843
19.716
19.7032
19.5414
19.4107
18.8807
18.5546
18.5168
18.7767
18.2372
18.2354
18.3787
18.0948
18.2155
17.6591
17.5615
16.8807
17.1133
17.0772
17.0304
17.1908
16.597
16.848
16.9378
16.4498
9.43419
4.01774
4.04128
3.94558
3.92923
3.92607
3.88962
3.98027
4.08934
4.17762
3.89604
4.07088
4.05768
3.95305
3.91496
4.03559
4.0691
4.14214
3.90204
3.98959
3.93788
3.97357
3.91613
3.9489
4.03732
3.90846
3.90569
3.84499
4.00382
3.84369
3.96509
3.95201
3.91455
3.89449
3.95814
3.90285
4.01897
3.7993
3.88949
3.76959
3.94934
3.88034
3.89706
3.92821
3.84557
3.76429
3.66854
3.84237
3.70063
3.66589
3.76943
3.67855
3.84895
3.75654
3.73709
3.74769
3.79422
3.75158
3.64496
3.61842
3.66047
3.58094
3.72292
3.52421
3.49392
3.40835
3.36429
3.35596
3.50273
3.4781
3.53019
3.29401
3.38991
3.48119
3.4394
3.37367
3.3393
3.35006
3.31459
3.41242
3.43531
3.31951
3.33976
3.34442
3.46561
3.23293
3.45965
3.37046
3.3565
3.36504
3.29099
3.21818
3.40522
3.30606
3.24358
3.27552
3.2357
3.30654
3.29793
3.32943
3.28568
3.35303
3.42296
3.31623
3.32457
3.19147
3.27023
3.21168
3.29259
3.22968
3.34782
3.1531
3.19213
3.22664
3.28072
3.13954
3.08774
3.02281
3.08958
3.14878
3.31605
3.17443
3.08479
3.09269
3.15651
3.20782
3.10873
3.13061
3.00819
3.17806
3.21085
3.14572
3.15633
3.21685
3.08324
2.91018
2.98277
3.13714
3.12498
