4.33515
4.85657
6.36968
6.89547
6.72264
6.5388
6.22581
6.1937
6.00256
6.10683
5.7985
5.99885
5.9069
5.72365
5.78097
5.88628
6.0256
6.23319
4.635
0.920636
0.856619
0.855647
0.852307
0.833056
0.833903
0.818246
0.814071
0.799592
0.788755
0.781307
0.791555
0.80047
0.80593
0.784586
0.779705
0.797599
0.775443
0.752099
0.760499
0.759603
0.757651
0.733867
0.755588
0.74445
0.760987
0.737797
0.739334
0.724961
0.71888
0.700964
0.687404
0.73082
0.709361
0.69368
0.693482
0.700148
0.691675
0.669642
0.664752
0.669516
0.660523
0.637435
0.652297
0.62082
0.614416
0.605073
0.604482
0.614084
0.571857
0.597035
0.593922
0.580451
0.584323
0.569034
0.582839
0.567307
0.562107
0.571839
0.577088
0.579899
0.561085
0.541964
0.549898
0.556381
0.561379
0.547864
0.524649
0.548705
0.513748
0.505152
0.510708
0.50774
0.504937
0.501503
0.484376
0.482478
0.475342
0.47425
0.469999
0.472879
