1.03794
1.09252
1.10589
1.08841
1.05281
1.02957
1.11342
1.05708
1.08599
1.14467
1.10666
1.03159
1.04385
1.08897
1.13402
1.05363
1.06317
1.06234
1.09005
1.04549
1.1089
1.06175
1.08782
1.03981
1.08918
1.14362
1.09171
1.11169
1.08907
1.08866
1.10704
1.05134
1.15884
1.11338
1.14089
1.10726
1.12035
1.14781
1.13875
1.1329
1.15781
1.13372
1.0878
1.1746
1.17127
1.18058
1.18754
1.13556
1.14678
1.16948
1.19131
1.19517
1.17035
1.15258
1.14674
1.18448
1.24257
1.10879
1.14436
1.194
1.1592
1.17025
1.1394
1.19413
1.13696
1.1786
1.13166
1.16343
1.14113
1.1498
1.1744
1.1126
1.13362
1.18868
1.19962
1.1946
1.15996
1.132
1.15379
1.20274
1.18404
1.14063
1.1674
1.19626
1.20816
1.2342
1.13519
1.1569
1.1529
1.15341
1.16739
1.17699
1.18635
1.25206
1.20927
1.25721
1.19706
1.15308
1.21218
1.18088
1.12063
1.15795
1.17307
1.14219
1.2022
1.19471
1.23948
1.21666
1.17706
1.16692
1.16216
1.19591
1.18352
1.21699
1.20186
1.26843
1.17834
1.15033
1.19534
1.18693
1.23183
1.15765
1.18234
1.27574
1.21813
1.20443
1.2099
1.15224
1.18047
1.19942
1.17655
1.17412
1.22827
1.16968
1.1636
1.15274
1.20175
1.14653
1.15701
1.19122
1.16586
1.20772
1.24053
1.20423
1.17506
1.20319
1.20817
1.22842
1.20568
1.20474
1.23838
1.19458
1.25986
1.15126
1.21842
1.25986
1.21324
1.20163
1.21584
1.1641
1.23286
1.14898
1.19618
1.2001
1.21293
1.22007
1.22079
1.21591
1.16836
1.19364
1.17959
1.17735
1.18769
1.21068
1.1956
1.21767
1.24198
1.20611
1.20153
1.20715
1.22795
1.1703
1.18794
1.17104
1.22916
1.24394
1.19047
1.22301
1.15284
1.28797
1.2011
1.18522
1.2465
1.21122
1.20965
1.1758
1.14016
1.29111
1.16105
1.1502
