0.00837339
 0.0167586
 0.0251674
 0.0336119
  0.042104
 0.0506561
 0.0592807
 0.0679907
 0.0767992
 0.0857199
 0.0947669
  0.103955
  0.113298
  0.122813
  0.132517
  0.142425
  0.152557
  0.162931
  0.173565
  0.184482
  0.195701
  0.207246
  0.219138
  0.231402
  0.244062
  0.257142
  0.270668
  0.284666
  0.299159
  0.314173
   0.32973
  0.345852
  0.362557
  0.379861
  0.397776
  0.416308
  0.435457
  0.455217
  0.475572
  0.496502
  0.517972
  0.539944
  0.562367
  0.585184
  0.608332
  0.631741
  0.655341
  0.679061
   0.70283
  0.726586
   0.75027
  0.773835
  0.797243
  0.820466
  0.843492
  0.866314
  0.888942
  0.911391
  0.933686
  0.955861
  0.977952
