5.53366
5.96528
4.81684
4.79992
4.74792
8.88775
5.28515
5.30642
4.98792
5.04523
6.15232
5.31945
5.15853
5.51542
6.25515
6.92545
6.69962
8.11629
8.02865
6.00371
7.20621
7.60528
6.48196
8.96737
6.76071
6.65356
7.30916
8.10619
7.39431
8.88944
8.27964
6.96965
7.85392
7.79163
6.27416
8.07278
8.28629
8.35082
7.17251
7.42427
7.78196
7.86915
8.07123
9.38324
8.72552
8.28617
8.55412
8.77819
8.94509
8.70501
8.72443
8.55259
9.1999
8.83914
8.82231
8.07846
8.73784
9.41854
9.0949
9.04079
8.9985
8.89272
8.7662
8.84579
8.72429
8.94044
9.01796
9.21417
9.15335
8.87098
9.1232
9.13039
8.76632
8.85155
8.85936
8.97486
8.83328
9.15013
9.11682
9.37009
9.02852
8.96234
9.24415
8.96366
8.92105
9.17439
9.12125
9.06263
9.02542
9.03639
9.15897
9.1716
9.08781
9.04406
8.96997
9.10237
8.89909
8.94465
9.19298
9.07706
9.06811
9.05525
8.95996
8.89546
9.1104
8.98159
8.98501
9.11222
9.03235
8.94938
8.94504
9.17837
9.07041
8.9749
8.99568
9.05457
9.02577
9.08467
9.14074
8.94797
9.04827
9.16957
9.16213
9.0749
9.06606
8.93941
9.09721
9.42474
9.06275
9.01649
9.13443
9.02896
9.11847
9.01597
9.07008
9.08871
9.09486
9.23838
9.1793
9.14668
9.21937
9.0407
8.99195
9.20044
9.06348
9.21358
9.04109
9.08437
9.02071
9.05031
9.0558
8.96736
9.10648
9.11597
9.15819
9.12156
9.11282
9.14326
9.14333
9.25293
9.14251
9.12242
9.03686
9.08618
9.20821
9.01594
9.04938
9.12349
9.14363
9.10092
9.16384
9.15098
9.11625
9.12401
9.17333
9.08633
9.04279
9.09986
9.07228
8.99168
9.14916
9.15426
9.00939
9.09206
9.25338
9.1855
9.05913
8.96532
9.18236
9.19221
9.27362
9.228
9.1084
9.04
9.1796
9.20094
9.24602
9.09768
9.2208
9.09753
