0.0104669
0.00878598
0.0102844
0.0103551
0.0101845
0.0100382
0.0100172
0.00988033
0.0101782
0.010201
0.00974952
0.0100809
0.00984816
0.0068806
0.00242812
0.00255323
0.00260292
0.00350903
0.00355816
0.00341395
0.00389292
0.00364779
0.00370185
0.0035534
0.00363483
0.0035055
0.00374628
0.00357326
0.00369555
0.0035597
0.00309107
0.00382907
0.00355022
0.00336026
0.00304295
0.00305999
0.00348556
0.00321503
0.0030625
0.0031771
0.0034037
0.00338312
0.00341794
0.00327871
0.00334075
0.00340678
0.00347298
0.0032331
0.00333438
0.00326248
0.00345621
0.0026254
0.00279814
0.00277556
0.00280484
0.0028775
0.0029563
0.00306598
0.00303435
0.00305799
0.00302523
0.00303029
0.00277922
0.0027833
0.00296064
0.00293901
0.00295397
0.00290587
0.00295829
0.00309512
0.00295016
0.00301902
0.00281471
0.00295928
0.00297813
0.00292227
0.00290486
0.00291013
0.0029417
0.00284053
0.00288002
0.00290628
0.00295233
0.00286021
0.00294461
0.00279197
0.00285498
0.00303903
0.00283806
0.0029075
0.00282348
0.00283775
0.00284539
0.00320744
0.00295508
0.00302708
0.00299844
0.00299141
0.00289349
0.00290242
0.00285374
0.00277848
0.00288069
0.00272545
0.00288183
0.00293071
0.00297708
0.00294382
0.00282859
0.00286942
0.00293924
0.00287631
0.00305191
0.00293303
0.00294083
0.00294247
0.0028252
0.00298036
0.0029178
0.00294689
0.00292946
0.00301087
0.00295621
0.00293204
0.00290279
0.00290443
0.00300577
0.00286037
0.0028165
0.00282808
0.00279725
0.00290119
0.00303414
0.00278149
0.00306052
0.00293637
0.00294173
0.00290503
0.00288632
0.00285624
0.00299847
0.00293537
0.00297519
0.00297947
0.0030048
0.00285254
0.00277051
0.00286925
0.00288551
0.00281132
0.00298283
0.00276678
0.00284037
0.00291056
0.00293498
0.00291426
0.00286516
0.00289312
0.00297295
0.00291308
0.00291193
0.00292299
0.00281597
0.00279388
0.00284911
0.0028748
0.00303676
0.00297073
0.00283534
0.00306199
0.00278063
0.00281958
0.00270406
0.00299839
0.00289942
0.002988
0.00285855
0.0029133
0.00284114
0.00274684
0.00286116
0.00282356
0.00288729
0.0028706
0.00281569
0.00274442
0.00290848
0.00283331
0.0026824
0.00293084
0.00278791
0.00294335
0.00279644
0.00290717
0.00288946
0.00288396
0.00271104
0.00289439
0.0026955
0.00272197
