1.00409
1.0039
1.00393
1.00404
1.00399
1.00427
1.00385
1.00418
1.00434
1.00414
1.00391
1.00433
1.00421
1.00387
1.00407
1.00396
1.00417
1.00389
1.00405
1.00423
1.00398
1.00378
1.00402
1.00528
1.00576
1.00399
1.00706
1.00318
1.00381
1.00401
1.00382
1.00531
1.00474
1.00367
1.00384
1.00473
1.00416
1.00391
1.00369
1.00401
1.00377
1.00433
1.00405
1.00382
1.00411
1.00437
1.00359
1.00338
1.0035
1.00535
1.00402
1.00541
1.00549
1.00497
1.0046
1.00414
1.0047
1.00426
1.0057
1.00438
1.00604
1.00515
1.00432
1.00364
1.00692
1.00385
1.00583
1.00605
1.00461
1.00494
1.00699
1.00619
1.00532
1.00659
1.00638
1.00534
1.00605
1.00767
1.00813
1.00917
1.00896
1.00866
1.00497
1.00854
1.00742
1.01005
1.00698
1.00846
1.00605
1.01391
1.00523
1.00913
1.00556
1.00601
1.00927
1.00783
1.00522
1.00666
1.00568
1.00644
1.00732
1.00559
1.00773
1.01169
1.01073
1.01068
1.00747
1.00943
1.00678
1.01127
1.00611
1.0067
1.00747
1.0089
1.01276
1.01069
1.00816
1.00783
1.00863
1.01134
1.01536
1.00761
1.00618
1.01013
1.00761
1.01544
1.00919
1.00903
1.01086
1.00811
1.00894
1.01022
1.0102
1.0145
1.01291
1.00837
1.00847
1.008
1.01692
1.01079
1.01113
1.00723
1.01126
1.01368
1.01543
1.01403
1.01543
1.01298
1.00994
1.01626
1.0132
1.01527
1.01071
1.01053
1.01154
1.01466
1.01353
1.00989
1.0114
1.01066
1.00843
1.01188
1.01296
1.0082
1.01274
1.01052
1.0121
1.01502
1.01482
1.01137
1.01233
1.00917
1.00967
1.01555
1.01717
1.01272
1.01658
1.01204
1.01112
1.0112
1.01171
1.01311
1.01573
1.0122
1.00985
1.01862
1.00656
1.01433
1.01157
1.0133
1.01319
1.00733
1.01879
1.00964
1.01199
1.01596
1.01318
1.00921
1.01293
1.01307
