193.205
161.327
166.375
164.805
149.747
166.831
167.538
167.001
162.924
160.623
159.921
165.774
170.652
155.661
161.729
167.434
163.99
165.563
164.245
158.835
169.202
163.413
167.253
168.872
168.682
164.526
168.823
167.83
155.684
158.247
160.75
159.304
157.631
148.785
150.712
149.946
149.256
158.097
155.717
146.953
144.829
150.08
152.129
139.58
141.142
131.722
132.587
130.911
118.732
121.164
121.162
105.932
102.293
97.0266
94.8499
89.3195
93.8366
92.143
98.1569
89.4598
87.062
87.128
88.8571
91.5541
87.6699
94.6182
89.694
86.6083
94.2863
90.3668
87.3835
85.2072
86.4209
88.8033
90.0058
87.4114
87.7439
87.0927
90.1152
86.7411
88.1564
85.2194
87.9989
86.2258
89.6843
91.7762
91.0744
89.4868
89.1999
86.7008
90.8883
85.3758
91.3605
81.0434
85.7139
88.9986
86.4728
87.877
90.3086
88.4977
89.9341
92.2814
83.9272
89.0358
91.45
89.9375
87.5974
88.8439
85.8516
82.4995
85.2506
92.1918
86.7873
89.8923
87.5972
88.0979
90.7171
88.4558
87.6552
90.3513
87.4739
89.5466
85.9665
91.1203
89.1282
89.0044
90.3628
88.7738
82.8329
85.7252
87.4516
85.5776
85.0606
82.7573
83.2345
81.2982
85.631
79.883
83.5901
76.0754
70.3278
75.0343
75.2238
78.3429
79.6271
79.5476
78.9858
78.9904
80.8304
79.1861
77.9342
80.4423
77.8217
77.2607
75.3011
76.7077
76.1345
76.2825
75.9498
75.8512
76.3047
76.6632
80.7951
77.5903
76.0323
78.2049
75.7099
78.8733
79.7282
77.9197
74.2196
77.9447
74.5898
76.3575
72.7991
73.8471
74.9127
78.2978
75.1828
72.9147
76.2968
73.8887
75.9872
74.9824
71.8551
71.6573
76.5882
73.1616
73.9121
74.4863
69.7883
69.6086
72.0475
74.2566
72.8084
72.6133
73.5543
72.1036
68.8304
70.6078
