1.36107
1.33532
1.32428
1.27213
1.40483
1.36734
1.33499
1.37259
1.34577
1.33801
1.41883
1.41188
1.37807
1.27159
1.39255
1.33861
1.32252
1.35198
1.3694
1.34831
1.41606
1.37834
1.34971
1.37879
1.40053
1.37505
1.34824
1.38051
1.33912
1.34178
1.35553
1.33453
1.33076
1.33994
1.3105
1.37957
1.37825
1.40532
1.38556
1.34229
1.28791
1.28261
1.3803
1.41625
1.35076
1.40774
1.34628
1.35865
1.38394
1.38348
1.38208
1.27838
1.40786
1.34109
1.32069
1.3269
1.34492
1.39717
1.34616
1.34409
1.37971
1.37657
1.34457
1.3554
1.38016
1.3366
1.39066
1.36778
1.35064
1.36537
1.39191
1.339
1.33085
1.35837
1.27975
1.35742
1.33119
1.33775
1.37384
1.36364
1.29815
1.37698
1.40164
1.33514
1.35538
1.3635
1.37012
1.31046
1.37091
1.22273
1.28619
1.3636
1.31067
1.35079
1.27597
1.33544
1.35618
1.35124
1.32582
1.26916
1.37511
1.32159
1.30832
1.37788
1.31201
1.39342
1.35835
1.36071
1.29334
1.2892
1.29036
1.32466
1.32438
1.37987
1.35954
1.29051
1.31094
1.29614
1.32561
1.26431
1.30992
1.29189
1.21242
1.28484
1.36924
1.37207
1.36347
1.32384
1.3402
1.32473
1.36638
1.32581
1.28898
1.40964
1.3592
1.24342
1.31171
1.31491
1.29996
1.33798
1.29875
1.28904
1.38168
1.26163
1.38777
1.33132
1.20344
1.3192
1.35878
1.3206
1.30652
1.26514
1.26524
1.26186
1.3415
1.32357
1.35409
1.31746
1.31855
1.32834
1.34093
1.31376
1.30009
1.24711
1.35347
1.29601
1.28333
1.23394
1.26913
1.27953
1.27042
1.29318
1.26774
1.39202
1.28288
1.19209
1.28705
1.26721
1.37005
1.37502
1.34661
1.38144
1.41954
1.27831
1.32733
1.32014
1.35963
1.29802
1.34196
1.31388
1.35696
1.34084
1.33336
1.35217
1.35296
1.3315
1.35944
1.38152
1.31162
1.36664
