84.7707
84.7664
84.7005
84.7768
84.7658
84.8302
84.7867
84.7149
84.8043
84.6697
84.7753
84.6638
84.7907
84.756
84.773
84.7942
84.7924
84.6661
84.7409
84.672
84.7147
84.7299
84.5929
84.7533
84.7931
84.7141
84.6755
84.7775
84.7664
84.7304
84.69
84.7739
84.6157
84.6825
84.6124
84.7855
84.629
84.7398
84.4949
84.6548
84.734
84.5562
84.7394
84.4932
84.4253
84.5214
84.5856
84.4177
84.7344
84.2922
84.5417
84.6431
83.9436
84.023
84.6106
83.9073
84.1277
84.1267
84.0193
84.0777
83.3789
82.8152
83.9997
83.502
83.093
83.7754
83.689
83.287
83.982
84.1285
83.7094
84.0088
82.4084
84.0872
83.497
82.8209
83.9202
84.3036
82.3793
82.6982
82.998
81.4434
81.9371
81.6817
81.7344
81.9496
80.8641
83.4894
83.3107
80.9655
82.3827
83.3819
82.1037
83.2755
82.0198
83.8857
83.0602
81.6639
82.5799
84.7376
81.6272
83.2418
82.5001
81.5333
80.153
81.9466
82.8702
83.2501
83.1621
81.7318
82.0801
82.106
84.3976
83.9693
82.0295
81.7103
81.6198
84.0047
80.1972
80.2242
80.9026
81.4957
80.7268
81.423
81.2795
83.9778
79.0638
81.9438
81.0146
80.7839
82.8194
83.1954
84.0794
81.0827
82.8194
82.7541
83.002
81.7087
82.4998
82.227
83.275
83.6935
83.093
83.3239
83.4072
83.3866
82.9134
83.2524
83.0562
81.5313
82.6242
81.7572
81.4402
82.8841
80.9488
83.4778
80.3093
81.8687
83.6805
82.7518
83.9379
83.2913
83.9427
83.8984
84.1732
84.4134
83.9769
84.3958
83.6091
84.3472
83.8015
83.4667
83.986
84.0778
81.9615
83.6262
83.3077
83.7392
83.3377
83.8643
84.1948
83.8282
82.7594
83.9484
83.1582
83.2355
83.0836
84.2967
83.1385
84.2368
83.6262
82.4088
83.4299
82.7141
83.7805
83.0806
83.4832
82.7028
83.4801
83.5698
