12.8048
14.4905
16.03
13.9047
17.6965
17.9683
15.5337
13.9513
15.7319
15.3788
14.7049
15.5107
14.9632
14.6284
15.3362
15.2403
15.3361
15.1081
15.6988
14.9074
15.4983
14.7497
15.6124
14.0074
15.505
15.3283
14.0748
14.4861
13.7065
14.3706
13.2264
14.9208
18.3629
14.6852
15.5159
16.2971
17.1023
15.1468
16.0118
15.6996
16.3358
16.0458
17.5557
17.2151
14.4187
17.048
16.7044
16.0681
16.2731
16.4572
15.6297
16.1945
15.3736
16.7403
16.9189
15.3668
15.5805
15.8385
15.1224
15.8889
14.7421
15.2993
14.8575
16.4705
16.1092
16.0182
14.9697
15.7111
15.7163
15.5177
15.8265
15.3652
15.8875
16.2033
16.6876
16.8814
16.9986
16.9321
16.5462
16.1654
17.1989
16.534
16.3101
16.0862
16.2185
16.1381
16.9556
16.5416
16.9266
17.3618
16.1151
16.493
15.7384
16.2912
16.162
16.7823
16.8043
16.3419
16.612
16.832
