1.97092
1.82443
1.78045
1.95135
2.02514
2.09629
2.08761
2.095
2.15142
2.18977
2.15951
2.22214
2.19257
2.22996
2.21897
2.22049
2.20903
2.2284
2.21929
2.22893
2.22749
2.22607
2.22072
2.22557
2.22815
2.23243
2.22893
2.23812
2.23264
2.23403
2.23114
2.22177
2.22952
2.23103
2.23512
2.23568
2.23104
2.23568
2.23568
2.23812
2.22893
2.22893
2.23573
2.23104
2.23963
2.23568
2.22893
2.22722
2.23963
2.23058
2.21768
2.22668
2.22515
2.23812
2.22681
2.23475
2.22893
2.22177
2.22177
2.22318
2.22473
2.22473
2.23027
2.22893
2.22473
2.22473
2.22473
2.21295
2.23114
2.21212
2.22049
2.21699
2.22778
2.21355
2.21212
2.20526
2.21036
2.21036
2.23114
2.22177
2.21212
2.21036
2.20302
2.23568
2.1971
2.1978
2.21905
2.21072
2.21053
2.18899
2.21036
2.22473
2.21212
2.21212
2.2076
2.21036
2.21212
2.18652
2.21036
2.21036
