0.0370082
0.0354538
0.0484539
0.0535655
0.0617758
0.0565123
0.0527192
0.0527934
0.0515182
0.0520325
0.0506834
0.0573543
0.0546606
0.0573834
0.0561987
0.0630328
0.0594581
0.0578237
0.0634902
0.0617895
0.0591866
0.060716
0.0659268
0.0639283
0.0616824
0.0646225
0.0620275
0.0652989
0.0598326
0.0696124
0.0663298
0.0673183
0.0673594
0.0695511
0.0710782
0.070722
0.0743345
0.0734046
0.0767933
0.0771137
0.0788193
0.0758164
0.0768923
0.0857424
0.0820932
0.0819766
0.0835935
0.0840346
0.0846521
0.0868715
0.0900202
0.089838
0.0952573
0.0932159
0.0936385
0.0988281
0.101792
0.102338
0.103766
0.107888
0.108649
0.113389
0.112628
0.112569
0.116209
0.121588
0.125556
0.12361
0.12456
0.128715
0.130982
0.134043
0.136446
0.143096
0.145964
0.148322
0.147496
0.152755
0.153806
0.158499
0.161643
0.1609
0.163569
0.16763
0.169741
0.171489
0.174077
0.17875
0.174889
0.179759
0.183392
0.185336
0.187987
0.186384
0.19111
0.190282
0.197265
0.199304
0.194556
0.200799
