91.8703
92.0947
91.7026
91.9714
91.7123
92.0043
92.1744
91.78
91.9514
91.988
92.1296
91.7231
91.9956
91.9257
91.8285
92.1246
91.9598
92.052
91.7036
92.0109
91.8557
91.8816
91.8158
92.028
92.0816
92.3542
92.2532
92.0259
91.9985
92.3924
92.0913
92.1502
92.0302
91.9577
92.1786
92.0633
91.7683
91.5942
91.8699
92.1725
91.9415
91.5055
91.9144
91.7923
91.4957
92.403
91.8286
91.4709
91.8991
92.126
91.9229
91.1721
91.7811
91.8509
91.3037
91.5114
91.8961
92.1985
91.5124
91.8214
91.8268
91.5332
90.8243
91.5574
90.9691
91.0972
90.8936
91.7728
91.4544
91.2461
91.2124
91.4975
91.1448
91.1833
90.8417
90.216
91.3389
91.4521
91.4038
91.3483
90.6278
91.1392
90.641
90.8935
91.2524
90.8209
91.8302
91.1429
91.2746
90.0383
90.9395
90.7033
91.4034
90.2417
90.451
91.4278
91.2939
90.5267
89.7571
91.1606
91.887
90.7564
90.5181
91.5229
90.4379
89.5366
91.3679
90.086
90.7989
91.5698
90.0206
90.4471
90.8584
91.5256
91.6454
89.9846
90.7643
89.4999
91.1595
91.115
91.4039
90.2435
90.0893
90.3434
90.0154
90.5507
89.8623
91.2322
89.1301
90.0665
90.0971
89.8951
90.4259
90.9644
89.1686
90.6946
89.7824
90.5171
89.7596
88.9293
89.6942
90.5948
89.3406
91.1909
89.1444
90.344
91.4608
89.5207
88.6349
88.9717
91.0097
90.5266
89.2325
90.6456
89.3794
88.946
91.0956
90.2335
88.7276
91.2615
88.9156
88.7284
90.0025
91.0759
91.2638
90.5244
90.9181
90.3286
88.8218
90.847
89.6635
88.8665
89.7956
89.168
89.2607
88.8681
90.0378
90.5682
90.0795
88.067
89.5027
90.1741
88.0349
89.4599
89.3228
90.2511
90.6698
88.5603
89.8058
90.9753
90.4551
89.204
91.0285
90.2052
89.2094
89.9626
90.7845
89.8762
89.7232
89.4942
