9.80542
8.20861
8.77784
10.5268
8.71243
8.82671
8.6388
10.1094
10.6083
9.17415
8.69939
10.3375
11.1903
13.5177
9.32805
10.2061
12.0628
9.26745
10.5257
10.1854
11.7381
10.9523
11.3588
9.28707
11.8348
13.2289
10.8639
12.1378
10.8249
11.0705
10.2533
10.2169
12.1753
12.3038
10.0878
11.312
11.7519
12.1566
10.0169
11.6819
11.5431
11.0146
11.0734
11.0862
11.3708
11.4169
9.90403
10.5467
10.5904
11.3951
11.8339
10.655
10.1262
12.4793
11.5831
11.3444
11.83
10.8454
10.9709
10.0242
10.4848
13.4608
10.0622
10.9407
11.8251
11.0086
11.5733
10.443
10.8273
12.3454
12.0446
12.04
11.108
11.4078
10.7192
10.7426
11.6768
10.9759
11.3854
11.0831
11.8288
12.3328
11.7251
10.7533
10.2997
10.6589
10.3005
12.2841
11.1564
12.5052
11.5838
12.2899
11.3763
11.7534
10.6742
12.4246
10.5109
12.4891
11.0038
10.8553
