10.9793
15.0357
13.5894
12.2306
1.3809
1.26207
1.25023
1.20654
1.14639
1.17271
1.2251
1.10404
1.05108
0.952317
0.899706
0.795536
0.755416
0.664305
0.616153
0.547601
0.509611
0.531783
0.553361
0.578734
0.637514
0.591167
0.684567
0.684748
0.681216
0.648868
0.663941
0.657258
0.650137
0.709551
0.65254
0.645429
0.62145
0.658041
0.686598
0.666497
0.634314
0.684164
0.681638
0.644896
0.680405
0.708619
0.700436
0.705151
0.686244
0.695968
0.687192
0.708215
0.684799
0.703623
0.70024
0.657887
0.696072
0.690001
0.697593
0.664098
0.677114
0.679735
0.675224
0.6812
0.679784
0.642121
0.688259
0.672529
0.668821
0.666624
0.651677
0.648381
0.6507
0.65969
0.640016
0.663623
0.649959
0.63596
0.625171
0.622337
0.630695
0.646211
0.670419
0.642141
0.652474
0.659267
0.641217
0.645273
0.633873
0.621496
0.654768
0.647983
0.618038
0.636356
0.660654
0.590888
0.645611
0.635893
0.594831
0.625487
0.605561
0.583153
0.604014
0.57602
0.612761
0.595594
0.593183
0.602853
0.583498
0.602098
0.593391
0.601003
0.607673
0.604614
0.575933
0.593566
0.559528
0.598485
0.577394
0.585061
0.599637
0.575555
0.565168
0.575407
0.61012
0.579651
0.577732
0.581706
0.589085
0.566085
0.591626
0.567359
0.581096
0.58664
0.591517
0.586556
0.571368
0.577198
0.569549
0.576537
0.585083
0.579878
0.578205
0.576709
0.552305
0.597104
0.569663
0.591485
0.575657
0.595233
0.569824
0.640148
0.575205
0.615605
0.628471
0.603891
0.587527
0.589593
0.607354
0.600701
0.588623
0.589762
0.603741
0.585496
0.610453
0.594342
0.60618
0.592246
0.589436
0.595821
0.592762
0.630903
0.610671
0.574385
0.583745
0.631252
0.586969
0.610639
0.597664
0.626158
0.611212
0.612799
0.614926
0.607622
0.582752
0.599196
0.634679
0.630071
0.615474
0.599306
0.605661
0.61046
0.629789
0.599857
0.596144
0.623215
0.645139
0.620977
0.637933
0.63181
