1.49536
1.59535
1.5229
1.58548
1.55456
1.56583
1.52526
1.65207
1.60097
1.67355
1.5198
1.56305
1.61453
1.57108
1.47035
1.59509
1.52721
1.53691
1.61668
1.61886
1.56307
1.51194
1.50957
1.5934
1.52441
1.57324
1.55886
1.5257
1.55328
1.58243
1.59738
1.597
1.53118
1.56689
1.56843
1.60594
1.63633
1.5599
1.54671
1.6097
1.5537
1.64813
1.56745
1.58001
1.61103
1.63329
1.58675
1.78438
1.7611
1.75792
1.75904
1.77086
1.78312
1.78792
1.75696
1.79154
1.75932
1.81722
1.80689
1.8039
1.79458
1.72871
1.81221
1.80155
1.7843
1.80238
1.81103
1.78583
1.81173
1.78157
1.81014
1.81613
1.81777
1.80506
1.81579
1.80502
1.80171
1.81842
1.81831
1.81631
1.81664
1.81764
1.81401
1.8159
1.81716
1.81445
1.80034
1.81387
1.81402
1.81261
1.82145
1.81741
1.79972
1.81733
1.81041
1.81579
1.81583
1.81871
1.81184
1.82066
1.81408
1.8178
1.81825
1.81786
1.81804
1.82083
1.8155
1.81733
1.81709
1.81854
1.81851
1.81828
1.81868
1.81731
1.8222
1.8179
1.81128
1.81755
1.82176
1.81803
1.81836
1.81619
1.82141
1.81481
1.81731
1.82156
1.82226
1.81299
1.81935
1.82145
1.81546
1.81876
1.8195
1.82039
1.81469
1.81508
1.81933
1.81398
1.81981
1.82166
1.81932
1.81862
1.8214
1.81984
1.81863
1.81983
1.81889
1.81649
1.8196
1.81458
1.81841
1.81745
1.81831
1.81983
1.81851
1.82206
1.82117
1.82227
1.82099
1.82049
1.81738
1.81839
1.81764
1.82144
1.82044
1.8168
1.82206
1.82177
1.81908
1.82154
1.81561
1.81843
1.82076
1.81821
1.81908
1.81894
1.82249
1.81836
1.82181
1.81677
1.81776
1.82225
1.82001
1.82145
1.81938
1.82219
1.82043
1.82103
1.81855
1.82186
1.82163
1.81986
1.81876
1.82177
1.82021
1.8174
1.82177
1.82222
1.82198
1.81687
