0.0193542
0.0203416
0.0191998
0.0186701
0.018387
0.0179601
0.017218
0.0177537
0.0182155
0.0186068
0.0183965
0.0177632
0.0116367
0.0107752
0.00805625
0.00888341
0.0090899
0.00880193
0.00797444
0.00894295
0.00974634
0.00890964
0.00923559
0.00905649
0.00904551
0.00908206
0.0095145
0.00917593
0.00928434
0.00906458
0.00856908
0.0093084
0.00900924
0.00883571
0.00913583
0.00918485
0.00874677
0.00865458
0.00879913
0.00807749
0.00893586
0.00836114
0.00833077
0.00836141
0.0081251
0.00822653
0.0076693
0.00798402
0.00840066
0.00779526
0.00774949
0.00812156
0.00786129
0.00795443
0.00812178
0.00765411
0.00781717
0.00778735
0.00793718
0.00762152
0.00733597
0.00748333
0.00741353
0.00724705
0.00718699
0.00732584
0.00705785
0.00742347
0.00762044
0.00750144
0.00736927
0.0076572
0.00728601
0.0074343
0.0072546
0.00752867
0.00719551
0.00750573
0.00723654
0.00716431
0.00735461
0.00735817
0.0071901
0.00722233
0.00757473
0.0069912
0.00719437
0.00757297
0.00731008
0.00738049
0.00779417
0.00755023
0.00754442
0.0074862
0.00754435
0.00752472
0.00758674
0.0071068
0.00743177
0.00758358
0.00735658
0.00726327
0.00756167
0.00754308
0.00746863
0.00739606
0.00759095
0.00792687
0.00755064
0.00726959
0.00804657
0.00787976
0.0076131
0.00763774
0.00752985
0.00738012
0.00717676
0.00774191
0.00782147
0.00799405
0.00728524
0.00759802
0.00781414
0.00743514
0.00761554
0.00762496
0.00749267
0.00766861
0.00776538
0.00763982
0.00747394
0.00739463
0.00750492
0.00761135
0.00745709
0.00767647
0.00777649
0.00749088
0.00779559
0.00775574
0.00734186
0.00791533
0.00742234
0.0075131
0.00777489
0.00761545
0.00785321
0.00759414
0.00757811
0.00756105
0.00783667
0.00749503
0.00736898
0.0074021
0.0073056
0.00750788
0.00753274
0.00756245
0.00798027
0.00762839
0.00734318
0.00724242
0.00779571
0.00770024
0.00766011
0.00773286
0.00764983
0.00743474
0.00726936
0.00733008
0.00765033
0.00779392
0.00746066
0.00769785
0.00749189
0.00747231
0.00757833
0.00770187
0.00740988
0.00761125
0.00764812
0.0079028
0.00771216
0.00771068
0.00756405
0.00783027
0.00771881
0.00733248
0.00745491
0.00728678
0.00739818
0.00770551
0.00793338
0.00793381
0.00771329
0.00751545
0.00749482
0.00761061
0.00812789
0.00764391
