468.585
550.395
537.389
516.203
529.207
519.323
513.388
509.78
536.046
528.983
510.706
496.416
499.126
501.494
507.843
489.757
489.528
488.361
491.263
477.34
485.425
483.045
471.134
483.443
476.439
471.509
483.093
466.916
462.537
470.169
453.414
456.593
457.951
455.485
452.85
455.495
456.52
443.152
457.004
451.904
447.2
436.957
440.017
439.168
443.354
448.751
430.17
430.996
421.679
423.117
424.983
423.898
427.884
422.137
423.508
430.208
433.617
431.741
432.133
435.02
452.848
447.715
456.249
466.226
450.177
450.613
452.826
440.361
444.999
446.905
435.863
437.41
437.106
421.769
422.096
419.088
406.682
409.873
407.084
402.511
400.081
408.293
396.477
401.201
395.812
383.711
385.385
385.785
387.002
383.152
379.48
379.71
374.682
361.278
367.662
364.652
355.816
356.725
345.63
356.87
357.573
349.951
335.299
342.658
349.835
346.119
342.643
338.377
327.521
339.418
325.243
330.291
318.435
328.217
327.991
318.559
316.454
311.658
306.49
311.568
307.951
303.931
307.797
301.428
297.672
306.235
297.633
303.395
297.998
294.117
295.173
285.926
283.541
280.462
278.719
285.638
284.494
277.758
278.836
272.387
275.975
273.709
279.656
295.296
308.305
272.754
261.95
268.069
270.76
268.31
264.39
262.746
258.532
262.57
262.088
257.219
257.09
261.484
259.812
263.958
252.029
250.76
253.931
250.979
250.675
251.089
248.745
250.412
256.791
251.293
244.011
239.934
245.518
237.874
244.168
245.594
236.561
240.827
241.124
241.742
244.782
237.137
237.37
227.715
230.154
231.098
222.959
234.514
232.402
225.745
228.262
227.477
226.432
225.764
218.844
226.537
223.712
222.081
224.801
220.099
