98.5877
98.6631
98.6365
98.5622
98.5643
98.4774
98.4448
98.6084
98.5749
98.5776
98.5275
98.5224
98.4766
98.5779
98.6064
98.5358
98.637
98.6456
98.3411
98.3786
98.5534
98.4757
98.5176
98.4007
98.3761
98.2524
98.311
98.696
98.4644
98.5309
98.5549
98.5398
98.4953
98.3303
98.5121
98.5222
98.2164
98.4786
98.22
98.5439
98.5825
98.5033
98.0456
98.3215
98.4135
98.5799
98.681
98.1692
98.4105
98.2319
97.8376
98.6191
97.9065
98.3764
98.0525
97.7484
97.8117
98.1635
97.6845
97.4815
98.1235
97.8992
97.4429
98.3352
98.4177
98.4993
96.665
98.049
97.149
97.9222
97.9931
98.4626
97.3468
96.4393
97.8662
96.7235
97.0879
96.1773
96.5709
96.8019
95.8692
96.7108
96.4189
97.5418
95.1443
96.4935
95.4098
96.3096
94.9641
95.2815
97.3444
96.0753
95.8994
95.516
95.4313
96.2351
97.1435
96.1577
97.213
94.241
95.5279
93.9481
95.0482
93.556
96.4577
95.8726
94.8222
93.8984
94.4349
94.2114
97.0387
96.8099
96.0523
96.3784
97.4163
96.3832
97.7041
96.5573
96.1156
95.9907
97.7485
97.1989
96.037
97.6262
97.3808
96.3764
96.935
97.5064
96.711
97.8519
98.249
96.3579
96.9457
96.0039
96.3468
95.9244
96.2558
96.7569
97.3556
96.5869
96.3926
95.9122
97.5705
96.9762
96.2967
97.452
97.6744
96.7037
95.7845
97.6713
96.2189
97.2561
96.1617
96.0594
96.3511
97.2691
96.5809
96.4771
96.6378
96.0453
96.2257
97.5559
97.637
97.7219
96.3502
94.5649
97.229
96.0699
94.8381
95.8186
95.1802
95.0054
95.3955
97.6218
96.816
96.742
96.7392
95.9059
94.3949
96.6605
95.9475
95.4397
95.9944
96.425
96.28
97.0035
96.2007
94.863
97.6464
94.6083
97.2071
95.0709
95.7649
96.8566
96.3861
96.3704
94.8025
97.1407
96.2
96.6594
