223082
76895.1
40134.4
28971.5
20304.3
12823.9
8172.67
5107.91
3613.33
5000.22
13895.8
38385.3
16051
11836.7
13695.9
14474.5
22204.6
36820.7
62847.1
46882.3
43375.8
47064.3
44226.1
51092.6
48232.3
51071.8
55714
56703.9
71461.7
84657.9
85127.8
102282
103456
155113
198926
166285
293715
288369
348862
327030
297054
357328
360260
499842
494544
432488
473282
421433
513754
499653
631254
640346
662926
591360
565029
981677
685507
618820
810026
822897
916944
821611
824087
833446
873331
1.0198e+06
1.0307e+06
959862
1.08446e+06
1.1344e+06
1.17634e+06
1.24451e+06
1.26951e+06
1.29987e+06
1.54792e+06
1.57752e+06
1.47136e+06
1.54367e+06
1.85227e+06
3.71387e+06
5.89871e+06
1.46035e+07
1.2494e+07
1.43876e+07
2.10736e+07
2.10712e+07
2.81134e+07
2.3974e+07
1.59066e+07
9.69241e+06
1.4182e+07
1.72004e+07
2.12616e+07
3.42044e+07
1.2595e+07
2.04616e+07
2.1916e+07
3.32301e+07
3.38278e+07
4.29339e+07
