3.83376
2.96144
3.44092
3.58755
3.48208
3.58086
3.56089
3.42045
3.4555
3.4916
3.5593
3.49397
3.54889
3.72356
3.58594
3.55159
3.70047
3.59217
3.55965
3.58319
3.54075
3.53097
3.59196
3.68122
3.47771
3.52727
3.45252
3.49316
3.64531
3.4929
3.46028
3.60114
3.3335
3.3639
3.37814
3.38251
3.38612
3.32529
3.38935
3.23254
3.27732
3.37879
3.34302
3.13555
3.3143
3.15963
3.35559
3.24399
3.25016
3.28586
3.21979
3.07862
3.23722
3.26387
3.29792
3.15773
3.25799
3.25983
3.15039
3.22355
3.10936
3.14215
3.24503
3.09748
3.07053
2.95125
2.9952
3.13756
3.05499
2.94501
2.95769
2.96389
3.08449
3.09993
2.90969
2.88705
2.97584
2.9181
2.91468
2.83121
2.88605
2.86746
2.84528
2.91959
2.87733
2.79
2.90537
2.75164
2.80699
2.75748
2.96411
2.83385
2.74315
2.72586
2.84433
2.79843
2.85134
2.65974
2.82758
2.68565
2.68015
2.65589
2.6081
2.75369
2.64012
2.56128
2.72596
2.69578
2.53993
2.68922
2.65979
2.6283
2.63896
2.58821
2.52286
2.57285
2.71314
2.75929
2.68585
2.57654
2.70162
2.56974
2.61454
2.54654
2.5194
2.58941
2.57504
2.48668
2.54215
2.56553
2.53288
2.48155
2.55173
2.65035
2.52602
2.51849
2.51065
2.47419
2.44347
2.52654
2.48699
2.54294
2.5261
2.48578
2.59425
2.50678
2.43185
2.50045
2.66559
2.59437
2.5349
2.55464
2.55668
2.48823
2.58834
2.52522
2.487
2.51506
2.44118
2.45631
2.51738
2.54952
2.57679
2.46019
2.38384
2.43775
2.48608
2.43442
2.48569
2.52832
2.423
2.48406
2.4625
2.43177
2.38585
2.41623
2.40095
2.50546
2.52689
2.4074
2.41525
2.5107
2.51388
2.46937
2.37358
2.4314
2.49783
2.48471
2.41866
2.42401
2.44241
2.421
2.35818
2.42494
2.54715
2.38152
2.42283
2.42643
2.5279
2.46216
