0.0968877
0.0287819
0.063171
0.0539607
0.0454932
0.0219138
0.0261942
0.0278212
0.0214134
0.0122881
0.020905
0.0163623
0.011952
0.0120608
0.0163155
0.00970571
0.0139816
0.0162577
0.025673
0.0220892
0.0134024
0.0122726
0.0182401
0.0126687
0.0264367
0.015243
0.0177187
0.0254878
0.0150244
0.0168551
0.0108188
0.0284162
0.0109006
0.017186
0.0163917
0.0183968
0.0201967
0.0178792
0.0147887
0.0129016
0.00973108
0.0218077
0.0117068
0.0160172
0.0132593
0.0149496
0.0148359
0.0146384
0.0104182
0.0141319
0.0169189
0.027506
0.0123635
0.0118165
0.0190203
0.0275071
0.00957983
0.0184637
0.0222542
0.0288789
0.0157183
0.0165845
0.018315
0.0308907
0.0185263
0.0227642
0.0284967
0.0207205
0.0219491
0.015379
0.0189359
0.0406519
0.0344908
0.0247809
0.0328892
0.0195219
0.0314709
0.0150899
0.0464933
0.0252016
0.0255328
0.0388172
0.0251635
0.0345146
0.0257853
0.0443001
0.0356743
0.0326589
0.0416036
0.0399234
0.0483443
0.033117
0.0659677
0.0549478
0.0375438
0.046512
0.0315099
0.0371635
0.0406258
0.0746062
