1.00408
1.00395
1.00415
1.00394
1.00411
1.0041
1.0042
1.00404
1.00407
1.00424
1.00415
1.00397
1.00421
1.00408
1.00414
1.00436
1.0042
1.00408
1.00425
1.0041
1.00413
1.00422
1.00405
1.00397
1.00397
1.00449
1.00421
1.00404
1.0038
1.00374
1.00405
1.00382
1.00387
1.00418
1.00407
1.00414
1.0053
1.0053
1.00741
1.00383
1.00396
1.00533
1.00388
1.0042
1.00397
1.00649
1.00302
1.00523
1.00374
1.00402
1.00293
1.00384
1.00452
1.00403
1.00417
1.00412
1.00763
1.00346
1.00389
1.00459
1.00453
1.00975
1.01283
1.00667
1.00606
1.00506
1.00484
1.00474
1.00558
1.00603
1.00399
1.00768
1.00539
1.01006
1.0048
1.00435
1.00519
1.00514
1.00776
1.00761
1.00591
1.01124
1.0061
1.00594
1.00672
1.00703
1.00723
1.00718
1.01255
1.00472
1.00431
1.01007
1.00741
1.00521
1.00592
1.00045
1.00069
1.00661
1.00577
1.00633
1.00693
1.00595
1.00566
1.00964
1.00727
1.00728
1.00685
1.0065
1.0081
1.01058
1.00798
1.0086
1.01124
1.00872
1.00854
1.01268
1.00835
1.00975
1.01132
1.00772
1.01267
1.01105
1.01256
1.00915
1.01131
1.00681
1.01074
1.01048
1.00947
1.01655
1.0083
1.00917
1.01346
1.01105
1.0085
1.00822
1.01067
1.00957
1.01183
1.01687
1.00713
1.00339
1.01079
1.01393
1.01039
1.01156
1.01206
1.0126
1.01304
1.01632
1.00809
1.0105
1.00815
1.01101
1.0073
1.00678
1.0075
1.0094
1.01148
1.01075
1.00826
1.00967
1.0127
1.0095
1.01221
1.01049
1.01279
1.01139
1.01179
1.00798
1.01601
1.00809
1.0103
1.01171
1.01466
1.00878
1.01364
1.01682
1.013
1.0121
1.01319
1.01165
1.01017
1.01009
1.01108
1.01489
1.01552
1.01256
1.00992
1.01111
1.01252
1.00871
1.01484
1.00919
1.01015
1.01173
1.01038
1.01485
1.01289
1.00925
