9.97656
10.3448
9.80861
10.4957
11.3701
8.38185
10.619
10.9528
9.93281
11.5379
10.6766
13.5129
10.3728
11.2932
10.9421
11.2488
11.6233
13.3483
11.8793
10.686
12.2877
12.4141
11.3055
11.0747
9.9719
14.7759
12.124
10.8274
10.9908
9.5807
13.0313
11.5949
13.7488
11.2857
11.9771
13.8612
12.6993
12.4309
13.9985
15.1454
13.9907
13.6715
12.2166
14.3096
13.9793
13.2136
12.7448
12.6459
13.1765
13.4141
12.7386
12.7373
13.0855
13.0162
13.442
13.566
13.7044
12.1005
13.6738
11.976
12.3103
12.2173
13.2701
13.3465
13.4949
12.6612
13.4264
14.1976
13.0459
13.8257
12.4524
11.9909
14.8015
13.4252
13.1444
12.8307
14.6195
12.9966
12.6033
12.7747
12.3147
15.1223
14.2052
14.174
15.5517
13.7001
14.1082
14.8539
14.8612
13.3264
13.7998
13.1925
14.0197
15.1703
13.4664
14.7097
15.0716
13.5675
13.9388
13.5908
