4.43311
4.27717
3.94365
3.84416
3.97251
3.99534
3.95136
4.39989
5.2094
6.66534
7.57866
7.61822
7.24117
7.49489
7.32126
6.61372
6.45562
6.46073
6.99999
6.64869
6.90309
7.36806
6.77875
6.01757
5.8153
5.90744
6.12111
5.53527
5.26893
5.46642
5.4667
5.37216
5.18412
5.18749
4.93911
4.99728
5.10636
4.94275
4.96049
4.88144
4.96189
4.95887
5.13039
4.97507
4.78797
4.80266
4.94437
4.8684
4.82791
4.70173
4.77743
4.68547
4.69008
4.82508
4.43717
4.53612
4.43639
4.54967
4.41064
4.3499
4.45965
4.25424
4.42539
4.51433
4.38464
4.33431
4.29296
4.37151
4.31603
4.33068
4.17149
4.2478
4.16066
3.97815
4.01352
4.17022
4.02963
4.1146
3.98278
4.07346
4.09302
4.0073
3.94589
3.87147
3.89257
3.79992
3.86075
3.72395
3.73575
3.67737
3.78622
3.69033
3.74864
3.57777
3.63587
3.70204
3.67045
3.52418
3.58735
3.50318
3.54001
3.51699
3.39149
3.34052
3.47114
3.34789
3.47273
3.42731
3.4275
3.35662
3.37192
3.35423
3.33871
3.24294
3.28435
3.19071
3.27093
3.30921
3.16432
3.09772
3.15427
3.11706
3.0409
3.10686
3.03905
3.02432
3.07952
2.96155
3.0065
3.07897
3.0596
3.07482
2.98981
3.01896
2.89102
2.92593
2.90235
2.85384
2.852
2.82642
2.97702
2.91317
2.80535
2.72477
2.82802
2.75701
2.76471
2.72274
2.75039
2.74511
2.77953
2.74511
2.77186
2.71924
2.74249
2.71599
2.65369
2.64931
2.63523
2.71047
2.6093
2.60934
2.58857
2.57877
2.57806
2.57624
2.5955
2.53574
2.55337
2.57592
2.48364
2.54622
2.51077
2.54549
2.4633
2.40767
2.50083
2.44142
2.43959
2.40583
2.48372
2.3414
2.43589
2.41571
2.3539
2.41867
2.43877
2.36277
2.38444
2.30814
2.40987
2.30237
2.33223
1.64791
0.240418
0.236007
0.244712
0.259841
0.26008
0.280212
