6.87613
8.21494
8.26212
7.10965
8.3618
8.38129
6.51401
7.03437
8.32974
6.87227
8.18827
7.14333
8.34392
6.86403
8.19665
8.37228
8.31145
8.38182
6.97383
7.09766
8.35528
6.59089
7.32729
6.8381
6.78631
6.67401
6.86555
6.78748
6.77631
6.89846
6.91811
6.711
7.1267
7.06332
7.13169
7.0822
8.37062
6.74422
7.19092
6.91082
6.42776
6.79659
7.21371
6.85225
7.45789
6.68088
6.87734
6.92143
6.88486
7.32923
6.8844
6.82546
6.82468
6.79329
6.95653
7.1119
7.27519
6.80595
6.79446
8.25478
6.68151
7.23292
6.3858
6.75573
7.36553
6.83034
7.30828
6.76873
6.88648
7.17844
6.89935
7.21534
8.03323
7.95636
6.6009
8.99148
8.44457
6.70113
6.73014
7.82193
7.11022
8.65248
6.68188
6.71469
7.90486
9.44663
7.03598
8.34639
7.93054
8.04843
9.19396
8.80578
8.30867
8.64797
8.34777
9.1818
8.47221
9.06563
7.55817
7.77088
9.13799
7.14325
7.71297
8.16976
9.15832
8.15677
8.90942
8.11584
8.63482
8.44443
8.98239
9.1589
8.98871
9.10621
9.39467
8.63331
8.87788
8.4577
9.16624
9.45076
8.671
9.22143
9.06574
8.98265
9.09771
8.81474
9.31477
9.16662
9.12815
9.17455
8.70715
8.98687
9.30201
8.8722
8.79777
8.77971
8.81227
8.88768
8.99545
9.12123
9.09083
8.8875
9.27525
9.11839
8.86747
8.95644
9.10864
8.99545
8.9445
9.03712
8.98925
8.91665
9.09705
9.12558
9.10732
9.09449
9.09577
9.52066
9.15156
9.10413
9.15164
8.64207
9.30777
9.13649
9.21472
9.04043
9.04925
9.30645
9.13312
9.14029
9.16145
9.1741
9.04864
9.21472
9.03869
9.02996
9.15848
9.05142
9.13444
9.21472
9.1423
9.19544
9.04649
9.13607
8.99545
9.12753
9.16502
9.11247
9.16359
9.21472
9.29367
9.10106
9.13607
9.24777
8.96072
8.98687
9.10725
9.14946
8.93121
9.33955
