36.6439
36.5197
36.6947
36.6184
36.5355
36.6531
36.7707
36.5933
36.5982
36.5145
36.6261
36.6031
36.7166
36.5381
36.7774
36.664
36.5726
36.511
36.6626
36.587
36.5951
36.6457
36.6586
36.6291
36.6807
36.84
36.729
36.6627
36.6298
36.3894
36.6655
36.6424
36.5637
36.6962
36.4956
36.4226
36.7017
36.5046
36.5739
36.4898
36.523
36.2475
36.5939
36.074
36.4566
36.3312
36.5212
36.6248
36.3651
36.2854
36.3093
36.4796
36.1737
36.4149
36.3271
36.51
36.4214
36.4297
36.2526
36.6773
36.2776
36.6069
36.5832
36.3802
36.1498
36.4663
36.3071
36.318
36.2095
36.4057
36.3211
36.1892
36.3581
36.6223
36.2289
35.8355
35.6382
36.146
36.1431
36.6541
35.7937
35.9639
36.1402
35.5089
36.6487
36.3471
36.3196
36.252
36.0246
36.3335
36.0656
36.042
36.0419
36.0532
36.3398
36.3535
36.2973
35.8741
35.9322
36.2465
36.0786
36.2897
35.7027
35.9482
36.2633
35.9431
36.1862
35.6802
35.5448
36.0823
35.8539
36.0228
36.1277
35.6281
36.1963
36.2765
35.9379
36.4669
35.8496
36.188
36.3593
35.9426
35.829
35.4114
36.4785
35.907
36.2186
36.0213
35.6918
35.7715
36.2411
35.9783
35.7518
35.4518
36.0249
35.7507
36.3725
35.3992
36.0179
35.482
36.1911
35.8918
36.1816
36.4049
36.4655
35.9043
35.9058
36.1167
35.7746
35.9819
36.1924
35.8936
35.6776
36.0339
36.1467
36.294
35.9298
35.8384
35.6822
35.9849
35.8655
36.1658
35.8082
35.8329
35.9466
36.0306
35.7848
36.0916
36.0626
35.6163
36.0635
35.0334
35.6004
35.6211
35.4153
35.7092
35.9901
35.8139
35.6391
35.8506
35.4522
35.4484
36.0524
35.6864
36.1265
35.3037
36.0507
35.6599
35.6192
35.4461
36.1414
35.722
35.5311
35.9003
35.9087
35.7929
35.7007
36.4166
36.2049
36.4674
