8.39214
6.53588
7.31606
9.30906
8.79558
8.89904
8.58786
8.22732
8.42806
9.03962
8.73841
9.20423
8.92725
7.973
4.72472
5.07145
4.94558
4.8609
4.92485
4.98735
1.8354
0.646818
0.661027
0.629238
0.628276
0.615564
0.6352
0.622139
0.597998
0.619009
0.624607
0.60663
0.585782
0.62373
0.597944
0.593136
0.596678
0.588395
0.606825
0.588542
0.57244
0.570636
0.578756
0.559364
0.5697
0.559022
0.566359
0.56684
0.552011
0.538349
0.546775
0.545007
0.529264
0.552649
0.552592
0.522502
0.555414
0.550353
0.538515
0.550044
0.553775
0.562131
0.555481
0.576673
0.57754
0.580942
0.567287
0.607368
0.59274
0.583537
0.602163
0.574555
0.593249
0.598108
0.598762
0.598068
0.579208
0.57788
0.578991
0.583198
0.57246
0.581972
0.593981
0.56997
0.562383
0.560713
0.544841
0.564873
0.568543
0.564233
0.567012
0.557743
0.561258
0.542268
0.562049
0.55499
0.547722
0.548134
0.557997
0.535396
