0.0858887
0.00850317
0.00550591
0.00283791
0.00268786
0.00269134
0.00293881
0.00273325
0.00277141
0.00964271
0.0144664
0.0302076
0.0144973
0.0166277
0.0119656
0.00757629
0.00767294
0.00976748
0.0144456
0.0144558
0.00782725
0.0128402
0.0109343
0.0101719
0.0100161
0.0156238
0.0192625
0.0160908
0.0144387
0.0138742
0.01591
0.0223396
0.0208056
0.0160387
0.013317
0.0168496
0.026457
0.0136462
0.0171001
0.0190945
0.0230813
0.0367552
0.0288253
0.0320793
0.0428721
0.0463444
0.0361555
0.03599
0.0358868
0.0397338
0.0232184
0.0437302
0.0405021
0.0340503
0.0479543
0.0387977
0.04081
0.0427695
0.0742234
0.0340457
0.0352653
0.0484563
0.0482222
0.0458643
0.0484517
0.0450692
0.0419556
0.0548383
0.045926
0.0412599
0.0683408
0.0358901
0.0642503
0.0559847
0.0520012
0.0496875
0.0531117
0.0606035
0.0475681
0.0532335
0.0404081
0.0489836
0.0472454
0.0559308
0.0305701
0.0466895
0.0395622
0.0477685
0.0512333
0.041849
0.0336045
0.0317145
0.0286438
0.0340095
0.0227897
0.0401647
0.0438645
0.0369613
0.029506
0.02361
