77.7842
77.7832
77.8532
77.8136
77.7169
77.7419
77.8551
77.8008
77.8582
77.8796
77.7741
77.7603
77.8198
77.8243
77.7847
77.7319
77.7863
77.8209
77.7433
77.777
77.8625
77.8327
77.7602
77.8099
77.8114
77.8382
77.8396
77.779
77.7161
77.7243
77.8144
77.8446
77.7939
77.832
77.7803
77.7604
77.8137
77.8411
77.7496
77.7859
77.8577
77.689
77.7129
77.7298
77.7938
77.7626
77.7606
77.7891
77.6393
77.5631
77.5737
77.7986
77.7886
77.7771
77.8206
77.7507
77.7792
77.6982
77.7597
77.7984
77.7592
77.7859
77.7918
77.528
77.4508
77.2248
77.8586
77.1895
77.005
77.6083
77.566
77.0088
77.2386
77.5846
76.911
77.5585
77.6006
77.0196
75.9695
75.9667
77.007
77.5965
77.4488
77.2249
77.0404
77.35
77.0789
77.2828
76.0852
76.824
77.302
76.6227
76.8012
75.6764
77.019
76.9582
77.0166
76.6527
77.0158
76.2141
75.7878
77.5461
76.6166
76.1092
76.536
76.563
76.3046
76.1811
76.8789
75.7959
76.5858
75.6294
75.529
75.696
75.8131
76.1297
75.777
75.7189
75.3285
77.6487
76.1046
76.444
75.5162
76.5999
76.2503
75.9488
76.1263
74.6659
77.1593
77.2392
75.8995
76.7235
75.4343
76.5656
75.5594
75.6498
76.7617
76.2443
76.8223
75.801
76.0126
75.416
77.004
74.511
76
76.5563
76.0593
76.7393
76.4502
76.2423
76.2479
76.5901
76.3955
76.4551
74.5066
75.7719
75.5813
75.6201
77.0053
76.4279
77.0518
74.4796
76.9926
74.9784
76.1259
76.0858
76.1809
75.6428
75.2901
76.6163
75.7008
75.8077
74.8004
75.3521
76.013
74.8404
75.5971
76.331
77.2345
75.6554
76.9353
74.9884
75.5852
75.4932
75.4531
76.0976
75.3244
76.1187
75.6067
75.358
76.6422
77.1317
75.8079
75.8891
75.0309
75.3565
75.7448
76.5106
76.0892
75.1121
