10.5129
11.114
11.1346
11.2367
12.3368
12.1687
10.8878
9.04318
12.225
9.96305
11.0618
11.2977
11.4447
11.9919
11.8195
11.7863
12.1051
11.8884
11.3173
12.0907
12.2619
11.9954
12.1715
10.5747
10.2511
11.2059
12.1458
11.9203
11.4774
11.8903
12.2647
11.9417
12.0362
12.2865
11.2609
12.2659
12.2915
11.864
11.1964
12.2386
12.3632
12.3441
12.4632
11.8929
12.349
12.3377
11.9787
12.2592
12.3465
12.3944
12.2616
11.6425
12.3222
12.1056
12.2069
12.2787
12.3101
12.3345
12.2211
12.4854
12.1545
12.21
12.1913
12.3794
12.2127
12.2303
12.1767
12.1691
12.1543
12.3202
12.3474
11.9838
12.2835
12.2401
12.2853
12.2327
12.3917
11.8179
11.9739
12.3835
12.0337
12.3554
12.2137
12.3869
12.3394
12.2539
12.2849
12.288
12.0723
12.2209
12.1867
12.3935
11.7949
11.3624
12.3518
11.7089
11.9866
11.8308
11.3214
11.0564
11.6575
11.2839
11.7501
10.6998
11.6548
11.5865
11.6764
11.9053
11.8474
12.1915
11.9091
12.398
11.7773
11.7306
11.6483
11.2346
11.2589
12.4653
11.9143
12.2853
11.6803
12.1929
12.2388
11.1749
11.5374
11.4298
11.2557
11.9702
11.9373
12.38
12.4106
12.3167
11.9511
11.8173
12.3775
12.3762
11.9774
12.0477
12.2114
12.2266
11.7441
12.5985
12.3914
11.4408
11.6596
12.2118
11.6254
12.0259
12.2966
11.5434
12.644
12.2986
12.2828
12.3612
11.9544
11.315
11.9817
12.4481
12.1356
12.2362
11.918
12.0019
12.48
11.3604
12.2903
11.8265
12.2622
12.1452
11.7363
12.2286
12.0117
11.8594
12.2424
11.7738
12.2982
12.4078
12.1514
11.9977
12.3197
12.125
12.3719
12.3328
11.6214
12.2203
11.5916
12.0019
12.0559
12.2138
11.8429
12.2462
11.9244
12.1537
12.4225
12.4403
12.3345
12.1566
12.2981
11.7703
12.2135
12.3682
