1.5132
1.58425
1.65062
1.58292
1.50147
1.56772
1.57028
1.52217
1.52317
1.58702
1.54587
1.55643
1.5217
1.61818
1.58743
1.5757
1.57831
1.53454
1.52388
1.58023
1.52014
1.65544
1.55314
1.52136
1.58546
1.53395
1.60567
1.60023
1.56274
1.54584
1.53646
1.58303
1.54366
1.59991
1.63734
1.56187
1.6186
1.54465
1.59849
1.5926
1.60202
1.62376
1.60972
1.61295
1.64678
1.59893
1.56601
1.65917
1.55159
1.63091
1.56479
1.59218
1.61191
1.61403
1.63507
1.54919
1.60112
1.58861
1.61485
1.64515
1.70323
1.68424
1.65619
1.71936
1.67262
1.70222
1.78011
1.80792
1.811
1.81811
1.81596
1.79891
1.80476
1.79314
1.78505
1.80224
1.81176
1.81893
1.81609
1.76732
1.80299
1.81147
1.81907
1.81471
1.80334
1.81559
1.81279
1.81985
1.80583
1.81208
1.81765
1.81543
1.81806
1.81694
1.80077
1.7762
1.81766
1.81832
1.81677
1.82039
1.81736
1.81703
1.81737
1.81668
1.80345
1.81628
1.81228
1.81638
1.81662
1.81677
1.81756
1.81809
1.81642
1.81958
1.81301
1.81833
1.81751
1.81242
1.81616
1.81818
1.8154
1.81734
1.81697
1.81285
1.82108
1.82026
1.8168
1.81419
1.8171
1.81566
1.81983
1.81659
1.81918
1.81988
1.81757
1.81876
1.82074
1.81566
1.81876
1.81802
1.82083
1.81807
1.81972
1.82106
1.81619
1.81178
1.82012
1.80835
1.81853
1.81809
1.81682
1.82163
1.81817
1.82138
1.81168
1.82148
1.81683
1.82179
1.82091
1.81612
1.8195
1.81731
1.8155
1.82196
1.82188
1.82148
1.81983
1.82093
1.82098
1.81863
1.81559
1.81673
1.8167
1.81937
1.82185
1.81912
1.82188
1.81445
1.82041
1.81872
1.81817
1.81802
1.81938
1.81796
1.81882
1.8206
1.81673
1.81946
1.81565
1.81718
1.817
1.82
1.82073
1.81876
1.8086
1.81957
1.81933
1.81733
1.81752
1.82057
