0.112532
0.0683584
0.0734442
0.0707194
0.0754278
0.0904022
0.0967026
0.105628
0.100147
0.0959608
0.0931203
0.0897239
0.0926553
0.0916279
0.0921733
0.0914985
0.0943456
0.0871278
0.0927344
0.088202
0.0898476
0.0883989
0.0880206
0.0899115
0.0892977
0.0913688
0.0892779
0.088397
0.0893305
0.0893079
0.0873617
0.0868741
0.0895496
0.0888904
0.0868062
0.086663
0.0875279
0.088659
0.0864862
0.0848341
0.0869087
0.08135
0.0816007
0.0822399
0.044292
0.00905979
0.0060286
0.00403357
0.00391335
0.00375542
0.00386765
0.00429155
0.0044573
0.00416446
0.00431024
0.00413435
0.00424817
0.00427935
0.00427901
0.00421127
0.00355453
0.00350077
0.00342632
0.00353181
0.00339353
0.00355752
0.00346017
0.00349344
0.00357694
0.0034955
0.00360021
0.00361434
0.00342909
0.00349466
0.00346238
0.00364029
0.00346124
0.00322164
0.00333353
0.00336265
0.00338836
0.00344145
0.00368991
0.00339891
0.00350144
0.00346413
0.00334878
0.00336056
0.00343473
0.00318421
0.0032674
0.00344785
0.00335796
0.00349446
0.00328929
0.00353481
0.00330986
0.00338574
0.00329082
0.00344468
0.00342031
0.00349182
0.00345442
0.00338157
0.00328573
0.00336424
0.003507
0.00350304
0.00333074
0.00329425
0.00330018
0.00348397
0.00339355
0.00347404
0.00333672
0.0033574
0.00339735
0.00338366
0.00351203
0.00328945
0.0034455
0.00333239
0.00329271
0.00332419
0.00347211
0.00335193
0.00324536
0.00327168
0.0033465
0.0032059
0.00344402
0.00337039
0.00312787
0.00324718
0.0032926
0.00303745
0.00308562
0.00331507
0.0032109
0.00313883
0.00319962
0.00314497
0.00319366
0.00330992
0.00325046
0.00314879
0.0032738
0.00312157
0.00303482
0.00325608
0.00320736
0.00308852
0.00315567
0.00324566
0.00314422
0.00311052
0.0030883
0.00325788
0.00306104
0.00313797
0.00308171
0.00324266
0.00325728
0.00323786
0.00315732
0.00307285
0.00314705
0.00323644
0.00310403
0.00321672
0.00305943
0.00317145
0.00310006
0.00298038
0.00297561
0.00301049
0.003021
0.00302254
0.00296269
0.00296097
0.00292951
0.00308939
0.00293923
0.00294593
0.00305909
0.00299739
0.00303379
0.0030395
0.00298758
0.00302255
0.0029807
0.00307587
0.00300621
0.00292782
0.00295364
0.00293403
0.0032435
0.00303211
0.00300935
0.00305452
