1.08788
1.09821
1.11529
1.09896
1.12093
1.20165
1.10749
1.09893
1.11298
1.10518
1.11714
1.12505
1.13287
1.19614
1.12251
1.08206
1.11388
1.19614
1.12488
1.1205
1.10166
1.13785
1.15484
1.12899
1.09841
1.09261
1.10923
1.1011
1.11943
1.13587
1.11856
1.10136
1.11104
1.10106
1.10572
1.12168
1.16416
1.1598
1.17588
1.12425
1.10582
1.16185
1.11833
1.10696
1.09716
1.09123
1.22619
1.12007
1.13329
1.15334
1.10147
1.14531
1.17417
1.16701
1.13228
1.12304
1.10185
1.11865
1.16354
1.20111
1.16822
1.12184
1.10023
1.08093
1.12002
1.17292
1.10223
1.15217
1.13745
1.10506
1.12856
1.20013
1.16007
1.11274
1.22406
1.10691
1.23729
1.11539
1.10759
1.09126
1.15633
1.1238
1.21653
1.13112
1.15319
1.16929
1.23008
1.3493
1.19154
1.2789
1.19962
1.15661
1.15555
1.1818
1.18059
1.16648
1.26495
1.2028
1.14334
1.28609
1.18753
1.22933
1.25145
1.23047
1.18966
1.26189
1.26865
1.26131
1.18494
1.19675
1.12109
1.19208
1.31313
1.23934
1.20022
1.25436
1.22354
1.2056
1.20566
1.23872
1.21429
1.26118
1.29246
1.23191
1.23269
1.17862
1.25376
1.23793
1.2713
1.27266
1.21201
1.18556
1.24485
1.1761
1.25518
1.24895
1.17112
1.17449
1.20152
1.18346
1.23277
1.29643
1.1803
1.29579
1.25967
1.23686
1.20691
1.28937
1.27894
1.26397
1.28275
1.19358
1.26128
1.22961
1.26361
1.21809
1.2479
1.25816
1.19973
1.20197
1.23793
1.2576
1.19076
1.19542
1.23912
1.30176
1.26778
1.26908
1.25229
1.22394
1.25481
1.25303
1.24247
1.25299
1.21981
1.21947
1.27369
1.27377
1.24027
1.25518
1.18122
1.33628
1.26115
1.21591
1.25998
1.24867
1.26906
1.27405
1.24923
1.24928
1.26338
1.18748
1.28677
1.26269
1.27119
1.22758
1.22014
1.25056
1.28824
1.24259
