43.4352
47.6155
43.3066
60.7355
41.9183
52.2558
62.7684
68.2537
61.2572
76.3044
81.0707
85.1675
75.2758
85.543
83.9901
88.3003
85.928
87.9551
88.1399
86.6529
87.1503
88.1716
88.653
88.9534
87.7759
86.9676
88.4982
88.8121
88.653
88.653
88.7567
88.5795
88.653
88.653
88.8121
88.8121
88.7384
88.7545
88.653
88.9104
88.7567
88.7545
88.653
88.7545
88.653
88.8121
88.7545
88.9104
88.9534
88.653
88.653
88.9534
88.9104
88.7384
88.653
88.9534
88.653
88.653
88.9104
88.9104
88.653
88.8121
88.8121
88.8121
88.653
88.653
88.653
88.7545
88.653
88.653
88.7567
88.7545
88.7545
88.653
88.653
88.653
88.653
88.653
88.653
88.653
88.653
88.653
88.653
88.653
88.653
88.653
88.653
88.653
88.653
88.653
88.653
88.653
88.653
88.653
88.653
88.653
88.653
88.653
88.653
88.653
