11.1006
11.2392
11.4959
9.96173
10.5973
8.50825
9.90424
10.5944
13.9219
10.4684
13.1262
10.2996
9.09217
8.91856
8.84146
9.31223
10.2145
10.9351
10.5988
11.8461
10.9687
11.4832
10.1999
12.305
10.8617
9.65798
11.8798
10.4351
11.242
11.1315
12.2349
10.9037
13.9309
9.46189
11.8264
10.3116
11.4043
10.9089
10.9039
9.96022
11.9448
11.243
13.0272
11.6314
12.1123
10.9884
10.3793
10.7567
13.0352
11.0429
11.8537
10.8248
10.9469
12.3609
10.3293
11.1263
12.1187
12.6732
10.4063
12.4231
10.9922
10.6408
11.8976
11.0344
13.6281
10.0308
11.1929
10.9208
11.4969
11.3081
9.88407
10.2399
11.3333
11.6357
11.8392
9.85811
10.5843
10.7015
10.9787
10.438
12.7582
10.4312
10.5661
11.7075
10.1216
11.0184
11.8306
11.1173
10.1762
11.3608
9.98483
10.0743
9.9085
10.1269
10.5026
10.2882
9.87401
9.955
10.8287
10.1242
