70.9535
70.9369
70.9285
70.9876
70.9495
71.007
71.0396
70.9545
70.9354
70.9427
70.954
70.9571
70.9614
70.9959
71.0323
70.9414
70.8884
70.8772
70.9626
70.9416
70.9545
70.9792
70.9843
70.9804
70.9697
70.9875
70.8456
71.019
70.9732
70.9383
70.9243
70.973
70.9798
70.9958
71.0276
70.9376
70.9245
71.012
70.9989
70.9604
71.0143
70.9081
71.0074
70.9497
70.9366
70.9561
70.9762
70.9118
70.9193
70.9619
70.965
70.893
70.8339
70.7639
70.8734
70.9094
70.9241
70.8645
70.8956
70.8803
70.9737
70.552
70.9676
70.7876
70.5533
70.9306
70.8786
70.5989
70.307
70.9491
70.4477
70.4807
70.5595
70.7626
70.5633
70.7548
70.5843
70.7826
70.7652
70.816
70.5976
70.142
69.8005
70.9726
70.7787
70.5521
70.7437
70.4443
70.2683
71.0181
69.901
69.8321
70.9691
70.5434
70.3559
70.1792
69.8171
70.2499
70.3022
70.2733
69.4533
69.4429
69.8966
70.2988
69.8128
70.3012
69.9345
70.5767
70.675
69.8823
70.212
70.8128
70.5845
68.9916
70.9104
70.3151
69.77
70.1865
69.4723
70.316
69.9316
70.6255
69.82
70.288
70.5926
69.3141
69.9333
70.547
69.6043
70.9517
70.5872
70.2454
69.4318
69.9313
70.3034
68.8302
69.5012
69.5108
70.7676
70.3141
70.4862
69.7117
70.7954
70.007
69.459
70.6041
69.4962
69.7536
69.8508
68.9966
70.8664
69.7225
70.3038
70.8228
69.3964
70.6242
70.7727
70.8094
69.5126
69.6113
70.5989
69.6803
69.9233
70.0272
70.4526
70.9111
70.1028
70.5753
70.7259
70.452
69.8702
70.5423
70.0065
69.7968
70.7911
70.6477
70.5778
69.2624
70.1814
70.1356
70.1037
69.8752
70.4112
69.4474
69.922
70.7553
70.0758
69.6592
70.6855
70.2821
70.2382
70.364
70.2345
70.1398
70.0238
68.9629
70.8013
69.6924
69.8124
68.3747
