57.4891
57.4667
57.3484
57.3063
57.3866
57.2865
57.3764
57.4521
57.4431
57.472
57.1904
57.4496
57.4242
57.4545
57.3212
57.3981
57.3581
57.4685
57.4698
57.4536
57.4867
57.3371
57.418
57.3716
57.4205
57.3011
57.2803
57.4605
57.1121
57.1699
57.1067
57.4636
57.3003
57.3241
57.2144
57.4321
57.3262
57.0298
57.0961
57.1276
57.3449
57.3944
57.154
57.4359
57.1921
57.4207
57.2187
57.0008
57.4318
56.4457
57.2867
57.4243
57.1998
57.2902
57.4412
57.2748
56.7673
57.385
56.9287
56.9583
57.3354
57.267
56.7382
57.2896
57.0911
57.097
56.8542
56.9804
57.0602
56.7734
57.1368
56.854
57.3123
57.0733
57.0912
57.1095
57.4425
56.9785
57.4481
57.1771
57.2467
56.7975
57.1046
56.9764
56.9954
57.4587
56.3903
56.3647
56.8146
57.0535
57.0579
57.3103
57.2
56.4731
57.328
56.4195
56.628
56.7877
56.5669
56.2533
56.3873
56.7261
56.7692
55.4204
56.7465
56.5632
56.6275
56.8137
56.8073
56.4516
56.4831
55.7242
56.4869
56.2892
56.3063
56.4812
56.7422
56.4616
57.1665
56.3269
56.0266
56.6223
55.8235
55.6308
57.1316
55.4712
53.8283
55.836
55.3343
56.0183
56.1634
56.8453
56.591
56.0544
56.3793
55.9645
56.4519
56.6619
56.863
55.7315
55.6987
56.9277
56.5157
56.7296
56.3763
56.3898
56.1296
55.5689
56.7666
55.9243
55.9752
55.5568
55.9745
55.9938
55.8743
56.4358
56.4356
55.8969
55.6711
56.0509
56.9121
56.3439
55.4484
56.0406
56.0423
56.1655
55.4869
55.7307
56.4493
56.552
55.7343
56.0018
56.0184
55.7337
55.8767
55.5776
55.394
56.0891
55.7512
55.6933
55.8379
55.7486
55.8995
55.7783
56.4349
55.5626
55.8541
55.8288
55.8987
56.0464
55.9766
56.5169
55.7156
55.8625
55.7046
56.605
55.6647
56.4621
56.1102
55.611
