1.00057
1.00032
1.00186
1.00126
1.00081
1.00236
1.00132
1.00045
1.00134
1.00104
1.00421
1.00307
1.00104
1.00152
1.00248
1.00374
1.00204
1.00194
1.00073
1.00071
1.00065
1.00427
1.00309
1.00396
1.00265
1.00222
1.00384
1.00115
1.00284
1.00347
1.00263
1.00236
1.00607
1.00826
1.00419
1.00135
1.00286
1.00226
1.00481
1.0106
1.00286
1.00385
1.00275
1.00566
1.00314
1.01065
1.00575
1.00383
1.00429
1.00747
1.0044
1.00536
1.00575
1.01153
1.00583
1.01091
1.00815
1.00673
1.0074
1.00929
1.01004
1.0079
1.00683
1.01076
1.00747
1.00885
1.02088
1.02305
1.01183
1.00899
1.01594
1.00907
1.01129
1.01008
1.0061
1.01214
1.01075
1.00639
1.01271
1.01137
1.01003
1.00606
1.00937
1.01245
1.00885
1.0208
1.01088
1.00984
1.01363
1.00862
1.00955
1.02835
1.01498
1.01368
1.01232
1.0111
1.01291
1.00878
1.00843
1.00975
1.01261
1.00978
1.00742
1.0207
1.01109
1.01007
1.01199
1.01406
1.01435
1.01195
1.01368
1.01091
1.01095
1.0132
1.01065
1.01096
1.01238
1.01125
1.01238
1.00919
1.02181
1.0113
1.01484
1.01148
1.01095
1.01172
1.01393
1.01106
1.01379
1.01372
1.01435
1.01424
1.01187
1.02022
1.01517
1.01502
1.01291
1.01385
1.01513
1.0145
1.01473
1.01354
1.03354
1.0309
1.03594
1.02027
1.01438
1.01351
1.02791
1.02827
1.02829
1.01084
1.0136
1.0115
1.02649
1.01558
1.01419
1.01436
1.02833
1.01298
1.01363
1.012
1.01204
1.01336
1.01449
1.02218
1.01566
1.02035
1.02943
1.01405
1.01513
1.02292
1.01472
1.01722
1.01549
1.01273
1.03592
1.01429
1.0209
1.02841
1.02559
1.02044
1.01488
1.01299
1.01289
1.02806
1.0204
1.01417
1.01386
1.01543
1.03585
1.02309
1.01358
1.01244
1.03348
1.0313
1.03593
1.02811
1.03142
1.01429
