5.20834
6.29076
3.84721
3.81934
4.04105
3.70156
3.81023
3.8783
4.14408
4.28279
5.21071
6.69791
7.97808
8.29075
8.94095
9.28601
10.5166
11.167
11.9286
11.7238
12.2382
12.3171
12.3834
12.822
12.8252
12.3642
12.3912
12.2378
11.7472
12.4158
12.1687
11.9055
12.0678
12.0868
12.0352
12.4076
12.0844
11.86
11.8751
11.8957
11.5389
11.6795
11.4349
11.472
11.5679
11.5125
11.1627
11.3235
11.0208
11.0621
10.8756
10.8504
10.3135
10.2689
9.86309
9.53891
9.54609
9.16741
8.99508
8.97841
8.59231
8.51526
8.43164
8.1161
8.06319
7.95006
7.62657
7.71771
7.53262
7.45113
7.52395
7.40385
7.5605
7.48427
7.61689
7.66804
7.82284
7.6052
7.71358
7.60722
7.83275
7.79494
7.83927
8.13725
8.14124
8.10047
8.36168
8.35886
8.53211
8.77278
8.64942
8.75531
8.91538
9.13186
9.36974
9.23744
9.43091
9.30549
9.52141
9.8843
