6.23318
5.08848
6.96575
8.37152
8.79123
8.607
8.32874
8.63022
8.36146
8.66048
8.61308
8.38577
8.89533
8.58754
9.02381
8.84161
8.91782
8.76741
8.40676
8.72888
8.33567
8.01064
7.28183
5.90981
4.33482
3.1492
2.45372
2.64619
2.47328
2.57791
2.53742
2.87838
2.71115
2.95725
2.96679
2.94774
2.92141
3.03676
3.18212
3.35739
3.44533
3.3209
3.41864
3.31177
3.53136
3.43673
3.43247
3.4972
3.67075
3.58239
3.51525
3.81667
3.64577
3.72004
3.7772
3.67967
3.70172
3.65571
3.85623
3.74159
3.49133
3.49221
2.89611
3.10814
3.32727
3.25062
3.46082
3.27758
3.34924
3.37809
3.37182
3.51669
3.36335
3.49993
3.43269
3.50007
3.50359
3.49764
3.35262
3.47414
3.46095
3.47229
3.27611
3.59957
3.50276
3.42369
3.54582
3.46742
3.47682
3.40977
3.47666
3.3459
3.61419
3.56959
3.44868
3.45316
3.28292
3.35878
3.3068
3.44359
3.39548
3.4673
3.35452
3.37706
3.53243
3.37208
3.4565
3.4474
3.28155
3.30392
3.24644
3.16666
3.29578
3.31523
3.35808
3.11652
3.40943
3.27653
3.32277
3.31175
3.27652
3.38301
3.33134
3.30137
3.39343
3.26644
3.28311
3.16824
3.31088
3.26055
3.15086
3.19228
3.11586
3.17899
3.37688
3.03808
3.09339
3.09735
3.20963
3.20035
3.16605
3.18978
3.22412
3.16235
3.03609
3.1238
3.11711
3.13584
3.10017
3.11595
3.05998
3.1262
3.00585
3.11289
3.17766
3.12805
3.14819
3.01287
3.06517
2.91954
3.01184
2.98787
3.06981
3.01557
3.02962
2.96668
2.93954
3.06263
2.99399
2.88322
2.94808
2.98351
3.0468
2.91673
2.77909
3.00152
2.94696
2.9838
2.9531
2.82836
2.93991
2.90818
2.91711
2.93028
2.82157
2.81309
2.79426
2.83246
2.73806
2.81075
2.78635
2.78014
2.82074
2.82958
2.87062
2.83691
2.78193
2.66965
2.79453
2.84816
