10.3194
8.86396
9.16345
7.81045
9.59157
8.53056
7.09409
8.71781
8.83428
8.08525
8.91738
10.0288
8.51869
9.46195
12.0059
10.0642
9.18701
8.20294
11.0779
7.61834
8.79536
9.73562
11.823
8.47257
8.04585
10.3331
9.92079
10.849
8.7977
10.0453
8.99486
8.9407
9.45151
10.4871
9.66486
8.51661
9.08247
9.33677
9.91908
10.0601
9.25528
9.94991
10.0967
10.4793
10.0085
10.5002
10.2066
10.0037
12.1843
9.83664
10.0632
12.9675
10.1107
11.1902
10.3314
11.345
10.6604
11.8903
10.4773
10.4182
10.2594
10.4482
11.7543
10.5178
11.8298
10.0757
10.038
10.7608
10.4136
12.9088
10.4545
10.0792
10.1508
10.254
10.179
10.0985
10.3239
10.5335
10.3816
10.0367
10.6177
10.607
10.6573
10.8811
10.2352
10.1384
9.9859
10.2055
10.1403
10.2217
10.3409
10.695
10.0719
10.0455
10.238
10.2997
12.8319
10.8884
10.263
10.2358
