10.5766
12.0046
11.4503
11.7231
13.6187
10.0359
9.59606
9.36384
8.99177
10.7917
10.684
12.5826
12.4765
11.5991
10.9179
10.7596
9.12548
11.5621
13.9252
12.5608
10.7367
11.9448
12.1487
11.7904
13.4147
12.4297
11.7087
11.1109
12.7792
13.1029
12.3979
11.9609
10.4458
13.3531
12.8066
13.9514
12.9413
12.3711
11.2301
11.2529
13.5131
11.6365
11.1065
12.0167
11.9138
11.4437
14.8474
12.1153
13.0054
13.3465
12.5614
12.1958
12.3948
11.6113
12.5783
12.5839
11.14
12.3177
11.5571
12.5431
11.044
11.9152
12.2631
12.4286
12.7165
12.2854
10.9885
11.7226
13.901
12.3239
11.2638
11.6362
11.5569
11.6983
13.6505
12.248
11.2903
11.2738
12.9292
11.1107
11.5947
11.9611
12.0553
11.4848
11.9552
11.1914
11.5189
11.5893
12.4455
11.0124
12.0645
11.2151
10.8488
11.2173
11.6069
12.0469
11.412
12.937
11.119
11.9204
