5.82555
3.6322
4.24755
4.62199
4.79385
5.39486
5.23838
4.81654
4.64123
4.61111
4.50612
4.58973
4.75012
4.82113
4.8673
4.97359
4.93438
4.87461
4.96656
5.05966
4.98865
5.17978
5.25951
5.28767
5.43573
5.32623
5.29569
5.21157
5.23566
5.23176
5.25466
5.04211
5.19286
5.09501
5.1551
5.00064
5.0344
4.98658
4.87414
4.77035
4.84954
4.81798
4.84598
4.84538
4.77752
4.73611
4.77311
4.75514
4.66727
4.68329
4.62952
4.54385
4.46025
4.38482
4.44392
4.35407
4.27696
4.23512
4.09035
4.12119
4.07003
4.09125
3.89487
3.89493
3.84039
3.81487
3.66049
3.64261
3.60511
3.59581
3.4985
3.56022
3.41225
3.4252
3.31848
3.45091
3.33861
3.20695
3.1868
3.21802
3.17229
2.99429
3.02509
3.04387
2.90069
0.957095
0.53292
0.571638
0.563104
0.548853
0.567923
0.564256
0.558586
0.5521
0.561907
0.55862
0.551077
0.552645
0.56143
0.561499
