0.512469
0.510531
0.63755
0.641467
0.596122
0.626075
0.624129
0.658728
0.62734
0.633046
0.62781
0.643994
0.672351
0.654192
0.638718
0.637476
0.649637
0.680516
0.466525
0.244138
0.23761
0.241383
0.251857
0.267603
0.240505
0.255942
0.262506
0.267022
0.268482
0.274119
0.265384
0.231396
0.170882
0.201218
0.244387
0.272648
0.264253
0.267842
0.257308
0.278539
0.281143
0.279104
0.276802
0.298726
0.309794
0.279969
0.310529
0.301293
0.29505
0.304142
0.316093
0.30825
0.325204
0.317726
0.316197
0.320011
0.319811
0.317531
0.326982
0.319882
0.327841
0.320151
0.325074
0.309462
0.336121
0.326622
0.300197
0.328977
0.328286
0.340579
0.315892
0.329845
0.320355
0.313825
0.336852
0.318709
0.333991
0.325951
0.335615
0.342595
0.341306
0.328365
0.342643
0.348418
0.353671
0.342353
0.353463
0.338887
0.333669
0.351638
0.346923
0.346142
0.341509
0.353702
0.354608
0.327389
0.342508
0.337138
0.357114
0.335997
0.354061
0.343991
0.346988
0.362045
0.358428
0.343881
0.354849
0.368395
0.344777
0.347648
0.3508
0.365775
0.361295
0.35697
0.352206
0.371967
0.369801
0.349926
0.36444
0.354083
0.376423
0.371686
0.357118
0.365647
0.362875
0.361862
0.361829
0.364126
0.360492
0.359549
0.37363
0.371164
0.355223
0.344569
0.360442
0.371619
0.369538
0.374763
0.346555
0.362032
0.360807
0.361945
0.367408
0.35782
0.366526
0.363582
0.352255
0.352124
0.361412
0.353065
0.352977
0.347449
0.362603
0.362895
0.354448
0.35653
0.346268
0.354244
0.345855
0.351217
0.355493
0.347966
0.368216
0.357423
0.361098
0.34885
0.346671
0.349183
0.342548
0.341508
0.346657
0.359962
0.355472
0.354652
0.340235
0.362075
0.3492
0.352857
0.354359
0.349039
0.354384
0.352248
0.345779
0.343981
0.365161
0.340029
0.344476
0.34921
0.347765
0.353333
0.3441
0.351369
0.333114
0.340178
0.328355
0.33092
0.331142
0.314334
0.334277
0.329852
