19.7416
19.4961
19.4757
19.7436
18.8921
18.9065
19.5742
20.1944
19.6953
19.6047
19.5015
19.3133
19.5547
19.2753
19.3776
19.3227
19.2061
19.7642
19.0901
19.1326
19.625
19.7493
18.9628
19.2501
19.3046
18.7674
19.2287
19.9431
19.2413
19.7924
18.8094
18.8309
19.8023
18.763
18.6673
18.5442
19.2769
18.5719
19.2803
19.4354
19.4944
18.6692
18.452
19.2958
18.4499
18.4705
19.1567
18.5489
18.7501
18.2132
18.3156
18.8087
18.4652
18.5286
19.2155
18.157
18.7469
18.5346
18.01
17.9398
18.5805
18.1983
19.396
19.0385
17.8031
18.2255
18.8069
17.8492
17.9724
18.105
18.0583
17.9369
18.1635
18.0464
18.2596
17.8193
18.0191
18.1358
17.756
18.0123
18.6603
17.9501
18.233
18.2659
17.832
18.3044
18.2549
17.8018
17.5777
17.884
17.8563
18.0089
17.7238
18.4984
17.9942
18.0022
17.7539
17.6368
18.0475
18.2288
