9.93884
6.3137
6.76587
6.23582
6.33161
6.43558
6.13593
6.2318
6.52967
6.06622
6.06188
6.14988
6.65627
6.58739
6.27135
6.3042
6.52864
6.54994
6.37836
6.58679
6.08235
6.30302
6.08434
6.37163
6.27434
6.07988
6.03206
6.12715
5.97582
5.98959
6.15905
6.13546
5.97633
5.8063
5.77718
6.02047
5.94787
6.04489
5.92788
5.95399
5.66105
5.68468
5.54205
5.81186
5.68936
5.45739
5.55554
5.62491
5.59961
5.70059
5.63334
5.74172
5.63298
5.61596
5.48878
5.74949
5.50381
5.43974
5.58616
5.49274
5.58768
5.52638
5.30092
5.28701
5.31843
5.40646
5.11069
5.42695
5.42668
5.2766
5.17218
5.1769
5.2539
5.17022
5.19086
5.24961
5.12506
5.1515
5.02978
5.3168
5.27386
5.21908
5.1484
5.24686
5.04456
5.15719
5.13603
5.15745
5.15443
5.05974
5.1389
5.28922
5.02989
5.01749
5.14702
5.11198
4.99206
5.3262
5.09421
5.18621
5.16905
5.18391
4.92508
5.08471
5.07253
5.14676
5.06292
5.02084
4.90442
5.11997
5.08725
5.04834
5.06752
5.22502
4.98076
5.00384
5.01001
4.8183
5.07539
5.04949
5.0163
4.93132
5.0487
5.06949
4.8339
4.94894
4.82538
5.03957
4.9934
4.89591
4.97896
5.18902
5.09577
5.08742
4.94669
5.03184
5.05488
5.00151
4.94373
4.98775
5.02833
4.9868
4.9697
5.03019
4.81483
5.03662
4.93523
4.83792
4.97442
4.95227
4.82711
5.07197
5.01246
5.10162
5.00395
4.97871
4.87431
4.87121
5.09986
4.9544
4.99376
4.87217
4.86756
4.90788
4.8998
4.82878
4.98161
4.99702
4.95211
4.70647
4.74249
4.86855
4.87904
4.8664
4.85873
4.73336
4.87188
4.75699
4.88272
4.82038
4.84485
4.82201
4.79549
4.86245
4.9093
4.79967
4.75027
4.90287
4.90798
4.84628
4.87778
4.85875
4.76925
4.87416
4.67963
4.77634
4.94848
4.82629
4.76917
4.839
