31.0774
24.8666
32.2923
41.102
36.8791
40.7872
41.0388
42.5423
43.2677
36.086
39.1476
46.8826
44.6665
43.5227
45.7281
42.5368
44.5238
46.0108
45.7719
42.281
46.5961
46.6701
46.6691
46.4864
46.8654
46.2028
46.7641
46.5358
46.7756
45.5578
46.8654
46.9475
46.8654
47.0348
46.8792
46.9353
46.7771
46.8654
46.0293
46.7407
46.9757
46.8654
47.022
46.9998
46.9475
46.8826
46.9904
46.8654
47.0931
47.0931
46.9475
46.9908
46.9757
46.9757
46.9938
46.889
46.9938
46.9757
46.8654
47.0555
47.0931
46.889
47.0931
47.0555
46.9475
47.0461
47.0931
46.9904
47.0461
46.9904
47.0766
46.9112
46.9757
46.9904
46.9112
46.9453
46.9112
46.9757
47.0461
46.9112
46.8654
46.9112
46.9112
46.9112
46.9112
46.9112
46.9112
46.8792
46.9112
46.9112
46.9757
46.9475
46.9112
46.9112
46.9112
46.9112
46.9112
46.9112
46.9112
46.9112
