10.7906
7.76737
10.3731
10.2527
9.87997
8.54221
10.5157
10.9866
11.2718
11.8414
10.395
11.5632
10.1319
10.415
10.7921
11.4253
11.5003
12.5734
12.2466
11.6018
10.9944
9.97948
11.8539
12.1031
10.8061
11.8696
11.6554
11.922
12.3622
12.0201
12.6765
12.5797
12.308
12.1282
12.1869
12.3813
11.9968
11.5006
11.9279
12.6953
12.2307
12.2009
12.3913
12.3158
11.6836
12.494
12.2877
12.6415
12.3945
12.2317
12.2923
11.58
12.4284
12.2096
12.0837
12.5414
12.4907
11.9072
12.5456
11.8514
12.5405
12.5132
12.4535
12.548
12.4333
12.1726
11.7637
12.4383
12.3587
12.1136
12.5232
12.5139
12.0416
12.093
11.9026
12.3301
11.4475
12.8282
12.3324
12.6045
12.1959
12.4381
12.6212
12.0112
12.2895
12.392
12.2017
12.6454
12.3471
12.4642
12.6475
12.6347
12.1252
12.0201
12.5076
12.7534
12.7489
12.6245
12.0956
12.3255
12.2404
12.5444
12.5535
12.3793
12.7128
12.3809
12.7156
12.6078
11.9022
12.7209
12.4711
12.5423
12.6184
11.8512
12.6989
12.734
12.6507
12.5086
12.6536
12.3942
12.5535
12.5545
12.3931
12.4629
12.7958
12.5858
12.6382
12.5113
12.8574
11.5916
12.6742
12.4332
12.5491
12.7231
12.5677
12.4348
12.6675
13.214
12.5501
12.5142
12.8811
12.6724
12.6626
12.5915
12.8193
12.7829
12.6885
12.6945
12.8059
13.1025
12.8551
12.7428
13.0691
12.8602
12.8663
12.9427
12.7495
12.7847
12.3514
12.8287
12.1221
12.3151
12.9738
12.7916
12.841
12.9144
12.6248
12.8854
12.6541
12.5174
13.0154
12.6616
12.6495
12.7798
12.664
12.6816
12.7927
12.8061
12.5154
12.623
12.7271
13.1098
12.8001
12.9
12.5588
13.1175
12.5867
12.9231
13.0466
12.8329
12.8705
12.7857
12.7414
12.8067
12.6949
12.8877
12.8251
12.8286
12.664
12.745
