56.501
40.7028
48.6368
60.2807
58.2676
60.3283
66.292
69.0193
72.8562
68.3526
68.3266
66.9824
69.2436
71.7636
68.1274
67.8489
70.8128
69.8731
68.4016
65.8663
66.4853
69.2565
66.2706
66.5008
68.3985
68.5783
68.1027
68.5907
64.8775
65.8168
67.3497
61.8837
63.6226
59.7052
62.776
59.9297
60.5102
63.0041
63.7357
60.4738
56.8427
54.6696
54.8826
51.3414
52.7922
54.9722
50.0345
49.0194
49.8707
46.6985
43.3603
44.9267
40.6728
39.216
38.4778
38.3883
37.5971
36.6146
38.168
38.9949
36.2806
36.4559
36.5424
36.1981
36.0411
35.5689
35.376
34.5597
32.6763
35.6928
35.8776
33.3434
33.5332
34.1644
34.3588
34.7902
34.1726
33.1976
34.9767
33.8287
32.6592
28.0834
22.2067
23.9426
27.5234
28.4476
28.5056
29.5105
29.9498
29.7965
30.3893
31.3151
30.2063
29.5549
29.8092
29.513
30.4496
30.9172
29.9104
29.4231
30.5141
30.96
29.4225
29.5842
32.0436
31.3641
30.3333
30.7244
29.7378
30.4127
31.2105
30.892
30.6962
30.6895
30.417
30.1036
31.5862
30.0015
30.7613
30.1302
29.9055
30.1509
30.484
29.3491
30.2006
30.2168
30.0985
28.9864
29.7574
29.5814
29.9421
28.8375
29.0846
29.6685
30.6188
30.0156
29.968
29.976
28.4634
30.0017
29.7067
29.2354
29.7281
30.2702
29.4202
29.3659
29.7416
30.0945
29.4286
29.099
28.7986
29.8885
29.2675
28.2724
30.1938
28.8839
29.4572
28.6018
28.9936
30.0088
28.0125
28.723
29.153
28.5907
29.7873
29.3793
28.3401
29.3451
28.7904
29.4785
28.3527
27.3316
28.2725
28.1276
27.8578
28.2235
28.1783
27.7017
27.2029
27.9192
27.5832
27.4396
27.8747
28.0288
27.779
26.6879
26.4325
27.2986
28.498
27.5774
28.2144
27.175
28.5729
26.7328
27.0129
26.095
26.5654
26.8381
26.5739
27.251
