0.0212596
0.0199967
0.0214176
0.0201318
0.0203528
0.0197874
0.0201643
0.019729
0.0201374
0.0199787
0.0199187
0.0187223
0.00881211
0.0038761
0.00482131
0.00584624
0.00636406
0.00636486
0.00672659
0.00660254
0.00637795
0.00696319
0.00673966
0.00650499
0.00651543
0.00648023
0.00590753
0.00217012
0.00445672
0.00523819
0.00547671
0.00505414
0.00497778
0.00502396
0.0045426
0.00461397
0.00438538
0.00427602
0.00363804
0.00377902
0.00392684
0.00395734
0.00397327
0.00406322
0.00406035
0.00399117
0.00376783
0.00433666
0.00399563
0.00414443
0.00407984
0.00431901
0.00442313
0.00402702
0.00418907
0.00406097
0.00428974
0.00411834
0.0042245
0.00421897
0.00411623
0.00423668
0.00415763
0.00416134
0.00437473
0.00420158
0.00411797
0.00424099
0.00426911
0.0043974
0.00427163
0.00420669
0.00425969
0.00413103
0.00425532
0.00426671
0.00428296
0.00425619
0.00422299
0.00429593
0.00423358
0.0042154
0.00434477
0.00432079
0.00443319
0.00432162
0.00438562
0.0042444
0.00450105
0.00444494
0.00424278
0.00408731
0.00450818
0.00447633
0.00430757
0.00438533
0.00447901
0.00452344
0.00432084
0.00450451
0.0042417
0.00424797
0.00416485
0.00454013
0.00436381
0.0044778
0.00442941
0.00435188
0.00447206
0.00440976
0.0043561
0.00451263
0.00428275
0.00451471
0.00428889
0.00438748
0.00447174
0.00434404
0.00434364
0.00439003
0.0046068
0.00452348
0.00430936
0.00438988
0.00434167
0.00425089
0.00428602
0.00430256
0.00433123
0.00431836
0.00443275
0.00439605
0.00444394
0.0044339
0.00442022
0.00419517
0.00438658
0.00430502
0.0042403
0.00425159
0.00431421
0.00426689
0.00449841
0.0043034
0.00427365
0.00432997
0.00424396
0.00439915
0.00422329
0.00422643
0.0043864
0.00425958
0.0042164
0.00420976
0.00439848
0.00431868
0.00416629
0.00423027
0.00429611
0.00438529
0.00417984
0.00419086
0.00445088
0.0043617
0.00432277
0.00421644
0.00416812
0.0040265
0.00409672
0.00432695
0.00421902
0.00412679
0.00394761
0.00375941
0.00409024
0.00413111
0.00422838
0.00396655
0.00430409
0.00427874
0.0042566
0.00429125
0.0040099
0.00423816
0.0041425
0.00428033
0.00433749
0.00411831
0.00396711
0.00429364
0.0040358
0.00417313
0.00438273
0.00421695
0.0041194
0.00422405
0.00422655
0.00408001
0.00429239
0.00426465
