101.066
100.825
101.081
101.211
101.064
101.087
100.853
100.969
101.103
101.094
101.046
101.05
101.067
100.938
101.092
100.799
100.929
101.083
101.061
100.849
101.057
100.871
101.078
101.196
101.152
101.023
100.854
101.061
101.044
101.15
100.624
101.089
100.848
100.975
100.826
100.78
100.711
100.885
101.057
100.946
100.852
100.492
100.798
100.849
100.839
100.368
101.038
101.023
100.654
100.792
100.933
100.479
100.589
100.657
100.858
100.928
100.289
101.061
100.63
100.461
100.657
100.781
98.7782
98.8635
100.11
99.6761
99.7985
99.2134
100.652
100
100.802
97.6113
99.7387
99.7956
100.146
99.5469
100.087
98.2922
100.441
97.8972
99.2853
99.4519
95.4594
99.8056
98.5653
99.037
99.6377
98.3459
98.1757
97.7711
96.8951
98.0393
97.7928
97.9699
96.9695
96.3206
99.0897
97.923
98.5497
100.085
98.1054
98.168
98.8698
98.5202
97.3754
96.2291
97.3841
97.3882
98.407
97.0536
95.4657
98.0229
97.7539
98.0205
97.4543
94.6038
100.158
97.7635
97.1688
98.154
99.8206
98.6542
99.0007
98.8558
99.9754
98.4911
100.366
100.435
100.032
99.546
98.2832
97.2495
99.6436
98.1606
98.3098
98.602
98.9496
98.4918
99.9773
98.1375
98.4017
98.4067
96.8798
97.7844
99.3994
98.3232
98.9487
98.7678
98.2509
98.9909
98.246
100.238
99.1624
98.3717
99.0462
97.9024
98.5387
98.0496
98.3742
99.128
99.3977
97.4951
95.8661
97.6022
98.1045
97.0947
99.375
97.8582
97.1524
98.3369
97.9685
98.6752
97.2071
98.4829
98.9223
97.2892
97.7644
98.8305
97.395
99.1336
97.3694
97.7087
96.1101
97.5139
98.033
98.2009
98.1881
97.0171
98.2072
97.4032
100.136
94.2116
97.1303
96.4879
98.3185
95.9147
97.2925
98.1925
95.8021
98.9275
