15.2372
12.9496
15.3206
15.3677
13.2673
15.3782
13.8707
14.5392
15.2871
13.9032
13.8175
15.2581
13.581
15.1959
14.129
14.1332
13.9911
13.8367
14.0786
13.9636
13.6354
14.2351
13.0587
14.0035
15.1314
13.4461
14.3092
15.4524
13.7077
15.1674
14.0397
15.0829
13.4393
14.2949
12.5918
12.5262
14.0157
12.9162
13.3404
13.8617
14.0952
15.0816
13.8531
13.4314
14.2848
13.8948
14.5313
14.038
12.3181
15.16
14.0253
12.1135
9.9878
13.6736
13.9763
9.34072
14.8952
13.3658
9.5692
9.88641
15.4848
10.1984
10.0809
9.83938
15.0957
12.4135
11.8858
10.1887
9.37621
10.7821
10.1798
11.9053
12.242
10.0659
11.7498
12.8479
13.277
9.35331
10.9149
11.208
13.1899
11.1563
15.3601
10.3395
10.7152
12.6338
9.85458
10.1667
10.4556
10.8455
10.409
9.98543
11.5163
9.67592
10.1659
10.1501
12.5348
10.4079
11.6417
10.8327
10.8943
10.7375
13.9075
11.2415
10.2683
9.87222
10.7531
10.5752
10.2881
10.6084
10.4314
10.4363
10.7713
10.663
10.4331
10.8255
11.6451
10.444
10.7552
10.8783
10.3898
10.8465
10.6841
10.6364
11.4135
10.7278
10.7617
10.95
10.4892
10.3167
10.8228
10.451
10.458
10.9226
10.7128
10.7388
10.7367
10.573
10.834
11.0108
11.05
10.713
10.9489
10.9573
10.3323
10.704
10.7537
10.5563
10.6462
12.859
10.6107
11.0234
10.7668
10.6381
10.7069
10.8546
10.9469
10.8548
10.744
10.7692
11.973
10.8503
10.8613
10.8524
10.7792
10.9058
10.7079
10.8331
10.7803
10.8763
11.0204
11.0746
11.095
11.0174
11.105
10.7488
10.7102
10.8512
10.9589
10.8456
10.9015
10.906
10.9268
10.9051
14.2969
10.9366
11.0421
10.984
10.9001
10.8699
11.0208
10.9039
10.7964
10.8586
10.9574
11.1178
10.8814
10.7667
10.771
10.976
