192.712
253.227
259.802
259.39
248.805
249.39
256.161
249.073
245.818
241.541
249.315
247.031
237.387
231.399
240.928
239.933
236.795
229.827
233.605
235.163
230.781
226.077
230.828
227.933
222.515
229.164
228.618
226.586
224.23
220.789
224.539
224.918
224.112
228.808
228.047
217.918
211.463
225.548
221.055
216.346
215.413
216.853
217.853
215.917
216.926
218.396
209.438
208.826
213.22
202.6
201.651
205.895
207.359
202.659
200.602
201.003
198.624
202.561
198.395
198.226
201.74
197.168
201.425
200.17
202.608
197.856
202.208
200.329
196.743
206.46
212.327
209.853
208.203
208.077
207.137
204.393
199.712
203.324
198.504
194.273
194.83
190.191
189.613
187.976
189.463
188.433
184.563
180.308
182.226
181.244
179.48
181.438
174.595
191.846
191.672
190.689
188.102
184.816
186.689
180.945
183.903
176.408
180.985
174.335
176.242
171.216
167.312
169.731
167.268
168.591
167.349
165.426
164.161
164.052
165.878
164.907
159.828
156.331
157.239
157.257
151.843
154.441
151.449
150.916
151.726
151.773
148.568
149.796
148.43
148.687
148.492
142.175
145.519
143.419
142.326
142.33
139.298
137.751
139.718
138.71
138.516
136.152
134.37
136.963
132.935
133.188
134.669
133.254
136.746
131.226
131.112
127.384
129.99
130.854
127.905
127.45
130.395
126.844
124.284
124.441
119.741
126.225
124.926
124.013
119.61
122.907
119.487
125.334
122.58
121.926
125.094
126.669
122.589
119.98
117.437
123.286
122.988
124.039
118.156
120.837
114.497
117.071
116.398
116.304
120.505
114.595
114.812
110.358
113.311
113.971
111.664
111.489
114.707
112.747
111.064
110.608
109.529
110.106
109.844
107.569
