6.73681
6.71018
6.70563
6.58684
6.57556
6.58333
6.57339
6.53299
6.60312
6.71924
6.59678
6.70087
6.72091
6.69467
6.60256
6.63084
6.69172
6.70018
6.5283
6.70582
6.60044
6.55777
6.63551
6.58355
6.69879
6.42841
6.60898
6.54975
6.65979
6.67629
6.59838
6.68049
6.22993
6.58849
6.58644
6.54587
6.57743
6.70179
6.59418
6.53537
6.66972
6.72659
6.60905
6.61321
6.71166
6.17363
6.60853
6.57829
6.26687
6.26336
6.05578
6.73217
5.88013
6.39747
5.66518
6.09995
6.18847
6.57352
6.41528
6.09517
6.15157
6.15422
6.50362
6.36103
6.34926
6.37323
6.62699
6.24487
6.39882
6.03514
6.21737
6.16361
6.23903
6.17298
5.84892
6.21608
6.68758
6.14077
6.52435
5.41675
5.85163
5.91618
6.3712
6.16164
6.13529
5.91101
6.13244
5.76292
5.83549
6.51011
6.1504
6.001
5.8467
5.85358
5.77324
6.1911
6.23895
6.46852
5.6383
5.67132
6.1701
6.41537
5.84375
6.54581
5.78713
6.11169
5.85798
6.51662
6.09017
6.19142
5.76545
6.57808
6.49986
5.64913
5.69145
6.34108
6.31521
6.16218
5.81606
6.1016
6.15018
6.41866
6.1607
5.70664
5.72687
5.58211
5.60869
5.46682
6.17137
5.79279
5.3737
5.65088
5.46923
5.35866
5.60537
5.31702
5.95809
5.95275
5.74519
6.32754
5.75121
5.60882
5.87497
5.71197
5.75196
5.75151
5.90711
6.13402
6.19907
6.22425
5.88759
6.24074
6.34902
6.60125
6.35668
6.05906
6.1044
6.18056
6.04834
6.25825
6.09556
5.54739
6.3383
5.68815
5.88798
6.03363
6.23598
5.71858
5.87879
5.97961
5.92111
5.74189
6.0199
6.5134
5.97269
5.85613
6.05442
5.98948
5.76937
5.80219
6.25386
5.70671
5.88777
5.82558
6.40054
5.90167
6.33918
6.30375
6.31318
5.86952
5.74457
5.98432
6.22069
5.51526
6.11591
5.75451
6.03793
6.02561
5.94986
6.02329
