11.2105
11.6071
10.3469
11.6156
8.34369
9.40157
9.63796
10.9686
9.70228
9.10626
9.28115
8.89519
9.06862
10.8208
10.0399
10.8163
11.0982
9.75401
11.5715
11.3011
12.5179
11.8268
10.2157
11.2478
11.6052
10.7855
11.0261
14.4764
13.9638
10.7762
12.2446
11.6293
15.6001
10.3616
10.3602
11.9783
11.3357
10.8055
10.0102
13.1775
11.1906
11.7101
10.6651
11.9855
12.4633
12.5403
13.6049
13.4746
10.4582
10.4871
10.3577
11.342
11.0573
12.3806
13.4184
11.3483
11.2425
12.211
11.2936
10.6589
11.0908
11.821
11.9399
10.7637
11.6091
10.8381
11.7035
11.2976
10.8858
10.3046
10.6176
10.451
12.0213
10.6183
11.1395
10.2705
11.0834
11.1076
11.8928
10.5636
10.8829
10.6514
10.3053
10.1829
10.7473
10.3381
10.4015
10.8153
10.4181
12.404
11.0933
10.7216
10.3419
11.0154
10.4732
11.768
11.6134
11.6131
10.9308
10.5427
