57.4397
57.3727
57.4663
57.2884
57.288
57.1577
57.238
57.4418
57.2935
57.3841
57.3018
57.3352
57.224
57.3371
57.1919
57.4274
57.3749
57.464
57.0039
57.2993
57.2909
57.4492
57.0651
57.1907
57.3917
57.3807
57.3301
57.0872
56.995
57.2897
56.9656
57.2173
57.2287
57.3672
57.194
57.304
57.0926
56.8714
57.1942
57.3058
57.2626
57.0062
57.1147
56.8683
56.5976
57.2991
56.7423
56.7184
56.9116
57.1896
56.7509
56.9336
56.2042
57.1373
56.7856
56.5457
56.5179
56.3143
56.7032
57.0994
57.0124
56.7678
56.9325
56.6644
57.1181
56.7702
55.4132
56.2401
55.6195
56.4282
55.7292
56.0442
56.2033
56.5353
55.4808
55.8681
55.4846
55.7869
56.9123
56.8555
56.7464
57.0808
56.8966
56.1012
56.1193
56.1781
56.6153
55.2432
56.8769
56.885
56.3692
55.8313
55.2803
56.3224
55.1834
55.866
55.8599
56.2766
56.8714
56.874
56.7333
55.4461
56.8486
55.9036
56.3636
56.2834
55.2766
56.6027
54.4907
56.1355
56.3985
56.0893
55.9203
56.0628
56.5458
56.0405
56.0419
56.8099
56.0914
55.3259
55.2079
55.3828
56.2188
56.3766
54.7727
54.3719
55.6345
55.369
56.8418
55.254
56.8863
56.9107
55.1623
56.2495
55.6006
55.7164
56.3072
56.0971
55.1675
55.9665
55.4916
55.3571
54.9867
53.9927
55.3825
55.4064
55.7233
56.0987
56.406
55.1126
55.0895
55.1978
55.6268
54.882
56.0539
55.4502
55.1968
55.8764
56.1088
56.5582
55.0494
55.946
56.8998
55.0481
55.5613
55.6893
56.2392
54.8248
56.3807
56.2778
55.8921
55.4851
54.9742
56.2477
55.2242
55.7418
55.4114
55.8709
56.2352
55.7037
55.0908
55.8791
56.8031
55.5485
54.9982
55.1658
55.6436
55.4232
55.2338
55.1643
55.5173
54.5051
55.4213
55.9677
56.457
55.8649
55.1259
55.444
55.753
55.8947
