0.0534767
0.0145038
0.00798492
0.00442856
0.00414538
0.00324349
0.0034518
0.0028699
0.0103026
0.0170743
0.0118357
0.00465705
0.00834819
0.0137726
0.0155098
0.0101018
0.0119259
0.00658689
0.0121487
0.0178092
0.0120646
0.026461
0.0238444
0.0183361
0.0163011
0.0150497
0.0217469
0.0236362
0.0256204
0.0173352
0.0231561
0.0297004
0.0199141
0.0180779
0.0183259
0.0200217
0.0350966
0.0356241
0.0314825
0.0263592
0.030276
0.0338546
0.0255419
0.0370478
0.0393113
0.0419946
0.0507917
0.0473429
0.0525354
0.0301628
0.0346023
0.0354771
0.0627964
0.048409
0.0575661
0.0506347
0.0577583
0.084789
0.0695677
0.0535526
0.0508005
0.0814824
0.0724494
0.0873308
0.0676791
0.099259
0.0700365
0.0904259
0.1065
0.0816928
0.0935008
0.0876046
0.0824299
0.0733767
0.0722985
0.0935988
0.0675423
0.0685436
0.085998
0.0794201
0.0870783
0.0821049
0.0834858
0.0825191
0.0779552
0.0864712
0.0777671
0.0809347
0.0914474
0.0942855
0.0717861
0.0845149
0.0876543
0.0676257
0.0608655
0.0686117
0.0729065
0.0704258
0.0659976
0.0615086
