597.448
690.01
608.279
593.585
539.91
551.527
530.522
527.148
522.098
511.754
522.346
508.527
508.018
496.288
498.557
488.452
508.316
484.255
484.244
494.993
479.098
503.861
465.835
490.5
474.083
486.782
473.544
477.895
487.283
504.141
522.323
541.513
591.562
628.975
646.877
694.303
683.143
690.852
680.913
663.398
676.599
656.023
651.625
650.913
631.671
627.689
622.035
620.019
609.767
616.07
604.299
599.866
600.239
586.087
582.613
587.5
575.462
556.103
571.312
554.437
546.035
538.43
551.51
542.216
525.138
520.984
529.777
523.136
516.598
513.438
506.485
506.084
501.297
502.265
491.349
482.702
482.587
468.377
468.245
473.085
455.028
469.852
461.588
454.498
449.801
461.164
447.894
437.923
433.904
439.917
440.563
431.061
430.989
428.699
416.881
423.636
411.658
417.354
411.079
410.311
410.525
402.72
396.188
407.924
391.433
395.5
386.393
393.149
385.836
376.548
382.419
381.022
380.328
368.336
368.094
372.518
359.799
366.997
351.793
361.488
359.746
355.708
352.636
352.533
356.513
345.919
340.86
344.123
335.737
337.591
335.262
336.14
335.21
327.05
328.254
327.014
326.676
318.742
322.935
317.502
316.435
315.812
314.952
306.793
309.051
307.093
313.089
303.723
302.222
300.099
299.323
295.059
296.327
294.386
287.228
294.117
295.045
286.451
292.025
285.9
285.873
275.561
278.156
275.03
276.05
273.97
275.932
271.084
271.816
271.338
271.047
267.061
266.495
270.069
261.315
268.821
263.117
259.55
254.494
261.081
256.395
260.457
253.2
254.024
251.004
255.574
252.149
250.663
249.33
249.657
246.273
247.685
243.891
243.582
242.926
243.723
236.74
242.554
240.287
235.835
