0.579309
0.467298
0.423377
0.420561
0.449875
0.386221
0.224695
0.200191
0.198403
0.193511
0.189023
0.195102
0.205987
0.187797
0.193803
0.182829
0.166886
0.165148
0.156016
0.173145
0.160608
0.142988
0.155131
0.14277
0.143176
0.137066
0.145718
0.13753
0.136755
0.143221
0.144576
0.136719
0.132968
0.143966
0.14348
0.135294
0.13561
0.13808
0.141253
0.13791
0.138856
0.149663
0.143625
0.140384
0.147924
0.144225
0.14283
0.141154
0.141995
0.141427
0.133892
0.148447
0.14725
0.152883
0.14014
0.146948
0.146018
0.149486
0.160413
0.152859
0.151366
0.148437
0.144314
0.150652
0.148985
0.146368
0.158173
0.15705
0.161451
0.159803
0.158678
0.163311
0.152657
0.166715
0.163412
0.159568
0.151582
0.169671
0.168359
0.163865
0.173281
0.175231
0.171905
0.174147
0.181342
0.178656
0.176397
0.180643
0.194642
0.183943
0.187684
0.188706
0.189349
0.196295
0.202473
0.197177
0.203117
0.198741
0.190922
0.202411
0.202058
0.196472
0.202252
0.195159
0.205433
0.197432
0.195723
0.204876
0.199741
0.196205
0.193221
0.189678
0.186177
0.188928
0.18945
0.195926
0.186333
0.196552
0.189494
0.18859
0.189698
0.191587
0.19733
0.192739
0.191521
0.197572
0.195028
0.189491
0.181032
0.186966
0.186095
0.191244
0.179507
0.189624
0.185196
0.179735
0.178286
0.177963
0.182441
0.177458
0.171975
0.169455
0.16592
0.172065
0.168481
0.17703
0.180259
0.174652
0.162908
0.170977
0.165344
0.169589
0.163951
0.164031
0.168581
0.166009
0.157475
0.166574
0.165835
0.166572
0.163329
0.161715
0.161374
0.161533
0.156261
0.153926
0.157661
0.158814
0.160541
0.16714
0.157643
0.159788
0.158585
0.164209
0.158504
0.159103
0.161339
0.160443
0.157865
0.147068
0.157283
0.152094
0.15108
0.155239
0.155438
0.155073
0.147722
0.148335
0.148656
0.14756
0.147927
0.150166
0.146803
0.147111
0.146369
0.146156
0.147034
0.143637
0.144383
0.139067
