16.0283
10.9019
12.7348
15.3814
14.8627
12.23
14.7196
16.2765
15.9488
14.5108
12.6945
16.8243
14.6358
13.004
14.1127
13.2465
13.3399
14.8703
15.5329
14.2757
15.1942
16.5406
14.7062
14.4633
15.314
14.6723
14.9114
15.5571
16.3244
15.5043
15.0101
17.1422
17.5452
13.6252
15.2791
15.2342
14.2943
14.9802
15.4321
15.7215
15.3155
14.4968
15.0205
15.5921
15.3598
14.2771
14.3913
14.2637
15.7094
15.8871
14.7856
13.8057
13.5819
14.3392
14.8398
16.1998
14.9006
14.2501
14.2749
14.3934
14.3165
13.8593
13.5697
13.8135
14.0206
13.7119
14.1159
14.0087
15.0495
13.904
14.6291
13.7698
15.2035
14.2208
13.9844
14.5629
13.868
14.3659
14.3914
14.5748
14.1862
13.8738
14.8754
14.7028
13.739
13.861
14.5387
14.5102
13.3121
13.5155
13.9075
13.5053
14.7651
13.5169
16.0273
14.7696
14.3924
14.0375
14.3225
13.7143
