0.565472
0.560957
0.586779
0.514449
0.349058
0.219871
0.214503
0.196183
0.171192
0.154639
0.167329
0.152302
0.16098
0.159283
0.170771
0.155837
0.163152
0.151753
0.160831
0.161963
0.170642
0.176262
0.192616
0.194075
0.178405
0.185917
0.189051
0.188945
0.19954
0.192005
0.201052
0.189651
0.199512
0.198363
0.211266
0.206839
0.211025
0.218583
0.213859
0.217815
0.232971
0.220004
0.225228
0.246793
0.239922
0.231657
0.241063
0.243784
0.255236
0.256596
0.25441
0.261109
0.25276
0.269783
0.270175
0.264528
0.262011
0.274781
0.280851
0.298398
0.290617
0.292931
0.304572
0.304561
0.308102
0.310116
0.313069
0.31195
0.326741
0.309366
0.317892
0.318535
0.328752
0.346661
0.326855
0.337029
0.323313
0.325803
0.337839
0.343124
0.349792
0.34494
0.344611
0.336744
0.347285
0.34714
0.338651
0.364248
0.36715
0.357323
0.357886
0.356171
0.36415
0.369755
0.371416
0.365444
0.364696
0.382906
0.368767
0.385241
0.373149
0.37735
0.384459
0.382465
0.37121
0.385985
0.375074
0.397318
0.385958
0.397293
0.395704
0.395811
0.389731
0.396999
0.389517
0.395601
0.400681
0.396382
0.394714
0.403747
0.397687
0.393049
0.408528
0.402169
0.378956
0.397493
0.402172
0.405402
0.393426
0.395532
0.39973
0.406122
0.403298
0.396425
0.412923
0.403953
0.426134
0.395282
0.393545
0.413288
0.417037
0.388195
0.410451
0.389944
0.396654
0.404004
0.393644
0.412781
0.397735
0.408135
0.39939
0.408323
0.404602
0.387052
0.385635
0.397125
0.401334
0.391702
0.390667
0.389476
0.383633
0.408041
0.401645
0.398916
0.382661
0.390153
0.39748
0.397933
0.38756
0.388538
0.390894
0.397015
0.390568
0.383576
0.392902
0.3823
0.389478
0.397146
0.385935
0.377159
0.383707
0.387961
0.402093
0.375401
0.381699
0.393581
0.377861
0.384298
0.397061
0.399729
0.389382
0.392375
0.387251
0.395846
0.39007
0.391003
0.396913
0.384047
0.395465
0.40082
