6.86465
6.68227
7.34162
7.67193
7.44453
7.43646
7.57871
7.26404
7.04744
6.47983
6.34246
6.42178
6.25677
6.15718
6.13718
5.96555
6.08117
5.85075
6.23325
6.22631
6.1236
6.08803
6.12011
3.41639
0.645229
0.644591
0.642284
0.627425
0.631422
0.624229
0.598082
0.57869
0.589777
0.58053
0.573137
0.580207
0.576725
0.576626
0.550126
0.56803
0.574087
0.56554
0.532143
0.552552
0.530668
0.527277
0.503949
0.507081
0.513979
0.514834
0.507921
0.497079
0.490649
0.509797
0.500098
0.478484
0.496695
0.487897
0.495624
0.488557
0.490664
0.485567
0.493556
0.486006
0.495254
0.518343
0.521503
0.491961
0.494114
0.502055
0.501923
0.518304
0.521602
0.525331
0.524703
0.529596
0.529534
0.519325
0.532584
0.536121
0.524388
0.51469
0.503869
0.507919
0.506842
0.508471
0.492761
0.512437
0.505408
0.499751
0.49912
0.491845
0.491713
0.482114
0.489693
0.467468
0.484387
0.474801
0.467916
0.474777
