1377.83
1383.44
1290.87
1206.95
1254.92
1211.58
1254.01
1251.22
1280.5
1252.43
1244.29
1177.1
1151.7
1145.42
1173.03
1158.55
1167.83
1152.62
1151.68
1176.95
1144.72
1109.04
1120.85
1112.13
1106.72
1112.65
1084.66
1053.49
1067.93
1086.49
1079.67
1085.01
1101.11
1070.57
1044.41
1032.34
1019.19
1051.58
1031.97
1062.94
1040.1
1048.69
1036.92
1041.82
1000.11
1014.38
1011.98
1013.77
1001.61
1015.95
1027.15
984.91
1030.26
1015.22
1000.35
1043.74
1036.78
1030.94
1040.1
1021.86
1058.36
1032.71
1017.43
1042.06
1026.91
1011.6
982.08
958.958
964.663
962.201
964.389
933.313
958.522
949.095
928.015
936.157
934.021
928.546
910.837
932.495
915.585
904.915
896.118
879.073
890.462
879.245
889.972
856.821
866.194
840.461
853.157
830.195
824.901
822.469
810.87
829.642
808.365
814.795
812.784
800.755
795.264
827.971
785.661
764.54
799.088
814.335
900.596
883.23
784.418
787.072
763.459
751.68
757.411
740.415
748.48
737.229
746.306
739.435
729.087
740.009
708.857
728.041
717.241
705.459
708.146
680.685
691.926
690.87
695.27
707.045
687.054
685.586
681.068
681.421
689.877
682.23
672.504
674.377
647.869
662.218
663.714
649.337
651.419
645.198
627.254
632.249
631.368
631.201
634.896
633.129
627.617
618.961
637.985
606.684
625.761
611.923
598.012
593.6
600.202
608.758
591.951
587.71
582.774
593.349
581.226
578.027
594.596
579.812
574.365
559.466
573.192
550.858
575.767
573.669
562.438
565.73
574.383
556.817
556.348
547.398
563.689
551.008
529.729
542.565
522.085
540.698
524.855
529.192
534.621
532.709
531.785
516.629
513.69
515.364
531.934
522.616
525.537
511.751
516.528
525.544
