140.486
140.487
140.302
140.463
140.625
140.508
140.497
140.577
140.225
140.665
140.5
140.136
140.48
140.516
140.359
140.562
140.534
140.529
140.258
140.55
140.502
140.278
140.54
140.604
140.395
140.268
139.522
140.554
140.423
140.517
140.297
140.437
140.466
140.454
140.074
140.053
140.461
139.976
140.258
140.039
140.081
139.553
140.242
140.192
140.194
139.792
140.235
140.06
140.513
139.915
139.661
139.338
140.139
138.917
139.407
139.47
138.933
138.803
139.066
139.264
138.673
138.765
139.304
138.792
139.648
137.542
138.618
138.268
136.93
139.025
138.053
139.542
138.458
139.54
137.98
137.414
138.763
138.537
138.974
138.112
137.676
135.235
138.709
139.233
137.4
135.047
136.104
136.451
134.526
139.051
138.089
136.799
138.615
135.681
136.112
135.89
137.477
134.931
135.009
135.778
138.623
137.929
135.842
136.719
134.798
137.497
137.623
135.505
137.888
137.439
135.075
134.697
135.183
135.47
136.499
137.332
135.474
135.553
136.311
137.42
134.473
135.777
138.337
136.669
134.367
135.496
136.742
136.537
136.259
138.396
136.465
136.475
137.723
134.046
137.832
138.188
136.983
135.729
134.123
137.135
134.842
137.334
134.895
133.875
138.159
133.598
137.679
133.812
135.062
134.203
134.833
137.893
134.846
135.226
134.539
139.116
136.254
137.367
133.345
134.172
134.494
136.994
133.351
133.146
138.318
133.564
131.593
138.257
135.595
133.933
134.366
133.912
136.318
134.258
131.771
137.22
135.322
133.979
130.752
136.302
135.455
134.451
134.552
134.681
132.834
132.341
134.08
133.691
135.871
138.338
136.354
132.927
136.054
135.84
131.298
135.14
133.149
136.03
137.472
136.722
