3.94993
2.22966
0.92061
0.801588
0.819665
0.817238
0.805355
0.79477
0.770026
0.747963
0.676291
0.656629
0.626602
0.611697
0.608864
0.618026
0.589253
0.606732
0.59967
0.613664
0.608684
0.627482
0.61991
0.617074
0.609053
0.62717
0.608698
0.607147
0.605004
0.597555
0.611051
0.598552
0.59711
0.599198
0.596871
0.587176
0.556887
0.551344
0.555686
0.556879
0.545246
0.539306
0.511504
0.535007
0.534186
0.521759
0.526937
0.526027
0.535336
0.540207
0.530003
0.526574
0.531743
0.537634
0.519149
0.530015
0.525142
0.529952
0.51241
0.530468
0.525174
0.539002
0.535289
0.520619
0.527533
0.524734
0.519126
0.531504
0.521134
0.505882
0.512478
0.526314
0.521116
0.506112
0.524634
0.527609
0.536806
0.530382
0.52113
0.533801
0.525417
0.528347
0.521676
0.522949
0.530153
0.522417
0.539901
0.505795
0.521611
0.518492
0.508573
0.517378
0.512437
0.510184
0.50558
0.512519
0.507279
0.521432
0.521901
0.515389
