57.1822
57.2539
57.2116
57.1339
57.2196
57.1584
57.1525
57.2355
57.2068
57.2096
57.155
57.1657
57.1911
57.2111
57.1816
57.1643
57.1775
57.151
57.1958
57.2545
57.2431
57.1534
57.1538
57.1228
57.1172
57.1155
57.2171
57.1569
57.2355
57.213
57.1386
57.1774
57.2175
57.2862
57.174
57.0854
57.167
57.2304
57.1242
57.1648
57.2074
57.0958
56.9298
57.1921
57.1365
57.1852
57.1526
57.2244
57.2089
57.2089
57.1846
57.0332
56.9186
57.1926
57.1866
57.1763
57.0013
56.8913
56.3569
56.6545
56.7511
56.4351
56.2309
56.3809
57.117
55.9452
56.4159
55.9226
56.0774
56.2238
56.454
55.739
55.7039
56.171
56.6933
55.7412
56.795
55.3449
54.7936
56.1436
54.3688
56.93
55.9221
55.9277
54.6356
56.0857
56.0688
56.1231
55.1915
56.9297
55.0175
56.8219
56.9071
55.9528
55.6492
55.6904
55.3097
54.6327
55.0653
54.2318
56.1128
56.6369
56.0414
56.0654
56.7162
56.3394
56.715
56.7106
56.7481
56.0145
54.3167
54.625
56.3892
55.6747
55.9622
56.0673
56.4106
55.8516
55.1542
55.6081
55.7376
56.3175
55.2654
55.4491
54.9747
55.3423
55.6274
55.4231
55.5966
54.5566
55.9496
55.6639
55.0397
53.6065
55.6189
56.3767
55.1931
55.844
54.0493
55.4714
56.3633
55.3637
55.1491
55.8902
55.7376
55.8324
55.4919
55.0329
55.5711
55.7951
56.5551
54.7803
56.322
55.8934
55.5515
55.4234
56.585
56.5022
55.9505
56.0431
55.9452
56.7212
55.6098
56.0813
56.3225
55.932
56.3276
56.6287
56.0521
56.0793
56.362
54.7697
55.7902
54.9449
55.9156
54.8541
55.3709
55.6405
56.842
56.6715
55.7955
56.8094
55.9668
56.1081
55.4234
55.5843
54.7758
56.4728
55.6476
56.3314
54.7027
54.3674
56.4523
55.8801
55.7899
54.3126
57.234
56.0816
55.3199
56.6881
