1.89529
1.84222
1.90122
1.83289
1.95998
1.97735
1.83899
1.96696
1.65018
1.95334
1.80451
1.95874
1.83478
1.96861
1.78789
1.66072
1.83862
1.88438
1.91795
1.80074
1.81611
1.95712
1.46528
1.84601
1.91037
1.96739
1.9471
1.65057
1.9817
1.85475
1.83139
1.77932
1.66788
1.65454
1.76232
1.90612
1.74001
1.7734
1.77925
1.82677
1.96597
1.8195
1.82905
1.84917
1.63848
1.63568
1.60612
1.73202
1.79615
1.65782
1.72214
1.79549
1.60528
1.53652
1.75597
1.62061
1.89012
1.81582
1.70943
1.91356
1.48958
1.91526
1.782
1.7242
1.68618
1.65127
1.83895
1.82507
1.79829
1.76605
1.82897
1.75061
1.7915
1.73624
1.71214
1.8448
1.51217
1.69095
1.69726
1.98488
1.75837
1.61617
1.47515
1.59479
1.65582
1.32215
1.52013
1.92383
1.66931
1.64163
1.41108
1.60484
1.67509
1.75526
1.57571
1.38596
1.45449
1.51284
1.68448
1.3573
1.39012
1.11796
1.658
1.37906
1.47966
1.45391
1.46322
1.39565
1.20066
1.28253
1.30784
1.38231
1.50707
1.23458
1.61729
1.4879
1.33152
1.45428
1.5281
1.27893
1.24659
1.38517
1.20702
1.15033
1.43721
1.17588
1.59809
1.28715
1.58969
1.16777
1.46753
1.20087
1.16693
1.904
1.20346
1.16178
1.47554
1.50423
1.39919
1.61413
1.92852
1.4176
1.40841
1.46299
1.2278
1.1452
1.26101
1.46556
1.6978
1.21033
1.41329
1.50651
1.40107
1.58543
1.37349
1.53608
1.66205
1.3804
1.44793
1.39008
1.71058
1.54864
1.82515
1.70892
1.82294
1.42606
1.41348
1.48977
1.89115
1.48759
1.90204
1.62038
1.41786
1.73868
1.44324
1.47381
1.37264
1.2131
1.48866
1.50382
1.59662
1.72866
1.5641
1.40461
1.80448
1.54519
1.21052
1.66803
1.49396
1.46419
1.4609
1.56748
1.64558
1.72483
1.62796
1.4815
1.59491
1.43394
1.80155
1.49757
