0.0332227
0.0431211
0.0462264
0.0451919
0.046568
0.0465679
0.0467801
0.0477184
0.0459218
0.04651
0.0438186
0.0442135
0.0377498
0.0347303
0.0317791
0.0352877
0.0318999
0.0332307
0.0336588
0.0329113
0.0333502
0.033259
0.0323981
0.032837
0.0320762
0.0316411
0.0326237
0.0343024
0.0321992
0.0321736
0.0310762
0.0302591
0.0310047
0.0306743
0.0322993
0.0305636
0.0296538
0.0289564
0.03074
0.0291185
0.0299597
0.0315654
0.0293768
0.0299934
0.0293099
0.0295431
0.030929
0.0302104
0.0304279
0.0293347
0.0297303
0.0294156
0.0305193
0.0300325
0.0297187
0.0298217
0.030167
0.0294351
0.0315549
0.0293968
0.0294327
0.0304423
0.0293887
0.0300242
0.0291244
0.0296502
0.0293109
0.0295266
0.029986
0.0288336
0.0289888
0.0279781
0.028974
0.0298047
0.0288674
0.0304186
0.0283421
0.030176
0.0300833
0.0294861
0.0289
0.0289846
0.0303275
0.0299024
0.0292434
0.0298859
0.0287423
0.0295054
0.0298519
0.0290662
0.0286392
0.0307228
0.0302764
0.0298736
0.0295837
0.0285296
0.0300199
0.0285636
0.0287904
0.0294799
0.0285998
0.0287783
0.0285893
0.0280202
0.0292308
0.0288254
0.0290549
0.0298007
0.0288404
0.0284275
0.0290482
0.0287839
0.0276634
0.0284334
0.0284427
0.0273153
0.0294112
0.0293055
0.0299012
0.028371
0.0295996
0.0289627
0.0292246
0.0286342
0.0290559
0.0296946
0.0287303
0.0295834
0.0266701
0.0283853
0.0287111
0.0283869
0.0278661
0.0282055
0.0282678
0.0277002
0.0281297
0.0288571
0.0273153
0.0289832
0.0281375
0.0276516
0.0287735
0.0280439
0.0286614
0.0284832
0.0283294
0.0285242
0.0283272
0.0276243
0.0273606
0.0282131
0.0273115
0.027271
0.0282053
0.0273284
0.0280454
0.0273057
0.0278173
0.0267892
0.027994
0.0287191
0.0266169
0.0275304
0.0276364
0.0284166
0.0282688
0.0276348
0.0267441
0.028496
0.0289618
0.0279425
0.027409
0.0291193
0.0277795
0.0277575
0.027608
0.0283608
0.0268312
0.0277447
0.0272555
0.0279328
0.0275655
0.0277535
0.0274132
0.0282279
0.0282716
0.0280546
0.0272019
0.0284479
0.0268754
0.0273563
0.0270295
0.0271709
0.0270703
0.0277381
0.0267262
0.027512
0.0269008
0.0280593
