21.7384
17.2639
16.0586
15.7971
15.6774
15.1344
16.5484
17.5339
17.5286
18.0455
17.5288
17.6571
17.859
18.167
17.7561
18.2619
18.2255
18.1343
17.6361
18.2716
18.0033
17.9072
18.4426
18.9808
18.0797
18.6273
18.6564
18.9048
18.9979
19.2224
18.8863
18.5627
18.797
18.4267
18.3211
18.2927
18.7861
18.2811
18.9475
19.0853
18.9706
19.1866
18.6603
18.6299
18.9646
18.2055
17.452
18.6193
18.0353
17.9325
16.9093
16.4067
15.3413
15.7322
13.2284
12.7505
11.5488
10.6014
9.79756
9.87636
8.87471
9.13449
9.39583
9.19354
9.7362
9.23386
8.99157
9.23022
9.81592
9.47893
8.89462
8.98902
9.44617
9.36001
9.24811
9.1278
9.09835
9.12377
9.58989
9.16559
9.37669
8.84583
9.43693
8.84967
8.45806
8.26937
8.26757
8.38822
8.57218
8.81213
8.79836
8.52882
8.64436
8.73966
8.62939
8.61323
8.66839
8.73353
8.5012
8.68185
8.3812
8.54401
8.54419
8.76115
8.5238
8.59869
8.45795
8.66135
8.24776
8.30884
8.06835
8.5504
8.66644
8.56292
8.29732
8.36942
8.27871
8.36977
8.34983
8.40162
8.56293
8.37373
8.3313
8.59491
8.23865
8.32242
8.37009
8.24354
8.555
8.15059
8.20045
8.27047
8.26002
7.96081
8.20921
8.1267
7.87186
8.20478
8.19574
8.11549
8.16157
8.12759
7.95799
7.8676
7.91199
8.01153
7.82037
8.00139
7.43803
8.01446
7.66672
7.61845
7.70199
7.42596
7.76899
7.87756
7.91359
7.73228
7.57027
8.18556
7.87288
7.81853
7.83499
7.7596
7.83364
7.81169
7.77796
7.70458
7.61804
7.46089
7.55798
7.4818
7.58656
7.28223
7.72485
7.56684
7.49683
7.44541
7.56411
7.38267
7.29435
7.47148
7.65077
7.49374
7.62574
7.58848
7.37754
7.43069
7.48384
7.3349
7.67481
7.55992
7.35187
7.51827
7.24058
7.5039
7.30084
7.20983
7.27166
7.08101
