5.04458
4.7732
8.50314
4.67721
6.57655
3.64384
6.98419
5.60966
5.34776
4.16718
5.60677
4.99365
4.2647
4.00365
7.28065
3.26083
5.09301
7.27762
5.54933
7.28365
4.52785
6.08528
7.28188
4.69929
4.63473
5.60212
3.9861
4.75456
5.5819
5.77534
7.28597
7.31615
7.28188
8.05991
7.28691
7.83984
8.24176
9.68694
8.05399
9.53794
8.25085
7.77895
8.13466
8.80168
8.08552
7.34457
9.5932
8.25084
8.25084
8.25274
8.28566
8.20768
8.25252
9.0292
8.67655
8.34207
8.62918
8.05353
8.24522
10.6297
8.24667
8.07852
8.20826
9.82111
8.01152
8.09003
8.33085
8.2551
8.22981
8.77858
8.04976
8.25148
8.21882
8.79505
8.05625
8.00733
8.21353
8.29359
8.15229
8.24758
8.25084
8.28434
11.7249
8.23102
10.7783
8.3501
7.99898
8.92777
8.25084
8.84245
10.2355
8.25619
8.24602
8.25077
10.8225
8.64973
8.37776
8.25084
8.25635
8.2553
