3.20524
4.44211
5.8685
7.53761
7.97644
7.76061
7.8817
7.9751
7.53609
8.51519
8.9482
9.78773
10.7404
11.4278
12.2864
11.7443
12.7135
12.8563
13.0051
12.9308
13.6446
14.0691
14.3017
14.2072
14.2287
13.6684
13.2162
13.5654
13.6473
13.5989
13.2936
13.8964
13.7973
13.3609
13.2022
13.4429
13.2749
12.4931
12.2492
12.0974
12.1708
11.9119
11.9181
12.0171
11.6325
11.7358
11.5513
11.5162
10.9541
10.7276
10.6715
10.5346
10.4106
10.035
10.0595
9.74852
9.17405
9.26817
9.06387
9.02085
8.92187
8.57049
8.00268
8.12782
8.03067
7.77626
8.04071
7.90675
7.84241
7.38924
7.15535
7.62279
7.42882
7.30907
7.28637
7.28143
7.36981
7.29268
7.45987
7.34777
7.56675
7.45073
7.5775
7.98267
7.91411
8.07835
8.06555
8.25106
8.45668
8.41838
8.50923
8.50327
8.70491
8.88522
8.94405
9.18604
9.01321
9.15289
9.39255
9.3437
