48.8205
49.3913
47.7908
46.5605
43.801
43.1607
43.6198
41.612
42.0297
41.3212
42.1462
42.9299
41.733
42.2869
41.0032
40.5155
40.541
40.8089
40.795
40.6659
40.6245
39.616
38.3742
40.6914
41.5308
38.6935
40.963
40.9659
40.8653
42.7379
42.7361
45.8496
46.1628
51.3647
52.5771
53.47
52.6002
52.5561
52.3581
51.1889
51.1878
50.5972
48.2074
48.3102
47.7241
48.4414
47.5461
47.8606
47.1041
46.7214
45.2101
45.5759
45.2102
44.4887
43.0789
43.3432
42.3293
41.9038
41.892
41.626
41.3991
40.9603
40.869
39.7805
39.3097
39.3479
39.5916
39.2017
39.0106
37.8797
37.7174
38.5049
37.5764
37.062
37.6385
36.5898
36.5166
35.7907
35.808
36.0622
34.3457
34.8511
34.8491
35.0429
34.8072
33.7021
33.8773
34.0832
33.112
32.2766
33.3028
31.88
32.6668
31.8377
32.4557
31.7825
31.3963
31.8267
31.2164
30.9934
30.4768
30.9681
30.4127
29.6993
30.137
29.9934
29.2732
29.7834
29.0243
29.4065
28.9655
28.1177
28.4165
28.2686
27.9881
27.6339
27.8947
27.8686
27.2338
27.3529
26.857
27.0039
26.4151
26.2567
26.3864
26.2664
25.8453
25.9291
25.4466
25.6763
24.8925
25.6792
24.7696
24.7127
23.9864
24.4339
23.9118
24.2284
23.906
23.8921
23.7928
23.9776
23.7953
23.4851
23.1494
23.3522
23.4105
23.0045
23.1814
23.1869
22.99
22.6938
21.9281
22.2262
22.3323
22.3465
21.6217
21.806
21.6663
21.5358
21.8273
21.8302
21.6325
21.2495
21.1595
20.9654
20.8155
20.6445
20.2958
20.4925
20.5065
20.3647
20.0655
20.0323
19.9266
19.9491
20.0299
19.2978
19.3865
19.6705
19.5796
18.9549
19.4297
19.3587
18.9712
18.9827
18.5644
18.756
18.7271
18.6708
18.4874
18.9016
18.6516
18.3319
18.107
18.1108
18.1604
17.8151
17.8838
17.5797
