1.12352
0.155162
0.0894418
0.0890653
0.0876286
0.0766652
0.0709349
0.0710726
0.0687823
0.0668714
0.06425
0.0680432
0.0650882
0.0712052
0.0713455
0.0685214
0.0712782
0.0684706
0.075884
0.0743914
0.0768474
0.0832212
0.0836683
0.0815739
0.0835366
0.0879218
0.0933364
0.0924521
0.101262
0.104145
0.106757
0.117277
0.116492
0.115295
0.123195
0.132819
0.128864
0.130203
0.134055
0.137082
0.131989
0.140045
0.138541
0.141042
0.142711
0.148016
0.145971
0.151538
0.147894
0.148012
0.157768
0.15604
0.155639
0.161282
0.160541
0.164338
0.16279
0.168679
0.171163
0.172802
0.175882
0.181235
0.182347
0.180964
0.184002
0.186224
0.185116
0.189834
0.195597
0.194204
0.200165
0.199184
0.198075
0.203086
0.20141
0.209116
0.207497
0.208159
0.20768
0.21071
0.211318
0.210903
0.211884
0.210964
0.213975
0.214073
0.216546
0.217388
0.220221
0.220025
0.219364
0.229896
0.223449
0.232155
0.225682
0.227847
0.227494
0.236137
0.23101
0.240916
