854.98
903.786
875.863
806.273
874.468
849.628
865.03
837.17
807.928
797.243
791.777
812.245
817.456
831.708
809.245
817.696
819.196
821.732
802.906
823.069
222.479
141.585
139.697
139.18
138.23
137.439
142.81
142.813
137.937
138.404
138.856
145.567
140.44
136.559
139.389
141.993
141.081
139.7
141.235
139.661
141.14
138.021
135.945
135.539
139.836
138.333
139.78
136.919
141.957
141.83
140.148
138.048
135.334
135.295
142.287
133.057
136.164
133.645
138.123
136.024
136.69
136.814
132.163
128.351
121.551
121.67
114.971
105.006
96.4804
87.8052
82.0354
83.5317
85.2721
84.309
80.5993
83.3436
83.4604
89.3904
86.6762
79.9718
84.4861
81.6828
85.5252
80.3691
79.1518
80.0831
80.859
79.4504
75.7964
78.952
75.944
79.2663
74.1547
70.1585
66.6365
63.8035
64.1609
66.1915
69.3472
68.6257
70.7264
69.4924
70.402
69.9045
71.2649
71.3587
71.9333
70.3258
71.2802
70.6798
70.4617
70.495
71.6065
68.1508
69.1878
70.0931
71.1761
69.2534
71.4047
72.5303
70.726
68.9952
67.0002
69.2689
70.3049
68.7203
69.5604
71.5266
66.6894
71.2431
68.6395
68.2805
69.5887
67.7567
69.5561
69.4982
67.2762
69.0867
68.1446
66.0034
67.5254
67.9206
69.4743
67.6443
67.2637
66.1572
65.6222
66.0703
65.8894
68.1894
66.9066
66.617
65.7428
64.7303
64.0776
65.3396
63.2637
66.8259
66.2126
63.7244
66.6664
64.4187
64.824
63.787
65.3087
63.0584
69.1585
68.9617
66.2405
63.5844
64.1566
66.2875
62.8921
65.3619
64.4497
65.3365
63.491
66.8041
61.757
61.6703
63.321
63.1815
58.6096
62.7572
61.2327
63.7349
63.1225
60.1146
63.3026
59.0639
62.4462
59.0165
60.6132
59.9529
59.9659
60.3066
62.6986
60.3621
60.0783
60.9803
