120.132
119.378
119.581
119.616
119.724
119.676
119.386
119.347
119.357
119.529
119.871
119.534
119.61
119.465
119.697
119.619
119.592
119.449
119.619
119.631
119.557
119.629
119.903
119.053
119.546
119.561
119.035
119.481
119.685
120.036
119.358
119.157
119.177
119.908
119.888
119.19
119.64
119.336
119.359
119.836
119.47
119.599
119.113
119.821
119.125
119.961
119.356
119.202
119.936
119.017
119.192
119.394
119.246
119.097
119.899
119.49
119.193
118.969
119.794
119.259
118.62
118.686
119.256
118.94
118.895
119.076
119.409
119.025
118.623
118.009
118.562
118.133
117.831
118.487
118.423
118.754
117.955
117.129
118.536
118.701
118.548
117.999
119.185
117.268
117.333
117.761
118.578
118.122
118.076
118.425
117.904
117.748
115.919
113.759
115.339
114.291
115.736
113.36
119.761
115.867
115.769
116.241
116.45
116.993
117.821
118.496
117.062
118.248
115.834
116.503
116.927
116.919
116.831
117.655
116.107
117.319
115.631
116.78
116.491
117.11
116.571
114.51
117.142
116.709
118.336
117.212
116.17
116.703
116.004
116.423
114.412
115.425
114.992
115.476
116.683
117.587
114.003
117.656
114.789
114.645
115.514
116.747
116.733
116.587
115.132
114.431
113.415
114.163
118.486
116.993
113.91
115.87
116.512
115.605
117.286
114.194
114.49
115.662
116.101
114.733
116.064
114.595
113.381
112.924
115.483
113.908
113.839
113.218
114.119
114.768
116.524
115.44
115.08
115.459
115.416
116.052
115.581
114.854
113.35
113.93
114.103
115.414
112.871
114.584
114.468
115.816
113.522
115.461
113.655
114.564
115.68
113.895
113.733
116.448
114.302
115.189
115.268
117.31
113.363
116.327
