1.52149
1.50626
1.51128
1.5147
1.5269
1.51231
1.5182
1.51376
1.48576
1.50762
1.52625
1.51047
1.52682
1.4936
1.49579
1.51661
1.49081
1.50425
1.47418
1.48544
1.48092
1.49439
1.49461
1.49549
1.50435
1.48542
1.49745
1.48924
1.52179
1.51965
1.48216
1.50029
1.4974
1.4896
1.47463
1.51302
1.47425
1.48449
1.49553
1.48794
1.49114
1.49098
1.49361
1.48813
1.48247
1.49232
1.48722
1.48463
1.49078
1.47797
1.48212
1.48126
1.47196
1.48241
1.49477
1.47828
1.4935
1.4897
1.50394
1.4797
1.49027
1.48814
1.46631
1.48372
1.49276
1.45613
1.47046
1.51201
1.48235
1.48426
1.481
1.47189
1.46628
1.47017
1.47417
1.47783
1.48345
1.48292
1.47709
1.4672
1.47875
1.47865
1.49632
1.48202
1.46864
1.47258
1.48154
1.49072
1.48275
1.4319
1.45379
1.46805
1.4785
1.47406
1.47511
1.49143
1.4657
1.48548
1.48694
1.48952
1.47337
1.47531
1.47075
1.43894
1.46387
1.46419
1.44609
1.45384
1.4728
1.48035
1.48442
1.46324
1.48642
1.4531
1.45502
1.43767
1.44151
1.4545
1.45079
1.4779
1.44879
1.44197
1.44183
1.45167
1.44548
1.45011
1.47329
1.4778
1.46621
1.47485
1.46726
1.42781
1.48125
1.42785
1.47663
1.4578
1.43444
1.46158
1.4501
1.4793
1.46947
1.45153
1.38062
1.47591
1.4702
1.45884
1.46152
1.46647
1.44498
1.477
1.43865
1.4535
1.40598
1.46561
1.46067
1.47917
1.45528
1.43834
1.46207
1.45318
1.44878
1.46902
1.46363
1.45204
1.46076
1.4681
1.43147
1.44894
1.43374
1.45671
1.45507
1.42856
1.443
1.42109
1.43962
1.41533
1.45697
1.41548
1.42084
1.44669
1.42123
1.42118
1.45635
1.42313
1.4186
1.38229
1.45669
1.45746
1.44234
1.44755
1.4556
1.39805
1.44326
1.46392
1.47456
1.39407
1.45075
1.45308
1.4442
1.4446
