14.8624
15.2379
14.8758
15.3006
16.2014
16.3471
16.5326
15.2101
15.2331
15.9406
16.4834
15.1939
15.6638
15.1051
15.5947
15.1914
15.1358
15.4766
16.3302
15.7741
16.3707
16.4508
15.2308
15.2718
15.2642
16.5656
15.369
16.3722
13.0659
16.5077
14.3134
15.1341
15.3806
16.393
15.1891
16.404
16.5058
15.0597
15.809
15.1892
16.1885
15.7664
16.3978
14.256
15.8337
15.3401
15.7871
16.4853
16.6019
16.5309
15.2049
15.1261
15.404
14.744
15.5573
14.9798
13.3143
16.5887
15.4174
15.2845
15.2732
15.2805
15.1823
14.9835
16.0275
15.8741
14.816
14.2972
15.3411
16.3924
16.1921
14.9193
15.3411
16.4758
15.0436
16.2839
15.3551
14.4724
15.8932
15.5481
16.2998
14.7469
15.5113
14.9374
14.8245
15.9625
15.5859
13.9815
15.3672
15.2881
15.9898
14.3804
15.1126
15.5613
15.0692
15.5495
15.8744
15.3901
15.3084
16.2462
15.3085
15.0027
15.5799
15.0113
16.2794
15.9309
14.9449
15.0201
14.7491
16.1142
16.3437
16.481
16.3673
15.2968
16.2999
16.4863
15.5628
15.5394
16.3789
15.1795
16.4185
15.7707
16.4216
14.2425
14.1332
15.34
14.8319
16.5501
15.5345
15.7716
15.4468
15.1241
14.8612
14.7616
16.2242
15.8265
16.59
15.1231
14.9705
15.268
15.7698
14.5901
15.3985
15.1322
15.1788
16.3129
14.8332
16.2179
15.0452
14.7149
15.2049
15.1423
13.7985
15.1144
16.2907
14.7575
15.4448
14.8891
16.7699
13.3611
14.5788
15.9451
16.7699
16.37
14.9638
16.0622
15.8814
14.8014
13.9743
16.7699
15.2231
15.5201
15.1041
16.3018
15.4587
15.5647
15.4744
14.4144
16.7699
16.2519
16.1374
16.3291
16.5803
16.7699
15.5619
16.221
16.155
15.1653
15.8963
16.056
16.5295
16.2342
15.0966
14.466
16.6087
15.0732
16.3195
15.205
15.2122
16.3544
