0.206633
0.330318
0.259997
0.281596
0.281989
0.263826
0.266101
0.274791
0.263022
0.266057
0.256683
0.262577
0.267969
0.263697
0.261834
0.26559
0.278804
0.287228
0.281613
0.289175
0.285099
0.282191
0.287645
0.284853
0.287372
0.283718
0.282488
0.288734
0.295063
0.295235
0.298782
0.289718
0.301786
0.291204
0.294409
0.292066
0.298245
0.304647
0.299656
0.293065
0.300866
0.297619
0.304754
0.309697
0.312887
0.303773
0.306472
0.299804
0.307678
0.31362
0.31498
0.318361
0.30986
0.31847
0.318282
0.319868
0.317996
0.315857
0.312173
0.315298
0.323616
0.314787
0.324221
0.32696
0.322106
0.324007
0.322398
0.324436
0.330573
0.33453
0.327325
0.324079
0.315632
0.326608
0.330271
0.323888
0.336639
0.324627
0.331281
0.322166
0.326938
0.333718
0.328774
0.325174
0.326031
0.322981
0.324148
0.319771
0.321789
0.310843
0.323309
0.317563
0.314162
0.310152
0.312901
0.305794
0.320776
0.313238
0.30435
0.309484
