11.1393
10.37
10.9808
10.4779
10.799
11.86
10.3899
11.1908
11.4966
10.473
11.4084
11.2721
9.47869
11.7196
11.951
10.0144
11.4264
12.2971
11.8558
11.4591
12.2363
10.9133
11.2905
12.1887
11.3341
12.078
11.6881
11.6833
12.8046
12.1518
11.753
12.1709
12.4383
12.0196
11.8644
10.8056
12.17
12.6007
11.5451
11.743
11.7974
12.3631
12.204
12.0289
12.4242
12.3031
12.1589
12.0135
12.2309
10.9055
12.2332
11.5026
12.5201
12.5583
11.8132
11.9977
12.1465
11.7611
11.9824
12.141
12.0474
12.283
12.3998
11.9866
12.4696
12.5084
12.4017
12.5291
12.3068
12.5676
12.4672
12.496
12.5067
11.6541
12.2718
12.2194
12.4907
12.4851
12.2498
12.5984
12.2352
12.3352
12.5197
12.3044
11.8929
12.4928
12.1312
11.8946
12.3395
12.3849
12.5526
12.4409
11.531
12.446
12.3728
12.5939
12.2877
12.2906
12.0392
12.0577
11.9431
12.4508
12.1092
11.6909
12.8438
12.563
12.7287
12.3652
12.5039
12.7379
12.4165
12.3966
12.6616
12.6438
12.7474
12.843
12.8488
12.5376
12.8742
12.835
12.6442
12.5795
12.5495
12.6118
12.7338
12.5499
12.6912
12.4935
12.5973
12.8544
12.7537
12.7693
12.7996
12.663
12.714
12.6211
12.6342
12.7344
12.6537
12.3943
12.4993
12.8824
12.5234
12.7698
12.7854
12.6265
12.6329
12.8204
12.8553
12.8011
12.854
12.4275
12.629
12.8311
12.8898
12.8742
12.4925
12.7484
12.8527
12.7636
12.7066
12.5862
12.8339
12.8313
12.6764
12.7086
12.8217
12.6165
12.696
12.7393
12.623
12.6691
12.803
12.8
12.8559
12.8164
12.7556
12.7867
12.4828
12.7699
12.8318
12.8565
12.8198
12.8726
12.4508
12.7617
12.7025
12.5435
12.4934
12.5463
12.8364
12.8444
12.6791
12.7458
12.8439
12.6837
12.6761
12.5732
12.6565
12.8069
