622.088
720.605
713.13
703.244
708.732
744.521
727.009
736.936
703.014
699.007
702.07
718.68
703.966
668.94
701.714
684.413
703.579
683.566
686.911
678.491
672.991
693.974
674.852
675.783
683.253
696.95
660.154
672.89
656.079
666.107
651
654.725
651.984
658.83
654.069
658.396
632.383
636.113
646.378
627.992
635.608
625.781
637.923
610.578
620.004
627.366
630.252
617.777
616.308
609.644
620.594
623.181
617.388
610.146
586.114
600.194
578.709
614.84
590.623
583.166
590.187
590.357
585.631
599.291
585.529
558.848
577.46
575.069
581.326
578.051
576.423
567.552
567.365
560.185
569.394
562.699
564.298
560.148
571.521
572.198
560.359
547.914
549.82
554.628
547.872
546.946
542.039
536.366
539.597
526.004
531.552
519.029
520.304
515.462
525.278
494.984
520.379
517.757
516.328
502.124
485.379
481.427
483.561
501.267
483.155
496.1
484.187
488.807
469.732
477.738
470.062
473.69
473.512
495.293
491.293
477.869
488.809
487.206
488.814
456.867
473.671
467.724
456.124
450.422
448.082
456.35
449.777
439.246
442.923
435.984
440.431
436.925
431.753
427.36
426.743
429.734
419.183
414.074
427.844
423.356
419.306
412.943
415.061
406.357
411.672
403.126
406.138
404.053
390.927
397.263
386.311
390.249
389.356
379.294
382.806
385.203
379.555
379.733
375.267
366.251
372.472
369.282
367.284
369.25
359.86
372.072
365.065
360.563
355.546
360.771
359.583
348.561
339.866
345.817
350.831
349.84
348.982
340.268
344.62
342.423
347.688
338.444
350.182
333.631
335.364
336.293
335.217
333.239
341.885
332.168
335.928
339.197
323.659
338.633
335.502
334.376
339.28
330.95
332.903
327.447
