112.517
112.615
112.657
112.691
112.772
112.925
112.741
112.48
112.352
112.18
112.268
112.848
112.306
112.393
112.864
111.463
112.251
113.058
112.782
112.837
112.139
112.444
112.669
112.864
112.495
112.693
112.562
112.182
111.761
112.394
112.704
112.615
111.908
112.722
112.027
112.765
112.431
112.221
111.939
112.371
112.512
112.797
112.64
112.662
112.418
113.25
112.228
112.289
112.499
112.747
112.872
112.399
112.112
111.963
111.557
112.002
112.519
112.352
111.465
112.527
110.949
112.864
111.169
111.674
112.496
111.989
111.602
112.194
111.545
111.63
110.787
111.041
111.703
113.15
111.847
111.051
110.995
110.084
109.685
108.565
109.294
112.144
110.331
110.947
109.161
110.506
109.883
110.776
109.294
111.321
108.219
111.768
109.668
109.068
109.559
109.75
107.622
108.104
109.447
109.22
109.054
109.966
108.306
107.874
109.666
110.705
106.971
108.881
110.527
108.901
109.215
109.853
110.16
109.675
109.377
108.208
108.827
109.027
105.893
108.1
111.152
107.397
108.721
105.41
108.565
106.638
107.253
107.448
107.028
108.888
108.783
108.024
105.99
108.366
106.56
106.426
106.269
107.5
104.665
106.978
105.874
112.449
108.025
106.966
107.798
110.297
110.326
107.037
105.847
107.151
105.888
106.606
106.298
106.95
106.001
110.337
108.383
108.495
104.454
105.216
108.15
104.557
104.265
104.782
106.322
106.053
109.934
108.207
106.726
107.602
105.127
104.966
104.711
104.261
104.012
107.216
106.357
112.53
107.916
104.672
104.61
106.348
104.921
112.054
106.791
104.705
110.505
104.157
106.494
106.547
109.617
110.129
109.424
109.402
107.275
104.66
107.214
105.94
108.336
109.819
