403.542
472.2
475.125
453.769
435.168
429.19
413.811
443.68
432.305
428.705
433.528
428.829
413.39
413.211
423.849
417.037
427.384
433.915
424.4
424.095
425.816
423.44
401.024
412.308
424.139
412.863
419.373
412.83
408.638
418.601
83.7219
63.3811
63.647
64.4353
63.6055
64.001
59.7732
64.3979
61.8814
61.4829
60.949
59.7097
60.5255
60.2734
59.035
60.2818
54.6157
55.1198
53.4297
54.4859
52.5124
48.105
48.7185
43.9306
42.3148
43.2954
41.9096
39.2738
38.4431
40.8038
39.5662
40.3645
38.1489
40.2525
38.8034
39.9705
38.1142
36.6933
38.4377
35.5114
37.9515
34.1038
35.7327
37.2653
37.878
37.3826
37.7073
36.6147
36.496
35.9372
37.3904
36.4427
36.2827
35.0244
36.3346
34.1384
37.4403
37.218
34.8898
36.416
38.0942
36.6639
36.6822
36.3935
36.4176
34.4663
33.8288
29.3824
28.0163
28.4505
29.4904
31.02
32.6647
31.4789
31.4856
32.6005
31.82
31.8755
32.6035
32.3997
31.6076
32.5614
33.0659
32.183
31.9018
33.4233
32.6149
32.4543
31.7637
32.7327
32.1953
32.4589
31.49
31.5182
33.8303
32.4149
33.3439
32.0803
32.8097
31.6625
31.7704
32.1187
33.7541
33.1277
31.2445
31.6155
32.4705
32.8212
31.9332
33.81
31.5935
32.6997
31.7622
31.3618
31.7078
31.1584
32.0946
30.8803
32.4823
31.898
31.6992
32.65
30.8043
31.8557
31.563
31.8083
30.864
31.1373
31.6558
31.4993
31.1048
29.889
30.6769
30.8576
30.9896
31.5312
32.5154
31.1542
30.1953
30.8375
32.1058
31.2681
31.3037
29.9918
30.3804
29.7035
30.4581
30.9989
30.2442
29.5026
29.8415
31.0376
29.9218
30.5103
29.3262
30.0842
29.835
29.9376
30.5337
30.7512
30.1664
31.2706
30.0002
30.473
30.4859
29.8183
29.1344
30.1928
28.5543
28.7564
