7.30643
7.80991
7.85482
7.17984
7.23445
7.16831
7.76036
7.74945
7.80536
7.66684
8.18102
8.18968
7.22317
7.15766
7.62687
7.39421
7.91665
7.43269
7.38811
8.1726
7.46056
7.16223
8.31713
7.59844
7.03478
7.6715
7.82221
7.61328
7.41994
7.11382
7.69016
8.33045
7.47807
7.53269
7.88109
8.41816
7.70381
8.34775
7.53327
7.76319
8.28537
7.36148
8.40657
8.0443
7.97758
8.50735
8.52468
8.51029
8.37401
8.48196
8.41356
8.37401
8.46093
8.4535
8.41816
8.27036
8.27036
8.27036
8.50641
8.27036
8.42047
8.41356
8.41356
8.40657
8.27036
8.34259
8.41356
8.37401
8.27036
8.28657
8.27036
8.27036
8.40657
8.27036
8.27036
8.27036
8.41816
8.27036
8.27036
8.48196
8.27036
8.4535
8.27036
8.27036
8.27036
8.41356
8.27036
8.27036
8.27036
8.27036
8.27036
8.27036
8.27036
8.27036
8.27036
8.27036
8.27036
8.27036
8.27036
8.27036
