71.5067
71.3544
71.3802
71.2063
71.1627
71.1985
71.3768
70.9136
71.3407
71.1532
71.1283
71.1149
71.2548
71.151
71.4888
70.9947
71.0786
71.2075
71.1348
71.4216
71.1447
71.5459
71.0563
71.1897
71.0998
70.8988
70.6248
71.1496
71.54
71.2945
71.1224
71.2146
71.1796
71.4261
71.4404
71.2965
70.9461
71.3631
71.0495
70.8769
70.9894
71.2216
70.7056
70.9737
71.2491
70.8579
71.1647
71.4574
70.8787
70.3253
71.3905
71.2567
70.8383
70.0447
70.8915
70.867
69.5793
71.1262
70.0171
70.0104
70.445
70.3953
70.0759
70.2039
69.8034
70.3896
69.8709
70.3089
70.3626
70.4144
69.9921
70.0335
70.6647
69.3205
70.9267
69.8612
69.8318
69.8292
70.3672
68.6819
69.2464
69.9905
68.9555
68.8984
69.3029
68.8009
69.3398
68.8901
69.6092
68.4447
70.3404
67.884
67.9145
67.1806
70.4216
67.0682
68.6496
70.0469
67.8669
68.5998
68.557
69.6268
69.443
69.699
70.2248
70.0147
70.0852
68.913
69.7759
69.866
69.8227
68.8485
68.3511
68.651
67.1658
67.786
68.9227
67.7706
69.2957
69.1317
66.8415
69.3908
68.5909
68.0535
70.785
70.0229
69.42
69.4142
70.9451
69.7592
69.2077
68.4555
68.7806
68.6801
67.7559
66.7918
68.5607
70.1382
69.1162
68.0219
69.2817
69.4803
69.1392
70.0982
68.7608
66.9548
69.4703
68.0987
70.3255
68.8854
69.1891
67.899
68.899
69.0578
67.4422
69.8616
66.4694
69.6939
67.6448
70.2769
67.6552
68.2497
70.1485
68.844
67.111
67.6706
69.164
68.9973
70.4068
67.5935
68.8136
69.0937
70.5594
67.2482
67.2267
66.9925
68.2608
69.935
67.3777
68.2886
68.1367
69.3804
69.015
69.2466
68.33
69.1171
65.9964
67.4661
67.1735
69.089
69.2421
69.366
68.1586
68.6568
68.6201
69.3856
69.9501
68.7939
69.3733
68.2944
