45.6545
39.7305
38.279
38.4631
36.7659
38.0417
39.8746
39.5662
39.1703
39.4888
40.016
40.4694
39.8668
39.4372
40.5579
40.7983
39.9909
41.8353
40.2088
39.5995
40.1475
39.8444
39.9602
39.9336
40.8624
40.7568
41.047
42.0273
39.4541
40.8088
39.246
39.6169
38.7424
37.4018
37.4305
35.6926
33.9768
30.7646
28.8485
25.2816
23.2792
21.3103
19.3481
17.3367
17.1548
15.9927
15.5271
15.4783
15.5979
16.0408
16.585
16.3611
16.617
16.9637
16.3037
16.6481
16.832
16.4692
17.1064
16.8574
16.2118
16.6771
16.8375
17.8282
16.5974
16.8045
16.8128
16.9925
16.9112
17.133
16.7613
16.5637
17.0784
16.6334
16.7052
17.0125
17.7165
17.9327
16.787
16.838
17.2912
17.7308
17.0865
17.1745
17.4609
17.506
16.5905
17.024
17.3808
17.0012
17.5056
16.5234
16.4071
14.0122
13.9371
15.0783
16.2257
16.5582
16.6943
16.9573
16.9271
17.6907
17.5046
17.0242
16.9422
17.2084
17.0849
17.328
16.8854
16.3984
16.0496
16.3725
17.0452
16.0093
16.3154
16.9559
16.8505
16.2876
16.851
16.5296
16.1154
17.1693
16.2279
16.7089
16.4094
16.6384
16.9572
16.9084
16.3956
16.7206
16.6432
16.478
16.5089
16.0138
17.147
16.6467
16.5097
16.4964
16.4273
16.8928
16.2186
16.6829
15.9006
16.5511
16.0122
16.9037
15.6146
16.1051
16.4928
16.7005
16.1115
16.0268
15.946
16.1945
15.4825
15.8207
16.3195
16.489
15.8063
16.4146
15.9339
15.9749
15.5373
15.9097
15.1621
15.2539
15.6532
15.4011
15.7875
15.7902
15.7272
16.0969
16.0301
16.4492
15.8577
15.7211
15.2782
15.3907
15.9751
15.5887
15.4787
15.5273
15.6896
15.9284
14.4855
15.9101
15.2614
16.0386
14.6968
15.5434
14.9951
15.4321
14.7793
15.2336
14.9061
14.2981
14.9622
14.8502
15.2726
15.1272
