3.76861
0.862799
0.350072
0.369726
0.361504
0.38587
0.388025
0.387699
0.352653
0.349105
0.333591
0.348302
0.344527
0.346997
0.341962
0.356598
0.357804
0.359294
0.355765
0.372014
0.36856
0.365847
0.34142
0.351498
0.355316
0.350743
0.35457
0.344904
0.372261
0.352283
0.369383
0.361058
0.37715
0.369977
0.379479
0.375815
0.368619
0.381188
0.389271
0.39137
0.369683
0.387027
0.392135
0.391161
0.383837
0.385598
0.405719
0.39976
0.39384
0.398276
0.390246
0.408954
0.409417
0.397807
0.407659
0.393112
0.408412
0.421659
0.42607
0.409513
0.406025
0.412834
0.427468
0.423328
0.400909
0.419236
0.41988
0.420851
0.410155
0.414554
0.406244
0.406357
0.402714
0.403513
0.401071
0.411951
0.403137
0.401688
0.397363
0.396386
0.393347
0.3981
0.401482
0.388475
0.388814
0.397277
0.393516
2.1314
1.65488
0.55364
0.505888
0.511075
0.479868
0.455075
0.45583
0.459896
0.443729
0.445812
0.463873
0.429649
