3.60951
5.31784
5.63118
10.0899
5.6253
6.77787
8.27551
9.22026
8.23307
6.45589
7.05732
8.06874
8.2542
5.98053
6.04906
6.14841
5.61912
8.18885
9.40165
9.23304
7.585
6.40364
7.90381
10.5224
8.816
7.24491
10.1167
7.54362
7.85139
9.52531
7.7494
8.33353
8.39328
7.23586
7.52494
6.00787
6.67686
8.06355
6.95201
6.16022
7.52204
7.90791
9.06997
7.2674
7.77809
6.25234
8.02367
7.58959
9.00742
8.21121
7.40786
7.88972
8.04324
9.90765
7.26418
8.6494
8.81818
7.27747
10.6724
9.30201
7.77404
7.28188
7.84412
7.28188
7.95925
10.4533
8.1776
7.72883
8.05926
8.86763
8.73702
8.14916
10.7014
8.06869
8.15237
9.28059
7.72269
12.2042
7.81029
8.46624
8.37088
8.71858
8.15407
8.65086
8.76479
8.46442
8.30302
8.25586
8.30742
9.21268
10.6783
9.4595
8.16844
9.19433
8.24895
8.69039
10.6764
8.62145
10.6764
10.6764
