57.5969
57.6639
57.6993
57.2978
57.318
57.4763
57.585
57.5466
57.6171
57.4707
57.1481
57.5933
57.5358
57.4921
57.5957
57.3622
57.4175
57.6236
57.3788
57.5538
57.5114
57.5525
57.6176
57.4218
57.57
57.5597
57.4061
57.5669
57.3277
57.5469
57.503
57.3532
57.2203
57.4588
57.6004
57.4753
57.4698
57.627
57.5279
57.3512
57.5592
57.6095
57.3464
57.5429
57.4256
57.4817
57.5983
57.3809
57.6027
57.5597
57.489
57.5005
57.3711
57.4624
57.728
57.0093
57.2612
57.44
57.6927
57.2836
57.1392
57.632
57.3554
57.5883
57.0791
57.0097
57.2785
57.3367
57.1844
56.8114
57.7018
57.5447
57.0221
57.4382
57.0132
57.4943
57.317
56.4548
55.2099
57.2468
56.6877
56.1366
54.8095
55.9899
56.3698
56.9286
55.1611
56.2763
56.1491
56.4159
55.7869
55.9171
55.5958
55.1215
56.2799
56.2601
56.158
56.4843
55.1725
55.9284
55.8605
55.1845
56.4195
55.1653
54.4662
54.7582
55.5093
56.0702
56.6342
56.2771
56.8611
55.9223
54.8605
56.3885
55.3607
55.7041
55.059
55.299
55.9127
54.8162
54.9911
54.4821
56.432
53.8904
54.7293
55.7887
54.2626
53.8152
55.4959
54.7917
56.7622
54.6432
55.936
55.9535
54.5556
55.8426
56.1214
54.7062
55.1767
54.5562
54.8275
55.0678
56.3571
55.121
54.2716
56.0255
54.8839
56.6744
56.4139
55.3664
56.1877
55.7109
55.0875
56.1259
56.1024
56.4467
55.4235
57.0673
55.461
54.5953
54.6605
54.0393
55.7614
55.3297
56.7008
55.235
55.3955
56.5219
56.5756
55.4539
54.5759
55.8241
54.4203
55.9419
55.9538
55.46
55.3189
56.4493
56.7035
56.7811
55.4048
55.7635
56.5633
54.608
55.3756
56.1221
54.8291
56.3497
56.019
55.6024
55.4484
55.2909
55.0277
56.4958
56.5277
56.0178
54.6448
56.4542
55.0543
56.0603
