0.170611
0.158903
0.159923
0.0873906
0.0304705
0.027551
0.0297806
0.0281583
0.0270219
0.02653
0.0291642
0.0283075
0.0290368
0.0306489
0.0325696
0.0291193
0.0322226
0.0301488
0.0327234
0.0324897
0.0357502
0.0336975
0.0342616
0.0337358
0.0389745
0.0341481
0.0340979
0.0369953
0.0347086
0.0352101
0.0343183
0.0363845
0.0361542
0.0347437
0.0359041
0.0366056
0.03538
0.0374752
0.0379766
0.0364689
0.0384909
0.038147
0.0385878
0.0400103
0.0392377
0.0388254
0.0391204
0.0391161
0.0423737
0.0395082
0.0417822
0.0426181
0.043635
0.0446508
0.0478194
0.0458006
0.047525
0.046875
0.0477651
0.0492655
0.0485796
0.050652
0.0505523
0.0529312
0.0556058
0.0546781
0.0579074
0.0603625
0.061785
0.0631464
0.0624517
0.0662604
0.0685053
0.0712647
0.0748065
0.0772617
0.0793527
0.082073
0.0831075
0.0860659
0.0884488
0.0909446
0.0911852
0.094142
0.0945577
0.0975152
0.0976284
0.0995884
0.101355
0.106842
0.106168
0.107294
0.109831
0.113503
0.115494
0.114495
0.117215
0.122092
0.124099
0.12577
