3.35248
3.2447
5.30896
3.68908
3.55957
4.94212
5.56656
3.74554
3.3404
5.33595
3.8447
7.048
3.89762
5.48773
4.73413
3.82018
4.89572
4.56502
4.52407
5.58969
10.6132
6.29651
5.34255
3.71736
5.01052
3.62227
4.77695
3.50645
5.5452
4.59698
5.47411
3.83108
3.48955
3.64895
5.39676
5.44418
3.60762
5.2658
5.27974
3.4043
5.58175
5.60405
5.60407
5.60406
4.93077
5.60552
5.60407
5.60407
5.60407
5.60413
5.60407
5.60407
5.60407
5.60407
5.60407
5.60407
5.60407
5.60407
5.49484
5.60407
5.60407
5.60407
5.60409
5.63399
5.60486
5.60685
5.60407
5.60692
5.61199
5.60491
5.63379
5.6347
5.63363
5.61955
6.43586
5.61195
5.60724
5.60932
5.60946
5.60417
5.63468
5.63363
5.63362
5.62219
5.60412
6.58221
5.64429
5.63406
5.61495
5.60424
5.60407
5.65897
6.08593
5.60407
5.63364
5.96482
5.63363
5.76843
5.62729
5.62621
