2.45255
2.52631
2.66697
2.47175
2.42329
2.46698
2.47004
2.5632
2.4722
2.47711
2.57
2.44433
2.37637
2.54287
2.4327
2.60718
2.41533
2.24953
2.44504
2.41626
2.3834
2.38173
2.47814
2.48266
2.39879
2.51522
2.35242
2.61384
2.48971
2.45918
2.36034
2.19598
2.3459
2.46543
2.31023
2.24897
2.47213
2.27462
2.4003
2.38652
2.38893
2.42279
2.44323
2.36913
2.20621
2.42061
2.31316
2.34626
2.61818
2.37067
2.28881
2.22079
2.32927
2.33655
2.36339
2.304
2.25096
2.37349
2.47654
2.15615
2.3402
2.29026
1.90027
2.32831
2.26003
2.19887
2.05743
2.23662
2.21674
2.23962
2.18723
2.46655
2.19564
2.19578
2.16735
2.35747
2.16678
2.32437
2.43965
2.2486
2.08081
2.23319
2.12205
2.12691
2.22112
2.15419
2.18
2.30226
2.2381
2.23619
2.05703
2.28235
2.23642
2.23711
1.938
2.26501
2.30189
2.2494
2.27109
2.16294
2.30257
2.35744
2.0378
2.27162
2.15319
2.26295
2.30595
2.01615
2.09142
2.31633
2.24478
2.21836
2.1799
2.17567
2.05523
2.48626
2.09397
2.18194
2.21461
2.15652
2.09855
2.17237
2.1929
2.15083
2.11772
2.20258
2.18621
2.09378
2.26664
2.1336
2.19587
2.18219
2.25417
2.08175
2.19039
2.17299
2.10857
2.06807
2.11947
2.17313
2.11918
2.06491
2.26861
2.19218
2.11566
2.20108
2.10944
2.17638
2.21844
2.17803
2.17694
2.08131
2.05324
2.308
2.18565
2.15891
2.00125
2.055
2.12225
2.1818
2.07277
2.2026
2.08152
2.06244
1.98604
1.99776
2.22682
2.18336
2.27399
2.11926
2.10131
2.08527
2.19767
2.16574
2.17217
2.09708
2.09284
2.09425
2.09362
2.18816
2.09543
2.10391
2.13387
2.10761
2.04786
2.12415
2.09795
2.21811
2.03709
2.17607
2.08809
2.11616
2.05781
2.16262
2.11715
2.09008
2.0913
2.02965
2.24889
2.09174
