1.72588
1.69752
2.16982
2.20665
2.07612
2.04564
2.11124
2.05006
2.07872
2.12741
2.17552
2.13479
2.15519
2.125
2.07606
2.20123
2.11107
2.17417
2.11181
2.22691
2.25151
2.19281
2.25791
2.33661
2.24926
2.26025
2.26596
2.18706
2.20571
2.10238
2.28002
2.12463
2.17811
2.08385
2.14747
2.10085
2.07804
1.81142
1.8284
1.84356
1.74008
1.85494
1.75101
1.80153
1.85279
1.74902
1.74999
1.70072
1.62725
1.61113
1.58252
1.54614
1.67101
1.5464
1.5503
1.50628
1.49589
1.50699
1.46544
1.44873
1.37574
1.45628
1.36622
1.32031
1.43219
1.34
1.33692
1.39986
1.41172
1.32461
1.37508
1.31144
1.28539
1.26202
1.28678
1.21056
1.24681
1.27607
1.21872
1.21634
1.14892
1.26229
1.16787
1.21653
1.1046
1.2485
1.19474
1.10227
1.16557
1.13976
1.10106
1.16401
1.15753
1.1368
1.09957
1.0888
1.05788
1.0867
1.06471
1.13571
1.12281
1.10065
1.12249
1.0975
1.06836
1.12359
1.12477
1.04575
1.04279
1.05244
1.1221
1.02149
1.18871
1.08672
1.07351
1.03583
1.072
1.05204
1.05539
1.09877
1.03907
1.06179
1.12283
1.13364
1.07584
1.03438
1.04141
1.10546
1.08505
1.0604
1.06353
1.04543
1.09059
1.07014
0.991711
1.04007
1.10123
1.06317
1.07136
1.07036
1.09546
1.04082
1.06682
1.09052
1.06326
1.05588
1.07755
0.989717
1.04475
1.04242
1.09251
1.04783
1.05329
1.07802
1.03959
0.997009
1.07707
0.988708
1.01264
0.996284
1.05637
1.00096
0.980467
1.0221
1.01485
1.06707
1.01346
0.953352
0.970029
0.962061
0.956917
0.931989
1.02203
1.06666
1.01225
0.992739
0.99936
0.967154
0.96914
0.989261
1.03109
0.978981
1.00347
0.958876
0.97784
1.00154
0.992564
1.00887
0.978564
0.902634
1.00945
0.979826
0.949106
0.98097
0.935451
0.960004
0.961841
0.995852
0.952878
0.941588
