105.314
105.535
104.488
104.84
104.966
105.549
105.225
104.883
105.386
105.669
105.153
104.719
105.336
105.123
105.039
105.164
105.119
105.47
105.081
105.041
104.502
105.211
105.399
104.821
105.874
105.349
105.597
104.782
105.291
104.947
104.956
105.654
104.875
105.157
105.258
105.524
105.26
105.318
104.998
105.363
105.116
105.348
104.352
105.169
103.711
104.939
103.912
104.399
105.205
105.168
105.036
105.33
104.233
105.152
105.108
105.184
104.796
104.353
104.361
105.059
104.431
104.956
104.694
104.492
104.165
105.542
105.231
104.417
105.416
104.039
103.605
104.67
105.225
104.763
103.844
103.455
104.034
103.801
103.751
104.41
104.098
104.301
103.811
103.68
104.865
103.277
102.01
103.656
100.967
102.145
102.41
103.612
105.426
103.552
103.915
102.508
102.949
103.577
103.437
105.242
103.844
103.319
104.449
103.208
103.929
103.249
103.722
102.636
102.263
103.843
103.687
102.568
104.421
102.294
104.001
102.411
101.483
102.407
102.844
101.212
102.914
102.849
103.054
103.198
103.09
102.261
102.448
101.246
103.88
102.218
103.561
101.833
101.618
100.522
101.93
101.459
101.428
104.119
101.185
103.136
103.625
101.841
101.351
102.474
102.072
101.798
102.53
101.415
101.195
102.839
101.578
102.114
101.856
101.558
101.384
101.944
102.417
103.694
101.784
101.432
101.691
103.009
102.508
102.866
101.479
102.135
101.755
101.913
101.933
101.375
102.995
101.463
102.067
103.078
102.956
102.621
102.296
101.902
101.591
101.432
101.935
99.9876
101.282
102.084
100.96
101.456
100.996
102.364
102.164
101.52
101.421
101.206
102.343
102.215
101.568
100.869
101.703
100.503
101.923
100.492
