13.0621
12.9201
14.7201
13.7206
13.7908
13.78
14.732
14.5916
13.1507
13.2146
13.8582
14.528
13.1463
13.7651
13.7775
13.8113
13.5491
13.4845
14.5901
14.4006
14.8262
13.7976
13.878
14.6827
13.3251
13.8826
14.3723
14.3384
13.7795
14.5164
14.4178
14.0611
13.9906
13.9909
14.5668
14.0064
14.2534
14.4682
14.0501
14.4595
14.4669
14.2096
13.8642
14.5209
14.5769
14.2121
13.9863
14.1817
14.7368
14.5161
14.7787
14.5124
14.5406
14.7083
14.2194
14.6349
14.7543
14.4116
14.7568
14.8169
14.5294
14.6564
14.1646
14.7226
14.805
14.4567
14.1144
14.8032
14.7296
14.2549
13.9507
14.541
14.4457
14.4608
14.2191
14.5694
14.4757
14.1137
14.4786
14.7251
14.777
14.17
14.2328
14.6762
14.2979
14.4534
14.1691
14.8494
14.4359
14.5189
14.3807
14.2513
14.5306
14.5707
14.2388
14.5915
14.0985
14.2935
14.5495
14.1496
14.2658
13.8508
14.1774
13.9564
14.5781
14.1022
14.646
14.2946
14.201
14.5153
14.3013
14.0816
14.4209
14.1956
14.2383
14.5492
14.3909
13.9932
14.2965
14.4863
14.2848
14.3906
14.3719
14.2586
14.3616
14.5616
13.7327
14.2261
14.4642
14.7801
14.5113
14.235
14.2463
14.066
14.1723
14.4156
14.1165
14.6946
14.6631
14.1259
14.6919
14.3727
14.299
14.5071
14.4937
14.2038
14.4001
14.1924
14.41
14.679
14.2009
14.2505
14.3533
14.4649
14.3691
14.7057
14.4515
14.2171
14.496
14.3529
14.3262
14.7226
14.5928
14.16
13.976
14.6985
14.4913
14.7772
14.6524
14.4597
14.3288
14.1182
14.3434
14.1307
14.7258
14.1455
14.1524
13.9178
14.8732
14.2185
14.2091
14.6151
13.9373
14.6935
13.7885
14.6627
14.1705
14.1596
14.1321
14.0798
14.6588
14.1719
14.2767
14.2232
14.4974
14.1717
13.937
14.5091
14.1329
14.2535
