43.3951
43.5062
43.3876
43.4531
43.3653
43.5292
43.0227
43.5251
43.4565
43.5457
43.5236
43.5046
43.3869
43.4451
43.4939
43.5222
43.5258
43.4284
43.3749
43.4573
43.4497
43.3947
43.2967
43.5251
43.4445
43.5204
43.4511
43.2724
43.3638
43.4089
43.4432
43.5228
43.5404
43.3944
43.4375
43.3846
43.4606
43.4208
43.5167
43.3426
43.4937
43.4303
43.2431
43.3827
43.5027
43.3792
43.4716
43.5456
43.4308
43.4545
43.3286
43.3056
43.489
43.4673
43.4551
43.3903
42.9675
43.2007
43.4383
43.1947
43.175
43.3035
43.3127
43.4339
43.2996
43.5419
43.4373
43.1227
43.3438
43.3803
43.2416
43.2578
43.3729
43.481
43.2502
43.1951
43.1421
43.4819
43.2891
43.1315
43.3357
43.0016
43.3911
43.3434
43.0955
43.2946
43.2619
43.5024
42.9194
43.2437
43.1304
43.4304
43.3142
43.2265
43.1796
42.8859
42.6557
42.6539
43.1146
43.4065
42.8107
42.9981
43.2359
42.5414
42.8023
43.2196
42.9002
42.4612
43.3115
43.0009
42.9036
42.8975
42.525
42.3846
42.8412
42.9831
42.8633
42.7202
42.5131
43.0653
42.9012
43.0857
43.177
42.8528
43.0722
43.2145
42.98
42.4866
42.9384
42.9277
43.1769
42.3837
42.9313
42.5921
42.4936
43.2433
43.0101
42.7964
42.7127
42.8541
42.8002
42.5604
42.6958
42.7311
42.6333
42.4903
42.8187
42.5053
42.5221
42.5966
42.6134
42.2688
42.6629
42.6521
42.742
42.7936
42.6648
42.6734
42.5136
42.6888
42.9852
42.4559
42.5118
42.9077
42.2407
42.5837
42.5774
42.2511
42.2871
42.8835
42.4278
42.5154
42.0169
42.3053
42.2548
42.1996
42.798
42.4658
42.2232
42.6231
42.1813
42.8624
42.1463
42.228
42.3955
41.8956
42.1036
42.2952
42.2526
42.2865
42.6008
42.454
42.1354
42.031
42.7977
42.9408
42.2057
42.1508
42.47
42.008
