4.72298
4.99076
3.87709
5.48466
4.78568
4.71361
5.65636
4.19834
5.54804
5.86656
6.23383
5.05718
5.29038
5.03573
8.41199
6.11663
6.62096
6.32762
6.56673
6.3349
7.17503
6.95716
6.33989
5.13678
6.42034
6.98283
6.62581
6.32519
6.76464
7.84325
6.67963
6.1228
6.91975
6.69557
6.29558
8.19547
9.40935
7.69293
9.04385
7.23843
8.73323
7.7069
8.43391
7.62097
8.71905
8.11513
9.43757
8.13466
7.46261
9.33505
8.60103
7.52808
8.24938
8.90085
8.36379
7.77554
8.09164
7.79403
8.12817
10.4002
8.7712
8.68842
9.12294
10.0343
8.98661
8.70475
8.43357
9.18099
8.36664
8.51977
8.69714
9.19453
9.88793
9.05543
8.65686
9.44317
8.93868
9.56758
9.69499
9.29104
9.86545
9.15831
9.57298
9.7704
9.02864
9.34596
9.7017
9.72925
9.21047
9.98641
9.80337
10.178
8.72966
10.3677
9.63411
9.64831
8.6928
9.6368
9.17898
9.57212
9.92673
9.24789
10.0305
9.85249
9.85588
9.98234
9.74917
9.77637
10.0864
9.92534
9.74082
9.83529
9.82126
9.69055
10.0705
9.86462
9.99402
9.91235
9.77321
9.73523
10.1381
9.84978
9.88189
10.2016
9.78308
9.82467
9.8282
9.7804
9.65588
9.71847
9.84665
9.7789
10.2065
9.8668
9.90998
9.80291
9.99987
9.91621
9.80511
9.63366
10.4147
9.88568
10.1899
10.3348
9.89935
9.91302
10.3133
9.84071
9.75635
10.1855
10.0857
9.75824
9.83911
10.4006
10.0075
9.66396
9.79419
9.70863
9.73617
9.90135
9.90669
9.9582
9.77232
9.94372
9.84997
9.90954
9.72643
9.70252
10.0561
9.91178
10.1706
9.8341
9.72104
9.99159
10.4871
9.92166
9.60853
10.3113
9.86153
10.0452
10.031
10.2164
10.0158
9.87302
9.70822
9.71282
9.97359
9.90834
10.0948
9.84894
9.92033
10.5558
9.81211
10.0343
9.91456
9.94294
10.0507
9.74927
9.78766
9.59673
