0.00852614
 0.0171044
  0.025785
 0.0346143
 0.0436329
 0.0528733
 0.0623589
 0.0721016
 0.0821016
 0.0923471
  0.102815
  0.113475
   0.12429
  0.135221
  0.146236
  0.157307
  0.168421
  0.179578
  0.190796
   0.20211
  0.213572
  0.225247
  0.237214
  0.249562
  0.262379
  0.275753
   0.28976
  0.304458
  0.319872
  0.335995
  0.352775
  0.370121
  0.387911
  0.406002
  0.424254
  0.442547
  0.460798
  0.478971
  0.497082
  0.515192
    0.5334
  0.551827
    0.5706
  0.589828
  0.609585
  0.629888
  0.650687
  0.671855
  0.693204
  0.714509
  0.735545
  0.756124
   0.77612
  0.795493
  0.814279
  0.832586
  0.850569
  0.868409
  0.886291
  0.904379
  0.922798
  0.941611
  0.960811
   0.98032
