8.60389
9.06242
9.46323
11.2365
9.84337
10.1778
9.0018
12.7152
8.25768
8.61073
10.0747
11.3493
13.0373
10.6129
9.41222
8.79106
9.81388
10.942
9.08767
11.8063
10.6505
8.97144
10.3844
9.59803
10.455
9.74929
10.8205
12.352
9.72321
9.93768
11.2155
8.91909
10.5224
12.3782
11.3128
10.2871
8.96808
11.0154
9.0827
8.02187
11.0038
9.25753
8.73508
9.12489
7.90298
8.42901
8.42646
9.62684
8.34573
11.3794
10.43
8.91508
11.2533
8.82771
10.0544
9.69982
10.0186
9.72608
9.18625
9.90278
9.98533
9.89579
10.165
10.0147
10.0147
10.0114
10.236
9.98721
10.0796
10.665
10.4936
13.5663
11.0782
10.2473
10.1902
10.7525
10.0727
10.0812
10.1905
10.2077
10.0318
10.1287
10.0956
10.0215
10.0708
10.8603
11.1569
9.98533
10.9321
10.0272
9.99578
10.2073
10.6408
10.0427
10.3572
10.668
11.0584
9.97373
9.99536
9.97136
