0.0881117
0.0780705
0.0712171
0.0758198
0.0739026
0.0715635
0.0536051
0.0120289
0.0114854
0.0117008
0.0118652
0.011441
0.0116203
0.0120657
0.0104675
0.00562746
0.00520829
0.00515298
0.00582442
0.0053963
0.00555491
0.00430234
0.00404707
0.00500152
0.00490654
0.00470476
0.00501339
0.00492041
0.00487563
0.00475527
0.00462774
0.0046525
0.00447779
0.00454703
0.00478726
0.00471455
0.0043385
0.00496192
0.00499591
0.00477995
0.00485341
0.0046184
0.00512279
0.00483981
0.00469607
0.00480392
0.00470631
0.00510613
0.00442691
0.00474611
0.00474654
0.00448167
0.00451118
0.00487399
0.0045511
0.0045696
0.00460987
0.00472757
0.00456912
0.00457217
0.00446098
0.00452434
0.00430545
0.00465487
0.00441426
0.00441543
0.00448598
0.00478247
0.00447876
0.00438608
0.00432812
0.00462962
0.00446056
0.00441042
0.0045029
0.00437595
0.00456954
0.00467498
0.00440949
0.00462704
0.0045993
0.00451097
0.00454575
0.00469915
0.00480269
0.00451991
0.0045646
0.00461762
0.00456204
0.00458338
0.00457394
0.00464955
0.00437843
0.00454352
0.00464652
0.0046967
0.00459495
0.00453837
0.00452168
0.00442487
0.00462429
0.00478692
0.00454617
0.00469734
0.00478187
0.00463326
0.00440435
0.00442774
0.00465853
0.0045938
0.00453891
0.00447229
0.00462042
0.00464163
0.00453462
0.00447651
0.00447314
0.00463327
0.00454421
0.00462768
0.00464586
0.00482291
0.00430736
0.00438141
0.00464271
0.00454289
0.00437119
0.00471271
0.00458448
0.00462327
0.00457208
0.00464257
0.00454434
0.00476064
0.0045565
0.0046937
0.00459103
0.00437196
0.0046362
0.0045076
0.00440348
0.00438058
0.00436439
0.0046058
0.00456785
0.00447351
0.00431923
0.00442904
0.00432616
0.00444455
0.00440775
0.00438983
0.00443747
0.00427567
0.00453347
0.00438472
0.00442768
0.0041651
0.00446838
0.00427965
0.00437877
0.00446811
0.0043115
0.00437536
0.0043024
0.00418931
0.00434696
0.00411717
0.00421128
0.00414353
0.00422532
0.0038863
0.00385507
0.0039163
0.00388159
0.00384102
0.00400165
0.0038881
0.00370732
0.00403148
0.0041004
0.00379666
0.00393691
0.00385174
0.00395602
0.00354128
0.00384205
0.00353721
0.0037127
0.00381663
0.0036296
0.00352439
0.00354905
0.00366377
0.00350668
0.00326872
0.0034854
0.00337199
0.00345834
0.00356934
