1.10473
1.10515
1.0975
1.10233
1.10223
1.09732
1.10373
1.09775
1.10531
1.09813
1.09844
1.10502
1.09632
1.10508
1.10231
1.10488
1.10492
1.09888
1.09064
1.10529
1.10329
1.09839
1.09701
1.09841
1.09737
1.10524
1.09388
1.09706
1.09696
1.09674
1.07507
1.07957
1.06345
1.09514
1.08066
1.09538
1.07246
1.05825
1.0506
1.06078
1.09087
1.05122
1.06357
1.06532
1.07122
1.06921
1.102
1.05841
1.06633
1.04969
1.04999
1.05373
1.08493
1.07681
1.05948
1.05318
1.05705
1.0404
1.05091
1.03955
1.06362
1.06023
1.06561
1.04791
1.04862
1.03193
1.07619
1.02641
1.06795
1.02756
1.04609
1.03654
1.04614
1.03759
1.04838
1.02501
1.03862
1.04184
1.02914
1.01801
1.06887
1.01922
1.03667
1.04664
1.03653
1.03166
1.02257
1.01661
1.02957
1.04746
1.02081
1.04748
1.03165
1.02735
1.04111
1.0198
1.01997
1.02615
1.0189
1.04283
1.04204
1.03102
1.02605
1.03696
1.02996
1.03187
1.05511
1.01981
1.03343
1.01881
1.03802
1.03428
1.0251
1.01209
1.04566
1.02317
1.02491
1.01762
1.02446
1.03937
1.02402
1.02731
1.07073
1.03931
1.04094
1.03127
1.01992
1.01913
1.02904
1.06078
1.02199
1.03112
1.01944
1.05057
1.03721
1.01933
1.0458
1.01562
1.01847
1.04107
1.02452
1.0431
1.01767
1.0282
1.01968
1.04165
1.02865
1.02386
1.02219
1.02151
1.02079
1.02046
1.02327
1.02098
1.01853
1.02501
1.02274
1.02265
1.04323
1.02231
1.0256
1.03146
1.01973
1.02125
1.02411
1.01984
1.02578
1.02155
1.04619
1.02527
1.02043
1.02418
1.02195
1.01331
1.02115
1.02115
1.03419
1.03155
1.01666
1.02378
1.03054
1.03471
1.01809
1.02327
1.02198
1.02053
1.02227
1.02291
1.01805
1.01865
1.01934
1.02351
1.01895
1.02224
1.03331
1.01693
1.01856
1.01814
1.02322
1.02346
