0.0138793
0.0128636
0.0126508
0.0130927
0.00682284
0.00358972
0.00685633
0.00619937
0.00661334
0.00614314
0.00307084
0.00448516
0.00489996
0.00510955
0.00453726
0.00449103
0.00436366
0.00489724
0.00384511
0.00351962
0.00310451
0.00327756
0.00306437
0.00360017
0.00336173
0.00327034
0.00313069
0.0034524
0.00377291
0.0032793
0.00352653
0.00308603
0.00322267
0.00299874
0.00294384
0.00280208
0.00321605
0.0030995
0.00322647
0.00339977
0.00356184
0.00347783
0.00338066
0.00366014
0.00364666
0.00359148
0.00372399
0.00381752
0.00360239
0.00368002
0.00371929
0.00377714
0.00371521
0.00369447
0.0037254
0.00396703
0.00390468
0.0039698
0.00408157
0.00414698
0.00413667
0.00408474
0.00425281
0.00426117
0.00430428
0.00443795
0.00456108
0.00470419
0.0044728
0.00453798
0.00459588
0.00465568
0.00469772
0.00472805
0.0048182
0.00480349
0.00465402
0.00498593
0.0049685
0.00503878
0.00495418
0.00497248
0.00518744
0.00486079
0.00494942
0.00490145
0.00496908
0.00507787
0.00499579
0.0049904
0.0051251
0.00517362
0.00501653
0.00507802
0.00515683
0.00504887
0.00530776
0.00522268
0.00516608
0.00514442
0.00519592
0.00502336
0.00526713
0.00529027
0.00515428
0.00536334
0.00538242
0.00532571
0.00532682
0.00538316
0.00517317
0.00535929
0.00542203
0.00544976
0.00545222
0.00550139
0.00565887
0.00543634
0.0054651
0.00574108
0.00554414
0.00553883
0.00571106
0.00546607
0.0055679
0.00546668
0.00563516
0.00584021
0.00579587
0.00552362
0.00552701
0.00562496
0.00553933
0.00571977
0.00574019
0.00541817
0.00575177
0.00561104
0.00567188
0.00561457
0.00571638
0.00592763
0.00598341
0.0056346
0.00582357
0.00583468
0.00588715
0.00582278
0.00572233
0.00577728
0.00571235
0.00577646
0.00565097
0.00565756
0.00590447
0.00591084
0.00589053
0.00564247
0.00597083
0.0057258
0.00576451
0.00600239
0.005799
0.00594938
0.00616276
0.00616022
0.00611832
0.00597583
0.00626858
0.0059549
0.00593343
0.00623401
0.00602251
0.00597632
0.00589475
0.00597276
0.00628099
0.00621084
0.00637252
0.006195
0.0059205
0.00598337
0.00600595
0.00592975
0.00594568
0.00610051
0.00622928
0.00657905
0.00626786
0.00607991
0.00646799
0.00627128
0.00619664
0.00628373
0.00648967
0.0062725
0.00631261
0.00615525
0.00615641
0.00620926
