8.85459
9.91796
9.00204
10.5825
8.33208
8.49913
11.3132
11.2108
10.6056
8.17617
10.5294
9.44778
10.2482
9.90732
10.1853
10.702
9.85669
9.11377
10.6164
9.26246
9.95349
10.8096
11.1877
11.1867
11.4356
11.0511
11.2652
11.2563
10.606
11.1869
10.6633
11.2724
11.4145
11.3139
11.2185
11.0381
10.4756
11.4451
11.6489
11.2157
10.7984
11.4012
11.5615
11.4909
11.4102
10.8176
11.2186
11.3405
11.3721
11.439
11.1917
11.3892
11.4092
11.6695
11.7526
11.3317
11.3758
11.3244
11.1856
11.4048
11.3784
11.4179
11.6713
11.3903
11.259
11.2087
11.5556
11.3949
11.6974
11.6232
11.6546
11.3813
11.372
11.3646
11.5848
11.4915
11.5899
11.4365
11.6655
11.7554
11.5697
11.6503
11.4421
11.7883
11.459
11.3056
11.3103
11.4311
11.5336
11.2942
11.4718
11.375
11.7521
11.3948
11.3162
11.5334
11.6308
11.3734
11.5507
11.419
11.4108
11.5666
11.4902
11.629
11.646
11.5467
11.8416
11.6218
11.3277
11.4397
11.4925
11.6493
11.5472
11.4278
11.3625
11.5322
11.6724
11.6548
11.8324
11.6843
11.5317
11.5106
11.3711
11.6906
11.3146
11.7016
11.569
11.5986
11.7938
11.519
11.4421
11.8177
11.5248
11.5819
11.4054
11.5844
11.3735
11.755
11.4672
11.4624
11.5082
11.4571
11.5107
11.4694
11.6813
11.3485
11.6659
11.2604
11.3446
11.4208
11.5445
11.4822
11.7796
11.45
11.7674
11.2953
11.7163
11.4226
11.4068
11.6316
11.5482
11.5215
11.402
11.5142
11.7939
11.6265
11.3881
11.3183
11.5232
11.7294
11.526
11.5599
11.2509
11.6382
11.3362
11.26
11.3301
11.5006
10.9453
11.3074
11.6842
11.4282
11.5448
11.7218
11.5695
11.5894
11.4894
11.4358
11.3514
11.2099
11.3798
11.3657
11.7805
11.3445
11.6706
10.9968
11.2222
11.3358
11.3091
11.3035
