0.0108801
0.0150645
0.0130066
0.0135559
0.0130863
0.0129735
0.0112029
0.00365817
0.00332963
0.00445948
0.00443793
0.00528509
0.00492063
0.00530518
0.00460245
0.00401367
0.00371478
0.00366027
0.00395531
0.00419792
0.00452445
0.00489866
0.00419439
0.00458319
0.00412841
0.00429411
0.00438563
0.00420527
0.0047279
0.00479288
0.00457589
0.00526697
0.00481367
0.00448584
0.00527948
0.00466239
0.00473206
0.00430788
0.0043063
0.00421884
0.00431679
0.00448554
0.00445064
0.0046459
0.00474291
0.00453188
0.00442535
0.00447458
0.0048252
0.00515893
0.00516886
0.00489863
0.00485958
0.00466142
0.0047081
0.00452465
0.0047766
0.00467503
0.00483613
0.00477534
0.00481251
0.00477757
0.00484866
0.00466694
0.00460665
0.00439653
0.00476086
0.00493856
0.00480768
0.00485915
0.00516802
0.00472877
0.00504992
0.00492682
0.0052224
0.00522403
0.00503019
0.00518689
0.00521722
0.00529206
0.00523035
0.00503059
0.00545022
0.00538294
0.00549887
0.00572986
0.00550058
0.00508015
0.0052566
0.00540819
0.00545529
0.00547826
0.0052692
0.00533848
0.00545239
0.00583539
0.00555741
0.0055714
0.00574608
0.00580485
0.00570971
0.00605844
0.00544897
0.00601164
0.00576202
0.00570745
0.00557732
0.00596984
0.00603944
0.00555965
0.00592338
0.00608316
0.00598597
0.00597152
0.0062935
0.00598573
0.00616619
0.00593425
0.00626824
0.00593194
0.00608102
0.00621569
0.00614984
0.00628597
0.00637136
0.00627592
0.00643018
0.00606301
0.00599499
0.00646351
0.0063536
0.00608834
0.00602923
0.00633672
0.0063049
0.00649049
0.00640544
0.00640273
0.00645024
0.00656837
0.00618259
0.00631191
0.00660446
0.00660849
0.00641971
0.00682194
0.00641973
0.00659129
0.00642727
0.00687161
0.0064855
0.00706656
0.00676574
0.00653093
0.00654912
0.00687467
0.00663715
0.00673001
0.00682379
0.00685109
0.00717751
0.00707274
0.00673173
0.00690773
0.00697027
0.00682076
0.00700902
0.0069399
0.0066679
0.00699859
0.00676698
0.00674364
0.00690613
0.00708244
0.00704074
0.00701064
0.00680062
0.00708403
0.00691448
0.00698671
0.00711418
0.00687315
0.00707122
0.00686056
0.0072987
0.00699442
0.00725596
0.00722835
0.00731507
0.00710099
0.00724391
0.00683908
0.00719855
0.00752702
0.00710076
0.00678149
0.00683396
0.00693465
0.00712857
0.00680512
