1.45183
1.3466
1.33892
1.46847
1.36242
1.32316
1.42381
1.45358
1.48183
1.44817
1.45097
1.40845
1.39724
1.41239
1.41052
1.40245
1.38458
1.46001
1.46922
1.48727
1.47982
1.44318
1.48828
1.47672
1.49298
1.41298
1.49133
1.4888
1.37579
1.39305
1.48892
1.49099
1.45953
1.31619
1.44345
1.43493
1.49109
1.4537
1.45927
1.49085
1.49113
1.49337
1.48871
1.46841
1.45033
1.42963
1.48301
1.45994
1.4662
1.49198
1.45291
1.44493
1.4809
1.46871
1.45487
1.49306
1.48967
1.49036
1.49127
1.49591
1.48415
1.47871
1.48677
1.47805
1.49345
1.49492
1.47229
1.48452
1.48275
1.4908
1.49086
1.49414
1.49285
1.43378
1.45341
1.48948
1.4442
1.49801
1.48849
1.49823
1.49194
1.47583
1.47715
1.49302
1.485
1.48591
1.4387
1.49199
1.47904
1.4911
1.46133
1.47016
1.48969
1.49321
1.50261
1.45599
1.45363
1.4901
1.4612
1.48644
1.47329
1.46569
1.48419
1.47067
1.47997
1.49271
1.49098
1.48703
1.45266
1.49402
1.49485
1.49775
1.49284
1.48816
1.48676
1.49679
1.47243
1.47802
1.48173
1.4889
1.49512
1.48797
1.49592
1.48952
1.48065
1.4922
1.4705
1.49115
1.48938
1.48996
1.48875
1.45546
1.49924
1.49028
1.48938
1.47612
1.46226
1.45644
1.49461
1.48463
1.48209
1.46141
1.48226
1.50227
1.49108
1.47133
1.49811
1.49346
1.50368
1.42969
1.49193
1.45796
1.43461
1.43183
1.46799
1.47718
1.4901
1.48687
1.48262
1.48519
1.46277
1.45396
1.48163
1.49004
1.49502
1.48825
1.44906
1.5137
1.47114
1.48729
1.41772
1.4591
1.49024
1.48708
1.43726
1.43902
1.48563
1.48258
1.44093
1.45929
1.44686
1.48849
1.48031
1.48881
1.43698
1.42696
1.47232
1.47955
1.48833
1.48468
1.44294
1.43405
1.449
1.41582
1.48757
1.46619
1.47425
1.4082
1.42823
1.48928
