106623
45765.2
24321.8
13655.1
9083.92
5286.11
3023.08
1554.04
4932.72
6186.48
4158.1
3582.06
3082.58
2847.63
4214.94
4609.29
4630.68
5125.08
6045.66
6016.74
7319.3
8180.64
8286.82
8189.3
8593.7
8341.04
9841.64
7761.41
9192.59
9892.81
10394.2
12252.9
12905.2
11453.9
12945.5
13363.7
14818.6
19769.3
23994.3
25494.9
41283.5
40412.6
70482.1
109453
113211
172414
142282
213190
133782
183142
164911
234910
212019
231314
264567
237724
359599
275866
336586
320469
328086
452103
481827
460248
573814
542949
584663
584025
732993
606583
745758
741681
653188
830192
916463
1.17751e+06
2.39657e+06
2.13515e+06
1.9102e+06
2.06107e+06
1.41484e+06
2.89968e+06
2.53182e+06
2.37988e+06
2.8559e+06
2.65597e+06
2.28306e+06
2.29562e+06
2.7177e+06
2.42838e+06
2.73524e+06
3.66646e+06
3.57017e+06
2.4499e+06
2.57133e+06
3.18801e+06
3.5556e+06
4.11738e+06
4.14631e+06
4.17261e+06
