8.13788
7.2844
6.57892
6.19657
5.92816
6.00349
6.09564
5.94909
6.07553
6.09534
6.1467
6.17115
6.1884
6.19139
5.84338
5.85205
5.97918
5.99896
5.81403
5.7114
5.67092
5.87976
5.53806
5.604
5.55888
5.45027
5.57044
5.68167
5.61239
5.57564
5.49145
5.54133
5.61648
5.51716
5.45162
5.41127
5.3391
5.15329
5.60397
5.77764
5.2118
5.35302
5.45035
5.15214
5.12808
5.22669
5.20386
5.35484
5.26829
5.19549
5.23121
4.87655
5.12241
4.85424
4.97762
4.79893
4.83792
4.92562
4.78072
4.93804
4.84895
4.75043
4.73517
4.73475
4.7458
4.6232
4.5543
4.43383
4.5392
4.48149
4.40021
4.35429
4.42096
4.32876
4.36953
4.44285
4.32605
4.29604
4.13303
4.24646
4.17302
4.2797
4.16726
4.19434
4.10001
4.12858
3.98604
3.94899
4.02839
4.03146
3.96612
3.82282
4.04028
4.01108
3.84016
3.87304
3.85285
3.83268
3.76702
3.73246
3.89671
3.72898
3.75571
3.74599
3.64962
3.81059
3.74213
3.71785
3.66761
3.66852
3.70315
3.71115
3.61025
3.46808
3.55123
3.49941
3.41888
3.46918
3.439
3.42842
3.32596
3.4208
3.45193
3.47056
3.27579
3.33145
3.44672
3.36488
3.28598
3.26817
3.33292
3.34559
3.38423
3.28913
3.24498
3.22663
3.22489
3.2645
3.20925
3.12732
3.17627
3.24587
3.17062
3.14644
3.08219
3.14739
3.11789
3.20494
3.15297
3.14101
3.08357
3.12397
3.00999
3.02485
3.04157
2.93164
3.0761
3.04367
2.99037
3.027
2.97707
3.0037
2.98132
2.96363
2.99787
2.99721
2.98346
2.87205
2.83452
2.968
2.90001
2.91644
2.92593
2.89064
2.81475
2.90001
2.87295
2.87265
2.97012
2.9455
2.95626
2.86011
2.89615
2.81713
2.82957
2.84172
2.86505
2.83648
2.89614
2.84107
2.90631
2.7116
2.83694
2.82116
2.82156
2.85515
2.76066
2.90032
2.81946
2.79078
