16.6995
10.8467
10.2691
12.7106
11.3033
11.7605
12.6027
10.9449
11.0689
11.4882
12.9371
12.811
9.97281
13.5103
11.7583
12.0057
9.73656
10.6072
11.3664
11.6577
14.2411
12.0744
12.6166
13.9963
11.6532
11.7343
10.255
11.6112
15.1381
14.082
11.0999
12.7734
11.5501
10.4751
12.1069
12.8237
12.0054
12.5527
12.052
10.9588
11.5385
12.0832
12.8417
10.9887
11.0865
11.4476
10.9427
11.2576
11.496
11.4957
11.3898
12.9574
11.6338
11.5817
11.648
11.0575
11.3154
11.5608
12.4393
11.7179
11.2218
11.5521
12.2692
11.0389
11.737
11.498
11.6169
12.0521
12.4765
11.4295
11.0655
11.6941
11.092
12.1863
12.5851
11.7704
11.1612
11.53
11.1729
11.2523
12.3135
11.0819
11.6342
11.1231
11.4561
11.8399
11.4161
11.3358
11.4118
11.5724
11.2836
11.0763
11.6363
11.7906
11.7545
11.1721
12.8662
11.6276
12.1946
11.5926
