0.222513
0.107671
0.106651
0.105869
0.133722
0.132423
0.134271
0.136666
0.141461
0.143942
0.1356
0.15089
0.152722
0.146643
0.143949
0.151291
0.152227
0.156439
0.162253
0.169631
0.170108
0.173825
0.186504
0.175599
0.190241
0.184262
0.189667
0.182305
0.188792
0.199292
0.200133
0.20394
0.195022
0.205673
0.20011
0.193778
0.201933
0.190943
0.203306
0.199971
0.19913
0.200494
0.203369
0.208458
0.204914
0.207784
0.208449
0.206382
0.213304
0.219771
0.216959
0.209756
0.207378
0.212599
0.222584
0.22069
0.220253
0.228412
0.222391
0.218282
0.226668
0.231336
0.228524
0.232251
0.23078
0.241198
0.228074
0.234265
0.224554
0.225132
0.22977
0.230531
0.229358
0.227995
0.236959
0.229114
0.228849
0.227611
0.227986
0.235018
0.232888
0.230361
0.228982
0.225646
0.233674
0.232783
0.238892
0.23684
0.24414
0.233598
0.236634
0.229875
0.235922
0.231322
0.232569
0.23678
0.238844
0.226605
0.232757
0.228734
