8.45918
7.2477
6.5148
9.78113
10.0974
11.5797
9.98642
8.12034
12.9459
10.3176
8.58304
9.02036
9.60591
8.39453
10.8748
10.9167
11.4062
12.5133
14.3496
12.1761
10.4159
10.6255
11.9841
10.6136
10.6606
12.6449
10.7597
10.8466
10.8797
10.2934
11.2444
10.5313
12.2492
10.7347
13.2527
11.3037
13.0003
10.4109
10.9268
11.0052
12.3042
9.72056
11.5544
11.1145
11.1745
9.87576
12.0414
9.33993
9.57206
9.85786
8.92989
11.1869
11.1599
11.7972
12.6338
11.0567
12.5187
12.3517
11.7296
11.6353
11.571
11.8022
12.1061
10.8637
11.5961
11.5766
10.7232
10.73
11.4455
11.2623
10.972
11.7018
12.3774
11.4058
11.0857
12.318
10.9138
12.0004
11.7676
11.7899
11.7826
12.6817
11.8328
12.0328
11.5227
13.4024
12.9899
12.4444
12.3667
12.8904
11.4307
11.6883
11.6171
12.8356
11.99
11.0443
11.5442
11.9006
11.7286
12.9575
