36.8828
36.7411
36.8192
36.7746
36.9091
36.8333
36.7982
36.8256
36.7367
36.6139
36.645
36.8642
36.7747
36.8272
36.7469
36.6694
36.6955
36.7265
36.7925
36.7547
36.8271
36.8898
36.7441
36.6239
36.7373
36.7321
36.8488
36.7939
36.6942
36.8688
36.6746
36.861
36.7504
36.8575
36.7592
36.7635
37.0274
36.6888
36.7879
36.8611
36.6067
36.7481
36.5847
36.6801
37.0641
36.5114
36.5827
36.2328
36.115
36.3999
36.6458
36.7954
36.6301
36.7781
36.7737
36.7277
36.5155
36.5164
36.2069
36.6513
36.1793
36.4585
36.8012
36.4278
35.9865
36.7582
36.7818
36.695
36.3543
35.8592
35.8228
36.5069
36.4548
36.3604
36.061
35.9883
35.9279
36.4291
36.3383
36.6965
36.4316
36.1371
35.6537
36.0868
35.6137
35.9774
36.3495
36.6236
36.6263
35.8787
35.7301
36.4514
35.2518
36.3772
36.5004
36.6908
35.9177
36.4286
36.6796
36.1409
36.7223
35.9085
36.5411
36.7607
36.6287
37.0553
35.6867
36.6023
36.5222
35.7801
36.9087
36.8998
35.8688
36.9422
37.0429
36.5521
35.7838
36.9723
35.5372
37.0147
36.1243
36.6534
36.5809
35.2997
35.692
36.6024
35.9099
36.438
35.5107
35.6228
36.7624
35.7767
36.0953
35.6346
36.9959
36.9482
36.8726
36.2728
36.4563
36.9758
36.0143
36.857
36.2754
36.8043
36.6726
36.9705
35.6365
37.2145
36.6064
37.0695
34.9973
35.0866
36.7624
35.5746
36.6507
36.4815
36.4533
36.9661
36.0751
34.7284
37.0288
36.4451
35.8998
36.5178
36.7398
37.0534
36.7375
36.4057
36.5756
36.0024
36.5803
35.1659
36.6607
36.7337
36.2989
36.8204
36.6726
36.1115
35.6819
37.0008
36.9444
36.5959
36.4909
36.3035
35.9913
35.8782
35.593
35.5418
36.205
36.0955
36.867
35.5372
35.4355
36.6869
36.8167
36.3157
36.1272
35.7854
37.0252
36.8204
