1.95682
2.02871
1.99134
2.0383
2.04491
2.02843
2.0022
2.0416
2.03855
1.96136
2.02999
2.0713
1.99402
1.98044
2.0058
2.00822
2.02296
2.03753
2.00817
2.02379
1.99018
1.9585
2.03299
1.97514
2.03526
1.97197
2.03425
2.01573
1.96982
2.02911
1.97638
2.00164
1.98533
1.99622
1.98372
2.04147
1.93873
2.00734
2.02566
1.96551
2.02994
1.82093
1.96498
1.96853
1.86002
1.85127
2.03025
1.91238
1.93794
1.80822
1.99639
1.84069
1.9851
1.91378
1.80301
1.99575
1.85321
1.91968
1.91749
1.78933
2.02204
1.85165
1.82853
1.7859
1.85311
1.93752
1.85168
1.85279
1.83589
1.80412
1.80046
1.81331
1.92036
1.78053
1.77682
1.94151
1.98156
1.80756
1.8244
1.80202
1.99302
1.88964
1.81196
1.87078
1.78876
1.79219
1.81309
2.03574
1.83523
1.79271
1.79286
1.81123
1.83248
1.84267
1.81062
1.8383
1.89281
1.863
1.81959
1.8107
1.79956
1.79615
1.95371
1.795
1.85571
1.91788
1.80884
1.91655
1.87863
1.81575
1.82521
1.90706
1.78864
1.79315
1.84629
1.81581
1.79223
1.81994
1.85505
1.84583
1.80165
1.80355
1.82229
1.80981
1.77854
1.82178
1.99591
1.78277
1.79873
1.81928
1.83781
1.77364
1.77289
1.79509
1.81464
1.93242
1.79905
1.78409
1.91986
1.81083
1.78725
1.79681
1.89839
1.82745
2.12979
1.82512
1.93337
1.81199
1.80352
1.81996
1.78885
1.78642
1.792
1.83603
1.96456
1.79919
1.79496
1.79377
1.93151
1.7827
1.79494
1.89479
1.79986
1.78722
1.82577
1.90199
1.81144
1.79343
1.81719
2.04612
1.79248
1.77423
1.86521
1.80358
1.80997
1.81438
1.84079
1.82053
1.76419
1.78699
1.79247
1.79729
1.80984
1.79284
1.81867
1.79864
1.76704
1.79667
1.80371
1.79718
1.81726
1.72738
1.81649
1.81135
1.7862
1.78272
1.79587
1.79493
1.78517
1.79948
