0.0134226
0.0270775
0.0411348
0.0556612
0.0706172
0.0858852
 0.101307
 0.116713
 0.131937
 0.146853
 0.161406
 0.175652
 0.189749
 0.203925
 0.218409
 0.233373
 0.248888
 0.264912
  0.28132
 0.297938
 0.314571
 0.331026
 0.347146
 0.362856
   0.3782
  0.39334
 0.408514
  0.42397
 0.439887
 0.456336
 0.473264
 0.490521
 0.507905
 0.525197
 0.542186
 0.558712
 0.574708
 0.590234
 0.605467
 0.620654
 0.636038
 0.651787
 0.667955
 0.684471
 0.701182
 0.717891
   0.7344
 0.750525
 0.766134
 0.781181
 0.795736
 0.809971
 0.824119
 0.838408
    0.853
  0.86795
 0.883204
 0.898635
 0.914078
 0.929362
 0.944328
 0.958861
 0.972921
 0.986577
