78.1131
77.9727
77.9742
78.0406
78.0516
77.9976
77.9811
77.9823
78.0042
77.9683
78.104
78.0426
77.8314
77.8172
77.8105
77.8605
78.0434
78.0257
77.9938
77.8552
78.0983
77.9602
77.908
78.0027
78.0981
78.0163
78.0159
78.063
77.87
77.722
78.0636
77.9762
78.0235
78.0449
77.819
77.9108
78.052
77.8145
77.979
77.7106
77.7162
77.8256
78.0547
77.8933
77.8769
78.0248
77.6328
77.7776
77.8872
77.6152
77.7009
77.9176
77.7384
77.9657
77.8472
77.926
77.6248
78.0369
77.5805
77.6357
77.3003
77.6413
77.9661
77.6505
78.0605
77.9848
77.592
77.2002
76.7274
77.6652
77.4958
77.8251
77.5645
77.9557
77.9127
77.8417
77.8965
77.1885
77.5472
77.6736
77.0107
77.2436
77.5982
76.6263
77.1661
77.3982
76.9928
77.6271
76.9823
74.9279
74.6915
77.8734
75.7589
77.1078
77.0469
77.0483
76.5467
75.9663
77.2373
76.7226
76.7709
77.6486
77.7002
76.8939
77.8486
77.4148
76.5664
76.8927
76.4994
75.9873
77.5022
77.1423
76.8757
76.0616
77.7691
77.1232
76.6055
77.5201
76.547
76.5359
76.0353
77.2962
77.1834
76.3928
76.3351
77.5875
76.6302
76.6452
76.9
76.6793
76.0013
76.0221
76.8638
77.4036
76.3569
77.0616
77.5522
76.3783
75.7416
76.556
76.9154
76.4416
76.9676
75.4048
77.1877
76.6825
76.7721
76.7204
76.7049
76.6259
75.9313
76.8124
76.4242
75.7255
75.5727
75.63
76.2624
75.6943
75.6706
76.3455
77.4113
76.2082
77.2623
75.6001
76.3452
76.213
76.0812
76.5389
75.6268
75.7313
76.5185
76.0258
77.1101
76.2556
76.5306
76.7788
74.1231
75.9399
75.8214
76.7787
75.9766
76.6388
76.0701
77.2318
75.8549
76.3858
76.0842
76.6208
76.0573
75.0034
75.5239
76.1895
76.5078
75.614
76.6749
75.9331
75.9426
75.6527
75.565
75.7272
