11.1525
13.3471
14.584
14.3756
13.4975
13.064
12.9474
12.5633
12.6753
12.6336
11.9183
12.1204
12.1627
12.5423
12.0357
12.0919
11.5686
12.5387
12.188
12.0619
12.2671
11.9974
12.0272
11.8813
11.5386
11.7051
11.3355
11.5231
11.736
11.5537
10.9718
11.0425
11.1775
11.295
10.9763
10.9725
11.3904
11.2566
11.1689
11.0104
10.9197
11.1046
10.2888
11.0748
10.4807
10.3642
10.4646
10.4988
10.4548
10.6449
10.4878
10.3166
9.9219
10.0985
9.99112
10.1188
10.1319
10.0887
10.2469
9.93481
9.94605
10.0154
9.79593
9.7138
9.81618
9.60032
9.40799
9.71542
9.47353
9.50714
9.40508
9.33822
9.34619
9.36739
9.17638
9.32329
9.25631
9.29954
9.12169
9.25041
9.03273
9.27282
8.93529
9.05501
9.02467
8.80805
8.809
8.83662
8.9209
8.56976
8.88194
8.68594
8.21157
8.62036
8.64608
8.18637
8.19465
8.36764
8.48104
8.12435
8.20729
8.21121
8.18193
8.10525
8.03154
8.06599
7.94597
7.91622
7.87233
7.9058
7.90318
7.87231
7.55859
7.67347
7.68444
7.63877
7.55357
7.76115
7.58284
7.44943
7.6449
7.30369
7.53218
7.33854
7.29132
7.53203
7.1515
7.45981
7.17208
7.26728
7.17328
7.07273
6.94512
7.32079
7.28853
7.54515
7.16082
7.01351
6.97406
7.08353
7.09567
7.17896
7.02286
7.04982
7.01654
6.95564
7.11563
7.07777
7.09784
6.75651
6.91481
7.1714
6.92127
7.0299
6.79016
6.97113
6.77567
6.87425
6.76517
6.71071
6.81632
6.6942
6.9117
6.7075
6.77431
6.9247
6.69845
7.05657
6.87267
6.69271
6.8717
6.96045
6.96903
6.97878
6.93326
7.09337
6.89956
7.05954
7.06455
7.22076
7.08936
7.09002
6.97333
7.23087
7.14451
7.30387
7.2844
6.98742
6.87027
6.90604
6.91056
7.01332
7.06313
6.92394
6.8045
6.89691
7.08817
6.98884
6.91766
7.06002
