89.8789
69.1506
128.268
173.643
248.375
670.081
1030.4
1482.91
2034.64
2116.52
2118.3
2704.4
2882.53
3094.58
3749
4481.22
5049.58
6021.39
6082.2
5943.92
5955.24
6102.72
5890.45
5936.94
6612.27
6882.33
6792.34
5640.75
6454.18
5881.07
5681.65
6202.25
5383.78
6248.41
5248.19
6265.19
6384.63
6280.32
5912.78
6638.61
8188.29
11173.8
18770
29780.3
24923
41565.5
63226
44534
58363
57836.9
57638.6
58097.9
52575.2
61798.2
84256.1
124428
188971
171445
673149
890920
967514
2.57552e+06
1.81505e+06
3.42182e+06
3.74296e+06
5.9078e+06
3.45698e+06
2.75308e+06
3.56403e+06
5.58391e+06
5.92819e+06
6.09185e+06
7.16901e+06
1.01018e+07
1.0127e+07
7.17397e+06
9.59173e+06
9.74896e+06
1.00201e+07
1.21528e+07
1.25134e+07
9.86234e+06
1.10767e+07
9.05172e+06
1.08277e+07
9.89867e+06
1.15818e+07
1.63701e+07
1.48911e+07
1.69639e+07
1.94512e+07
1.83494e+07
2.07891e+07
1.81725e+07
1.71969e+07
1.90471e+07
1.80501e+07
1.64771e+07
1.89585e+07
1.66523e+07
