98.7945
98.6465
98.8025
98.6181
98.6304
98.6174
98.8152
98.6053
98.7765
98.6614
98.8948
98.9416
98.5835
98.7938
98.8239
98.7995
98.8233
98.7742
98.8349
98.811
98.7912
98.9428
98.8419
98.8653
98.8019
98.6401
98.8406
98.7808
98.8927
98.915
98.8158
98.5361
98.9442
98.7733
98.6226
98.6581
98.6166
98.5981
98.3186
98.9102
98.8045
98.7244
98.3366
98.6368
98.2796
98.3809
98.6562
98.9131
98.4591
98.0584
98.7577
98.6613
98.5871
97.9197
98.5316
98.7152
98.1526
97.8258
98.709
98.552
98.2482
98.1975
98.2156
98.0318
98.4145
98.1945
98.1632
97.8021
98.0567
97.1809
98.031
96.813
96.8483
98.3244
96.9809
98.4478
98.1187
96.7944
95.9179
96.717
98.0841
97.0465
97.2635
97.1187
96.8828
97.0496
97.2682
98.2722
98.1758
96.5659
95.1584
97.8241
96.0814
97.9164
97.3893
97.2323
96.2995
95.911
96.3853
96.3528
96.9987
95.9801
96.7745
98.183
96.8633
96.1279
96.8664
97.319
97.0837
96.8862
95.7174
96.691
97.7536
97.4059
96.7238
96.6331
95.6364
96.9491
97.7548
95.1953
94.7495
94.3339
95.9351
94.95
96.6185
98.4814
95.2817
95.0122
95.7049
97.0001
97.2916
96.8656
95.8117
95.8817
95.9656
96.9956
96.6374
96.2347
97.7267
95.7523
96.4291
97.185
96.1682
95.6965
95.7794
96.4631
95.8973
94.8405
97.1903
96.5153
96.4464
94.7269
95.7965
96.3441
96.1617
94.6559
95.9658
94.8428
95.6713
95.6568
95.413
94.8005
95.8262
95.756
94.8795
95.418
95.5775
96.9974
95.7511
94.7689
93.3471
94.4376
94.7114
95.5109
94.3665
97.2101
95.7779
93.8857
95.327
95.8346
94.9824
94.7925
94.5705
97.1711
95.8601
95.0686
95.4336
95.7059
95.5342
94.6514
94.8143
96.4686
93.6286
94.8746
95.6834
95.6682
94.9997
94.6282
94.6498
95.1025
