5.34053
4.48949
4.86719
4.90852
5.06481
5.07054
4.92638
5.09464
5.11606
5.21993
5.20747
5.30094
5.33825
5.33917
5.28379
5.24556
5.24253
5.21824
5.06069
5.21248
5.29332
5.16996
5.34937
5.43869
5.1912
5.13239
5.29333
5.25843
5.1308
5.27479
5.17814
5.29024
5.15397
5.19302
4.90388
4.65416
3.84429
3.07901
2.44302
2.25064
2.59577
2.70959
2.67277
1.81353
1.67421
1.87328
1.93939
1.66059
2.02644
2.34201
1.90474
2.06854
1.97841
2.25411
2.12679
2.14302
2.23763
2.21602
2.40025
2.28609
2.24007
2.31279
2.25781
2.27065
2.3938
2.4033
2.27643
2.36849
2.37653
2.42998
2.29695
2.31284
2.26317
2.33455
2.36484
2.3511
2.301
2.34261
2.3045
2.31993
2.35263
2.36018
2.36071
2.37268
2.25389
2.25856
2.36335
2.28766
2.23591
2.26633
2.20685
2.39208
2.31522
2.20716
2.23661
2.18033
2.29021
2.26491
2.28929
2.14449
2.18374
2.21425
2.21422
2.24925
2.17485
2.14664
2.21317
2.10147
2.10805
2.10947
2.17089
2.13918
2.01252
2.04132
2.08036
2.13773
2.08112
2.01043
2.07157
1.98538
1.91298
1.93095
2.0087
1.89047
1.96207
1.91756
1.93826
1.92423
1.89705
1.7909
1.85311
1.80728
1.77611
1.70391
1.76861
1.83358
1.8163
1.82152
1.75354
1.7703
1.84342
1.7571
1.75839
1.82254
1.78529
1.73843
1.84865
1.7535
1.77743
1.65805
1.72117
1.71973
1.70947
1.7687
1.74098
1.69107
1.7024
1.77138
1.78398
1.78026
1.78042
1.79661
1.68036
1.71105
1.67897
1.74616
1.73336
1.75261
1.73608
1.73517
1.78218
1.73185
1.75612
1.76923
1.72662
1.78146
1.71177
1.71384
1.76801
1.71801
1.77522
1.77186
1.7321
1.75201
1.74744
1.68882
1.732
1.71106
1.73372
1.71565
1.58852
1.68249
1.73934
1.78658
1.78968
1.68336
1.69888
1.7932
1.73099
1.76245
