0.00899353
 0.0176544
 0.0262991
 0.0353445
 0.0445684
 0.0535483
  0.062481
 0.0718636
 0.0816062
 0.0912188
  0.100756
  0.110773
  0.121333
  0.131908
  0.142385
  0.153342
  0.165024
  0.176895
   0.18865
  0.200849
  0.213929
  0.227395
  0.240735
   0.25442
  0.269087
  0.284341
  0.299457
  0.314749
  0.331023
  0.348051
  0.364931
  0.381745
  0.399412
  0.417937
  0.436315
  0.454346
  0.472982
  0.492498
    0.5119
  0.530702
  0.549784
    0.5697
  0.589582
  0.608695
  0.627756
  0.647553
  0.667441
  0.686507
  0.705234
  0.724567
  0.744144
  0.762961
  0.781225
  0.799949
  0.819075
  0.837598
  0.855434
  0.873579
   0.89227
  0.910575
   0.92814
  0.945859
  0.964236
  0.982482
