0.13614
0.155262
0.130859
0.0920618
0.0985647
0.0933007
0.0939628
0.0963409
0.0979897
0.0954065
0.0932665
0.09421
0.0945486
0.092778
0.0901913
0.0931237
0.0271595
0.0149472
0.0148378
0.0148955
0.0151413
0.0148237
0.015541
0.0154417
0.0158409
0.014916
0.0154488
0.0151339
0.015107
0.0153316
0.0151441
0.0151676
0.0155102
0.0150479
0.01491
0.0151792
0.0149603
0.015478
0.0146452
0.0154327
0.0153632
0.0153232
0.0153722
0.0150474
0.0146584
0.0141149
0.0134334
0.0111239
0.00995777
0.00944921
0.00911405
0.00861421
0.00899966
0.00914018
0.00833304
0.00886484
0.00882432
0.00846645
0.00847153
0.00855425
0.00843655
0.00829793
0.00792328
0.00838383
0.00785605
0.00820963
0.00818019
0.00842411
0.00778149
0.00807605
0.00823626
0.0082695
0.00806581
0.00817766
0.007636
0.00711627
0.0070115
0.00588511
0.00581609
0.00658704
0.00661118
0.00657339
0.00644115
0.00611937
0.00634077
0.00622911
0.00650301
0.00590271
0.00636898
0.00650295
0.00619736
0.00583917
0.00566364
0.00609055
0.0058877
0.0061096
0.00593351
0.00595884
0.00592369
0.00601858
0.00590103
0.0059602
0.00567465
0.00604212
0.00575715
0.0059698
0.00580875
0.00590897
0.00627403
0.00567356
0.00533534
0.00557674
0.00591171
0.0055872
0.00599496
0.00554301
0.00553024
0.00513819
0.00531756
0.0054176
0.00564178
0.0058334
0.00560986
0.00517751
0.00526243
0.00494463
0.00519289
0.00540176
0.00507682
0.00489429
0.00500741
0.00484802
0.00506283
0.00478313
0.00464221
0.00462857
0.00528582
0.00497294
0.00476995
0.00485099
0.00498058
0.00498736
0.00472483
0.00479643
0.00444972
0.00486466
0.00474395
0.00505133
0.0045924
0.0043533
0.00460917
0.00451363
0.00466016
0.00447462
0.00460355
0.00456132
0.00462776
0.00443855
0.00440316
0.00463932
0.00455246
0.00450813
0.0046523
0.00443598
0.00441692
0.00453119
0.00460805
0.00440941
0.00410993
0.0047014
0.00434254
0.00438851
0.00430718
0.00431987
0.0041492
0.00427669
0.00424632
0.00447524
0.0042453
0.00432565
0.00448041
0.00410905
0.00432951
0.00456718
0.00437851
0.00456628
0.00428925
0.00413032
0.00434527
0.00402055
0.00423496
0.0041573
0.00431449
0.00417343
0.00430059
0.00436204
0.00426349
0.00427455
0.00396159
0.00401372
