16.202
15.4835
16.9907
12.5176
13.7337
14.5259
14.6281
16.4564
17.9963
14.9754
16.9797
14.1705
16.9486
15.8728
16.0178
15.2948
16.6079
15.3762
15.5744
17.2805
16.3863
16.4876
14.3885
17.9822
16.2093
15.4291
16.5706
15.7081
16.6781
16.9872
17.6297
16.5698
16.5316
16.7336
16.7752
17.0872
16.4409
15.6459
16.6214
16.2806
15.8245
16.6301
16.3559
16.4738
16.4996
17.1093
15.7752
16.1722
16.0472
16.5974
15.8052
16.2382
15.4729
15.2255
16.0662
15.5399
16.2961
15.2718
15.4371
16.2123
15.6323
15.904
15.5669
15.554
15.9654
15.009
15.9317
15.0397
14.8004
14.6881
14.893
14.8658
14.6799
15.1421
14.4982
14.7381
15.5452
15.3707
15.1176
15.5075
15.3327
16.0633
15.1498
15.0292
14.6087
14.702
15.0761
15.0261
14.6111
13.8213
14.7959
14.5954
15.4152
14.9398
14.2885
14.8811
15.5143
14.8734
14.7715
14.4122
