0.470036
0.653638
0.694012
0.63494
0.650725
0.675521
0.696014
0.690076
0.688425
0.731865
0.717515
0.715313
0.735539
0.66761
0.419996
0.290943
0.197935
0.174837
0.168953
0.170666
0.182795
0.192685
0.187768
0.210505
0.235655
0.231122
0.231529
0.23432
0.259415
0.248285
0.246225
0.250309
0.254319
0.254391
0.26356
0.266265
0.26781
0.273431
0.277742
0.285491
0.278935
0.269157
0.306939
0.307856
0.311509
0.318495
0.316688
0.323598
0.325033
0.314126
0.304681
0.317154
0.327746
0.323565
0.321077
0.338418
0.330137
0.345878
0.347163
0.331395
0.342678
0.335396
0.329127
0.344985
0.339587
0.34078
0.340179
0.344831
0.348862
0.365049
0.343488
0.381074
0.359588
0.334271
0.359919
0.364021
0.370925
0.364287
0.384426
0.373776
0.369674
0.369739
0.366675
0.373525
0.368908
0.389536
0.37625
0.379274
0.36918
0.377405
0.375193
0.375377
0.374248
0.392099
0.378153
0.365787
0.373794
0.368633
0.363166
0.368625
0.368414
0.367783
0.352681
0.357925
0.348725
0.360537
0.355286
0.359625
0.345472
0.33876
0.348012
0.337554
0.349504
0.355554
0.33817
0.339319
0.345546
0.345912
0.337061
0.347776
0.349461
0.336202
0.341137
0.338372
0.339592
0.344263
0.339729
0.342775
0.349779
0.349182
0.338912
0.346844
0.340613
0.35559
0.344306
0.340384
0.354486
0.337011
0.34912
0.353577
0.352693
0.350661
0.344593
0.347051
0.34198
0.344379
0.350198
0.355295
0.350001
0.350885
0.358154
0.364244
0.347548
0.352046
0.375084
0.363773
0.355602
0.368876
0.36446
0.364319
0.36905
0.382189
0.375178
0.375633
0.375813
0.365602
0.379183
0.366298
0.368769
0.377009
0.380861
0.370472
0.37541
0.377478
0.369841
0.389308
0.378372
0.39317
0.380357
0.380136
0.370885
0.383755
0.378657
0.402069
0.395514
0.391339
0.385717
0.401896
0.391298
0.383847
0.380885
0.390328
0.395006
0.388822
0.396473
0.378458
0.383134
0.385721
0.376741
0.384981
