10.4357
10.8048
10.2806
10.398
10.8864
9.99534
10.3355
11.1016
10.5061
10.4734
10.8482
10.8251
10.4288
9.31495
10.672
10.6558
10.937
10.6581
10.6717
10.5893
11.1743
10.4575
10.9181
10.7508
10.1151
10.7495
10.8748
9.90471
11.3848
10.7637
11.1989
11.2588
11.096
10.5074
11.312
10.8995
10.7683
11.1696
10.8128
10.7178
10.4956
10.762
10.879
10.1744
11.1806
10.7818
10.712
10.7515
10.887
10.7712
10.7141
10.7639
10.7987
10.8077
10.7493
10.4922
10.4907
11.1875
11.0078
11.1045
10.923
10.7862
10.5043
11.1843
10.4989
11.2709
10.7445
10.7691
10.4746
11.2886
10.9857
10.685
11.2393
10.8352
11.0936
10.7227
10.7414
11.1964
11.092
10.9241
11.1182
10.5154
10.8674
11.092
10.7464
11.2789
11.2322
11.2239
10.6632
10.2886
10.585
11.2103
11.2571
11.1701
10.8011
10.8621
10.9993
10.4522
10.731
10.8045
11.1468
11.1822
11.1102
11.2827
10.8871
11.2568
11.3016
11.3657
11.2497
10.7593
11.1635
10.8511
11.1664
11.1637
10.8018
11.2447
11.0634
11.2664
10.969
10.7322
11.2899
10.7699
10.7882
11.1409
11.1319
11.0796
10.911
11.1929
11.3107
10.7767
11.17
10.7831
10.7315
10.4756
11.1235
11.2969
10.8511
11.1446
11.124
10.9873
11.0252
10.69
10.8449
10.7315
10.8965
10.8756
10.8402
11.0813
11.2786
11.1997
10.8043
10.8391
11.0097
11.2267
11.1939
10.9347
10.9762
10.7401
11.0914
10.9562
10.8892
11.3195
10.8316
11.2524
10.9801
10.8504
10.7221
10.9003
10.6948
11.1848
11.3463
10.8751
10.5203
10.7953
10.9005
10.7651
10.8454
10.7989
10.9384
10.3814
11.0368
10.9415
11.2883
10.8422
11.2291
10.8798
10.7343
11.223
11.0853
10.6148
10.7623
10.917
11.1836
10.7554
10.5293
10.821
10.8061
10.7988
10.6564
10.6741
