  0.01869
0.0374413
0.0561917
0.0748883
 0.093627
 0.112498
 0.131416
 0.150253
 0.169026
 0.187815
 0.206613
 0.225395
 0.244248
 0.263259
 0.282346
 0.301352
 0.320255
 0.339135
 0.358019
 0.376878
 0.395754
 0.414727
 0.433763
 0.452746
 0.471651
  0.49056
 0.509516
 0.528463
 0.547364
 0.566263
  0.58518
 0.604071
 0.622936
 0.641866
 0.660908
 0.679967
 0.698928
 0.717802
 0.736649
 0.755469
 0.774273
 0.793152
 0.812149
 0.831145
 0.850002
  0.86876
 0.887518
 0.906264
 0.924965
 0.943696
 0.962506
 0.981301
