10.283
12.315
10.0961
12.6204
10.854
10.7945
12.4441
12.8222
10.0816
12.0905
11.283
12.3417
12.8628
14.0945
10.2727
12.9321
12.6395
11.2847
14.2243
13.7271
13.9723
14.0116
14.3897
10.9777
11.4525
11.1859
13.2627
12.2992
11.2286
11.3418
11.9767
13.1277
13.3225
12.7172
14.6773
14.1233
13.4323
13.7723
12.4572
13.0596
13.4403
12.7461
13.924
13.6181
13.2703
13.5942
14.7501
12.9148
13.1626
13.4603
13.3346
14.6891
13.4072
13.7919
12.5755
13.4005
13.7788
12.5999
13.124
14.4522
13.2071
14.1582
15.4926
12.2653
13.3294
12.89
13.4714
13.2847
13.3934
13.7182
13.4011
13.8978
15.3492
13.1485
13.5587
14.1118
12.9548
13.4589
14.6574
14.0599
13.5993
15.099
14.4536
13.9224
13.471
13.6209
13.3811
13.3567
13.6472
14.5001
13.3186
13.9728
13.5614
13.4391
12.7225
13.2829
13.4848
12.9962
13.1028
13.4318
