10.1212
8.78605
10.9341
10.4252
10.9378
10.8782
12.3198
8.82469
13.5296
11.1977
12.0919
10.4024
10.6084
11.2298
11.1734
11.3881
12.3661
12.1097
12.3514
11.6574
10.8828
10.6331
11.4053
12.8813
11.2113
12.5944
13.0179
13.0076
12.7372
11.4827
13.0705
11.9967
12.4485
11.1406
13.7865
13.5738
13.3396
12.7993
12.2134
10.9961
12.1429
13.8265
12.3586
12.0961
11.7598
11.9221
11.9923
13.3175
11.9313
12.2922
12.6016
13.2941
13.0778
13.8935
13.8632
12.5001
13.0576
13.6214
13.8755
13.5318
13.5528
13.3703
12.7965
13.8653
13.8122
12.7768
13.08
11.9354
12.6292
12.3853
12.7942
12.6431
13.6433
13.4762
11.8218
12.503
12.8011
13.3363
13.0138
13.898
13.2198
12.7999
13.753
13.9972
13.9733
14.1439
12.4207
13.9881
13.8059
13.466
12.9301
13.8322
12.9253
13.8542
13.7695
13.3494
13.3322
14.1184
14.2477
13.2893
13.2986
14.7184
13.6544
14.64
13.0201
14.2408
14.2281
14.1654
13.8733
14.6853
14.2156
14.001
14.0132
14.3527
14.3618
13.343
14.3228
13.4293
13.9726
14.4982
13.2739
13.8804
13.2319
14.4359
13.9134
12.451
14.1775
14.0252
14.0542
14.3384
14.0267
13.9086
14.0548
13.4427
14.075
13.4173
14.038
14.2609
14.2425
13.2464
14.7674
14.0729
14.2997
13.422
13.8615
13.9385
14.2238
13.1849
12.9096
14.0072
14.2393
14.3798
14.1469
14.3919
13.877
13.1057
14.3085
14.0143
14.4638
13.1778
13.8464
14.1983
13.8275
13.2236
14.0484
13.9363
14.3079
14.0886
13.8367
14.0764
14.0626
14.2479
13.851
14.2487
13.806
13.7433
14.0359
14.1376
14.4456
13.062
13.172
13.5723
14.0435
13.9435
14.2495
13.7342
13.4504
14.0011
13.1959
14.1222
13.1784
13.8641
13.5001
14.3218
13.6176
13.1732
13.8833
13.8068
14.1787
14.3142
