0.0817696
0.110106
0.0439351
0.0328679
0.0456884
0.0420311
0.0482464
0.0280368
0.0387171
0.0226036
0.0346436
0.0550144
0.0610979
0.0571784
0.0421092
0.042724
0.0496285
0.056375
0.0509168
0.048807
0.0494745
0.0624089
0.0389468
0.0391884
0.0495628
0.0394391
0.0494198
0.0348618
0.0448284
0.0344591
0.0314842
0.0409751
0.0437107
0.0375304
0.0292192
0.0398007
0.0245784
0.0310975
0.0296211
0.0467493
0.0446684
0.0403006
0.0368159
0.0353308
0.0338113
0.0447172
0.0333972
0.0387366
0.0383452
0.0370486
0.036904
0.0411802
0.0380258
0.0380995
0.0479824
0.0378208
0.0462185
0.0341407
0.0418924
0.0449092
0.0327152
0.0342087
0.0375368
0.0296354
0.0326907
0.0320977
0.0256231
0.0264851
0.0302615
0.0283778
0.0316866
0.0301293
0.0335042
0.037197
0.0203862
0.0412397
0.030929
0.0255414
0.0258796
0.0373615
0.0258124
0.0367145
0.0317494
0.0332277
0.0327537
0.0329997
0.0441382
0.0295837
0.0264105
0.0240953
0.0363012
0.0325318
0.0366113
0.0407265
0.0347064
0.0450516
0.0399183
0.0421246
0.036892
0.0385307
