18.148
18.1492
18.2585
18.1581
18.3151
18.4623
17.8673
18.4142
18.2958
18.3258
18.3573
18.3583
18.4393
18.325
18.3711
18.3695
18.2483
18.4733
18.3254
18.2892
18.4782
18.3348
18.4654
18.4084
18.4334
18.4505
18.3228
18.4407
18.3053
18.4741
18.3649
18.2016
18.4111
18.2504
18.4362
18.1383
18.4213
18.5207
18.2903
18.5231
18.3517
18.376
18.2799
18.3056
18.3216
18.2229
18.4819
18.3716
18.4684
18.4602
18.4872
18.4224
18.3492
18.4702
18.2277
18.3183
18.4588
18.2296
18.1522
18.3762
18.2389
18.316
18.244
18.2916
18.3223
17.9243
18.0768
18.2402
18.4048
18.4298
18.3172
18.3667
18.0398
18.2263
18.2691
18.4031
18.0838
18.3661
18.2571
18.3022
18.3732
18.3922
18.4032
18.2943
18.2986
18.2351
18.2674
18.3332
18.2481
18.3631
18.2771
18.3959
18.1545
18.2382
18.3132
18.4225
18.2772
18.134
18.2138
18.1563
