0.0176266
0.0108029
0.0107144
0.0108508
0.0106065
0.0105766
0.0107023
0.0110221
0.0106576
0.0108085
0.0105533
0.0105679
0.010599
0.0103214
0.0103924
0.0102724
0.0102742
0.009949
0.0068216
0.00298497
0.00388734
0.00436219
0.00436309
0.0043421
0.0046276
0.00385604
0.00399171
0.00436756
0.00387212
0.0040148
0.00387004
0.00305889
0.00240589
0.00305595
0.00315818
0.00342254
0.00323961
0.00334052
0.00330843
0.00323713
0.00306798
0.00305584
0.00324649
0.00311577
0.00342902
0.00328967
0.00320618
0.00303917
0.00339722
0.00334943
0.0034282
0.00327999
0.00327713
0.00318689
0.00314713
0.00327326
0.00338055
0.00320227
0.0032834
0.00330583
0.00331896
0.00326785
0.00328205
0.00329135
0.00333893
0.00353821
0.00350293
0.00352504
0.00345615
0.00328502
0.00340249
0.0036121
0.00342677
0.00363151
0.00360784
0.00353707
0.00365043
0.00353125
0.00338899
0.00372113
0.00330851
0.00343587
0.00360146
0.0036747
0.00345833
0.00357924
0.00334602
0.0036025
0.00363696
0.00361073
0.0036154
0.00367001
0.00344855
0.00382604
0.00356517
0.00344714
0.00361794
0.00363588
0.00360885
0.00358532
0.00362209
0.00362037
0.00378889
0.00370386
0.00360926
0.00388059
0.00375411
0.00354144
0.00380883
0.00364519
0.00363365
0.00360497
0.00370812
0.00357184
0.00377634
0.0036283
0.00351862
0.0035793
0.00358793
0.00359689
0.00360872
0.00373691
0.00337894
0.00365384
0.00359807
0.00352391
0.00362382
0.00354894
0.00362326
0.0033692
0.00371997
0.00337233
0.00348471
0.00346696
0.00339266
0.00335397
0.00330784
0.00344606
0.00325017
0.0034197
0.0032143
0.00328702
0.00329602
0.00327005
0.00322526
0.003304
0.0032967
0.00323654
0.00306872
0.00322505
0.00297738
0.00300185
0.00302908
0.00313203
0.00298445
0.00310583
0.00311706
0.00288454
0.00299984
0.00308579
0.00296193
0.00301618
0.00305602
0.00296832
0.00293522
0.00291633
0.00290726
0.0029122
0.00302661
0.00296168
0.00287231
0.00302625
0.00300784
0.00307626
0.00308591
0.00290473
0.00293401
0.00307062
0.00293228
0.00306385
0.00306296
0.00308804
0.00291248
0.00290483
0.00288577
0.00301454
0.00300179
0.00302083
0.00281205
0.00299016
0.00286702
0.00293105
0.00301997
0.00285191
0.00291238
0.00288139
0.00298251
0.00295196
0.00295002
0.0028749
