71.8524
66.6926
62.256
60.0943
67.7691
65.21
68.7753
68.3485
69.5709
67.6244
71.3719
70.5255
71.4287
70.3336
69.6005
71.1914
72.436
71.1403
70.0833
71.0529
71.4269
70.9145
69.6549
71.0899
72.5359
69.2263
69.5276
68.3447
71.8825
70.2217
70.3154
66.6767
65.4275
64.3548
57.6136
54.917
48.9812
44.0154
40.2605
34.7296
32.2922
27.4752
27.4118
27.2452
25.5938
25.3581
27.3217
25.6908
27.1104
27.9392
27.4056
27.573
27.3841
27.0225
28.4849
28.2826
28.2748
27.7855
28.0297
29.0766
28.6899
28.3933
27.5629
27.7127
28.3715
29.5559
27.294
28.1301
27.4595
28.8271
27.6891
30.5312
27.9045
29.7212
28.8295
27.5643
29.9859
27.6116
28.5314
28.99
27.4863
28.4118
25.1649
23.8357
22.7797
22.7347
23.0021
24.7002
25.1676
26.204
26.4726
26.3346
26.3292
27.7817
27.1472
28.4695
27.648
28.8551
27.8676
28.3135
28.6997
27.0798
26.9084
27.8815
27.8272
29.2034
28.835
29.5737
28.8315
28.5039
28.9163
29.5368
28.9607
29.355
28.9007
29.4621
27.2116
29.1282
28.4789
28.2436
30.0682
28.6239
28.9921
29.5356
29.0462
29.1246
28.7
27.6125
29.5898
28.8928
28.7253
28.5171
28.3551
27.427
28.0927
28.0879
28.832
29.5335
28.2853
27.6564
28.9797
28.7891
28.5713
28.3919
28.7021
26.8459
28.1507
28.666
28.7837
28.0679
29.9153
28.3116
28.5348
27.8065
28.8044
27.8033
26.8846
27.0659
28.1312
27.9047
27.5005
28.612
28.171
27.9978
28.0936
27.0605
27.2297
26.6643
28.7144
28.7703
26.5336
27.4453
28.2998
26.9155
27.0717
26.8689
27.8024
27.0908
27.438
27.1729
25.7391
27.1496
27.2474
26.839
26.128
26.9305
26.4849
26.4086
26.6622
26.2893
26.6863
26.2634
26.0576
26.5389
26.4028
25.9001
25.6054
25.9094
25.445
26.4978
