84.6685
84.442
84.7597
84.71
84.352
84.7458
84.4927
84.7343
84.772
84.5324
84.7575
84.7201
84.6629
84.8144
84.8147
84.81
84.7649
84.5394
84.7351
84.6832
84.7557
84.6685
84.5501
84.6699
84.6652
84.7704
84.6763
84.7337
84.536
84.6257
84.676
84.7289
84.6217
84.8132
84.7712
84.6921
84.6141
84.7599
84.6686
84.3689
84.6258
84.6645
84.6662
84.3872
84.5622
84.4849
84.6229
84.5503
84.408
84.4539
84.6854
84.4119
84.3514
84.5861
84.6132
84.0331
84.349
84.5958
84.1417
84.2913
84.4406
84.6252
84.4646
84.1284
84.6131
84.0702
84.3263
84.2498
84.7392
84.7538
84.5037
84.4899
84.1405
84.4559
84.2234
84.3342
84.0866
84.5575
84.3501
83.8015
83.7312
83.6793
83.7112
83.5739
82.831
82.5296
84.0222
83.98
83.0085
83.6587
83.646
82.9717
83.1329
83.7658
83.1932
83.9515
83.8308
82.7805
82.8827
82.9618
82.7897
83.4169
84.2859
82.8906
83.694
83.2223
82.7593
83.3938
82.6594
82.9366
82.7513
83.1777
82.6479
83.1495
83.1867
83.5228
83.3578
83.5528
82.5113
83.4347
82.4083
82.5085
83.08
82.5263
82.1306
83.0397
82.4648
83.0044
83.7356
82.4312
82.5795
83.0382
82.9387
83.4576
81.8053
81.2166
83.1226
82.1834
82.5428
82.6887
82.6662
83.4219
83.2485
82.3557
82.0028
83.5952
82.4459
80.765
83.0959
82.843
83.5996
81.2602
81.8946
82.3321
81.5665
82.5264
82.7216
81.7589
81.8367
81.9496
82.0905
82.8547
81.5412
81.712
82.6952
83.6297
82.6181
81.9841
82.2639
81.7767
82.2606
81.4902
83.0084
82.6178
81.1445
81.8641
82.6016
82.0398
82.6315
82.6128
83.0729
82.0196
82.356
82.3287
81.2944
81.9727
82.5785
83.4457
81.1304
83.2926
83.2069
82.3113
82.7134
83.3091
82.2751
83.1168
82.1949
82.0654
81.5132
82.1695
